#   index    LocalEnergy         LocalEnergy_sq      LocalPotential      Kinetic             ElecElec            IonIon              LocalECP            NonLocalECP         BlockWeight         BlockCPU            AcceptRatio         
         0   -6.2163379487e+00    3.8713229845e+01   -1.0007371165e+01    3.7910332166e+00    8.4900663651e+00    7.0352107511e+00   -2.6408375218e+01    8.7572693680e-01    1.6800000000e+02    8.0149975501e-03    5.4427083333e-01
         1   -6.2603143727e+00    3.9260075286e+01   -1.0398331363e+01    4.1380169899e+00    8.3505885281e+00    7.0352107511e+00   -2.6695739722e+01    9.1160908038e-01    1.6800000000e+02    7.4922656138e-03    5.4471726190e-01
         2   -6.2710829896e+00    3.9370573127e+01   -1.0061483399e+01    3.7904004095e+00    8.4493899251e+00    7.0352107511e+00   -2.6388769331e+01    8.4268525522e-01    1.6800000000e+02    7.4881816867e-03    5.4386904762e-01
         3   -6.2784306882e+00    3.9570195108e+01   -1.0529577427e+01    4.2511467389e+00    8.4649316087e+00    7.0352107511e+00   -2.6948620018e+01    9.1890023152e-01    1.6800000000e+02    7.4929583835e-03    5.4706845238e-01
         4   -6.2817955768e+00    3.9487540747e+01   -9.9737294532e+00    3.6919338764e+00    8.4477275771e+00    7.0352107511e+00   -2.6138222407e+01    6.8155462595e-01    1.6800000000e+02    7.5088736900e-03    5.4388392857e-01
         5   -6.2866009994e+00    3.9576682042e+01   -1.0129366037e+01    3.8427650380e+00    8.3319603678e+00    7.0352107511e+00   -2.6098290532e+01    6.0175337557e-01    1.6800000000e+02    7.5016105278e-03    5.4485119048e-01
         6   -6.2817212255e+00    3.9500070153e+01   -1.0392203247e+01    4.1104820211e+00    8.3781406663e+00    7.0352107511e+00   -2.6414501224e+01    6.0894656027e-01    1.6800000000e+02    7.5059136144e-03    5.4389880952e-01
         7   -6.2661991467e+00    3.9365494538e+01   -1.0237917638e+01    3.9717184911e+00    8.3741561784e+00    7.0352107511e+00   -2.6414792231e+01    7.6750766349e-01    1.6800000000e+02    7.4876711286e-03    5.4361607143e-01
         8   -6.2868990724e+00    3.9578188943e+01   -1.0230139153e+01    3.9432400802e+00    8.4272593839e+00    7.0352107511e+00   -2.6494148034e+01    8.0153874640e-01    1.6800000000e+02    7.4917970407e-03    5.4041666667e-01
         9   -6.2653106341e+00    3.9300921356e+01   -1.0251341098e+01    3.9860304641e+00    8.3536186651e+00    7.0352107511e+00   -2.6436551865e+01    7.9638135100e-01    1.6800000000e+02    7.5247104716e-03    5.4232142857e-01
        10   -6.2546929113e+00    3.9155115510e+01   -1.0078976970e+01    3.8242840590e+00    8.3001322625e+00    7.0352107511e+00   -2.6099495176e+01    6.8517519174e-01    1.6800000000e+02    7.4552366486e-03    5.4328869048e-01
        11   -6.2656733747e+00    3.9305660675e+01   -1.0057042229e+01    3.7913688544e+00    8.4912247339e+00    7.0352107511e+00   -2.6312099362e+01    7.2862164762e-01    1.6800000000e+02    7.4892106508e-03    5.4471726190e-01
        12   -6.2712641055e+00    3.9383699169e+01   -1.0155652170e+01    3.8843880648e+00    8.4186709025e+00    7.0352107511e+00   -2.6412886007e+01    8.0335218345e-01    1.6800000000e+02    7.4513188540e-03    5.4010416667e-01
        13   -6.2824700047e+00    3.9544256488e+01   -1.0103476770e+01    3.8210067653e+00    8.3082260514e+00    7.0352107511e+00   -2.6531848392e+01    1.0849348199e+00    1.6800000000e+02    7.4493375635e-03    5.4159226190e-01
        14   -6.2972426950e+00    3.9692416300e+01   -1.0211179227e+01    3.9139365323e+00    8.4319777389e+00    7.0352107511e+00   -2.6325440018e+01    6.4707230075e-01    1.6800000000e+02    7.4922099789e-03    5.4550595238e-01
        15   -6.2679697066e+00    3.9333192621e+01   -1.0278341628e+01    4.0103719211e+00    8.5188640898e+00    7.0352107511e+00   -2.6756816152e+01    9.2439968293e-01    1.6800000000e+02    7.4862830138e-03    5.4160714286e-01
        16   -6.2656402866e+00    3.9310332730e+01   -1.0510356582e+01    4.2447162949e+00    8.4683506358e+00    7.0352107511e+00   -2.6671035126e+01    6.5711715727e-01    1.6800000000e+02    7.4921665904e-03    5.4312500000e-01
        17   -6.2587212419e+00    3.9233136383e+01   -9.8985367546e+00    3.6398155126e+00    8.4416526376e+00    7.0352107511e+00   -2.6285479509e+01    9.1007936530e-01    1.6800000000e+02    7.5093971765e-03    5.4376488095e-01
        18   -6.2975010661e+00    3.9749337284e+01   -1.0235263136e+01    3.9377620701e+00    8.5403850247e+00    7.0352107511e+00   -2.6602078200e+01    7.9121928756e-01    1.6800000000e+02    7.5378634564e-03    5.4348214286e-01
        19   -6.2645895332e+00    3.9327491891e+01   -9.8962923185e+00    3.6317027853e+00    8.6146893000e+00    7.0352107511e+00   -2.6284828954e+01    7.3863658472e-01    1.6800000000e+02    7.5752353212e-03    5.4586309524e-01
        20   -6.2831850039e+00    3.9517135482e+01   -1.0089886196e+01    3.8067011926e+00    8.4389261015e+00    7.0352107511e+00   -2.6288476402e+01    7.2445335262e-01    1.6800000000e+02    7.4794646153e-03    5.4410714286e-01
        21   -6.2676944725e+00    3.9329763586e+01   -1.0199156088e+01    3.9314616150e+00    8.5666068516e+00    7.0352107511e+00   -2.6397025377e+01    5.9605168688e-01    1.6800000000e+02    7.5525055437e-03    5.4449404762e-01
        22   -6.2610571018e+00    3.9248598220e+01   -1.0225290987e+01    3.9642338856e+00    8.4437305394e+00    7.0352107511e+00   -2.6623363825e+01    9.1913154666e-01    1.6800000000e+02    7.5128678191e-03    5.4138392857e-01
        23   -6.2334414432e+00    3.8916665694e+01   -1.0180521687e+01    3.9470802441e+00    8.4708417015e+00    7.0352107511e+00   -2.6697435610e+01    1.0108614700e+00    1.6800000000e+02    7.5148761125e-03    5.4354166667e-01
        24   -6.2732936739e+00    3.9397337573e+01   -1.0306526793e+01    4.0332331195e+00    8.4824679689e+00    7.0352107511e+00   -2.6548477166e+01    7.2427165279e-01    1.6800000000e+02    7.5163311261e-03    5.4742559524e-01
        25   -6.2852511754e+00    3.9565500437e+01   -1.0310378916e+01    4.0251277410e+00    8.4076173144e+00    7.0352107511e+00   -2.6546645407e+01    7.9343842500e-01    1.6800000000e+02    7.4061271231e-03    5.4157738095e-01
        26   -6.2938071653e+00    3.9644490761e+01   -1.0117119552e+01    3.8233123864e+00    8.5087857977e+00    7.0352107511e+00   -2.6329660949e+01    6.6854484843e-01    1.6800000000e+02    7.5031169649e-03    5.3782738095e-01
        27   -6.2556511054e+00    3.9243897626e+01   -9.7750480040e+00    3.5193968986e+00    8.5367262303e+00    7.0352107511e+00   -2.6311152296e+01    9.6416731104e-01    1.6800000000e+02    7.5390353209e-03    5.4389880952e-01
        28   -6.2456208117e+00    3.9067223903e+01   -1.0185832174e+01    3.9402113623e+00    8.5051532963e+00    7.0352107511e+00   -2.6633202507e+01    9.0700628537e-01    1.6800000000e+02    7.5341540491e-03    5.4534226190e-01
        29   -6.2380965350e+00    3.8978696575e+01   -1.0023856872e+01    3.7857603368e+00    8.2389186610e+00    7.0352107511e+00   -2.5941527497e+01    6.4354121331e-01    1.6800000000e+02    7.4973396889e-03    5.4602678571e-01
        30   -6.2477000475e+00    3.9130813971e+01   -1.0368280696e+01    4.1205806484e+00    8.3986274958e+00    7.0352107511e+00   -2.6455938867e+01    6.5381992466e-01    1.6800000000e+02    7.4354843623e-03    5.4275297619e-01
        31   -6.2599445813e+00    3.9238299250e+01   -1.0007129647e+01    3.7471850657e+00    8.5451830330e+00    7.0352107511e+00   -2.6266610939e+01    6.7908750798e-01    1.6800000000e+02    7.5370758483e-03    5.4416666667e-01
        32   -6.2677328547e+00    3.9351849149e+01   -1.0402795951e+01    4.1350630962e+00    8.4444816983e+00    7.0352107511e+00   -2.6685489369e+01    8.0300096832e-01    1.6800000000e+02    7.5733015121e-03    5.4586309524e-01
        33   -6.2603954200e+00    3.9229503790e+01   -9.9110236691e+00    3.6506282491e+00    8.3402157396e+00    7.0352107511e+00   -2.6013453612e+01    7.2700345199e-01    1.6800000000e+02    7.4578079274e-03    5.4270833333e-01
        34   -6.2811375900e+00    3.9490427041e+01   -1.0320629454e+01    4.0394918643e+00    8.4473795948e+00    7.0352107511e+00   -2.6448938293e+01    6.4571849311e-01    1.6800000000e+02    7.5017056788e-03    5.4333333333e-01
        35   -6.2663556245e+00    3.9307655219e+01   -9.9420437736e+00    3.6756881491e+00    8.7216110491e+00    7.0352107511e+00   -2.6480153188e+01    7.8128761366e-01    1.6800000000e+02    7.5085274103e-03    5.4458333333e-01
        36   -6.2352375240e+00    3.8937805049e+01   -1.0313906063e+01    4.0786685385e+00    8.4027082759e+00    7.0352107511e+00   -2.6578000151e+01    8.2617506134e-01    1.6800000000e+02    7.5725462796e-03    5.4340773810e-01
        37   -6.2553793916e+00    3.9162785383e+01   -1.0353165607e+01    4.0977862152e+00    8.3485861110e+00    7.0352107511e+00   -2.6497674465e+01    7.6071199590e-01    1.6800000000e+02    7.5155874809e-03    5.4446428571e-01
        38   -6.2774794592e+00    3.9464039698e+01   -1.0350341002e+01    4.0728615425e+00    8.6228430966e+00    7.0352107511e+00   -2.6976272675e+01    9.6787782516e-01    1.6800000000e+02    7.5504578609e-03    5.4080357143e-01
        39   -6.2710510661e+00    3.9388352540e+01   -1.0319054139e+01    4.0480030730e+00    8.2835782387e+00    7.0352107511e+00   -2.6258140341e+01    6.2029721192e-01    1.6800000000e+02    7.4755783877e-03    5.4250000000e-01
        40   -6.2761875687e+00    3.9447028022e+01   -1.0246122467e+01    3.9699348986e+00    8.3018693320e+00    7.0352107511e+00   -2.6428575489e+01    8.4537293867e-01    1.6800000000e+02    7.4613594806e-03    5.4258928571e-01
        41   -6.2442066505e+00    3.9030825000e+01   -1.0244918523e+01    4.0007118722e+00    8.5067172977e+00    7.0352107511e+00   -2.6614347831e+01    8.2750125901e-01    1.6800000000e+02    7.4835025697e-03    5.4190476190e-01
        42   -6.2701147240e+00    3.9374962878e+01   -1.0453855529e+01    4.1837408052e+00    8.5231821416e+00    7.0352107511e+00   -2.6780175683e+01    7.6792726111e-01    1.6800000000e+02    7.5197578821e-03    5.4084821429e-01
        43   -6.2313553183e+00    3.8918269441e+01   -1.0206626043e+01    3.9752707252e+00    8.5516516629e+00    7.0352107511e+00   -2.6702365899e+01    9.0887744131e-01    1.6800000000e+02    7.5646465349e-03    5.4574404762e-01
        44   -6.2616339237e+00    3.9250945804e+01   -1.0002779711e+01    3.7411457874e+00    8.4585425482e+00    7.0352107511e+00   -2.6399594494e+01    9.0306148411e-01    1.6800000000e+02    7.5046435813e-03    5.4437500000e-01
        45   -6.2776883593e+00    3.9446743069e+01   -1.0380922425e+01    4.1032340653e+00    8.3165209418e+00    7.0352107511e+00   -2.6495500857e+01    7.6284673971e-01    1.6800000000e+02    7.4732310150e-03    5.4285714286e-01
        46   -6.2641092382e+00    3.9293676863e+01   -9.9949561324e+00    3.7308468942e+00    8.4179205631e+00    7.0352107511e+00   -2.6293838427e+01    8.4575098026e-01    1.6800000000e+02    7.5183223697e-03    5.4514880952e-01
        47   -6.2749753162e+00    3.9415064324e+01   -9.9807141994e+00    3.7057388831e+00    8.3407287893e+00    7.0352107511e+00   -2.6112115860e+01    7.5546212012e-01    1.6800000000e+02    7.4799505409e-03    5.4525297619e-01
        48   -6.2433296821e+00    3.9029798550e+01   -1.0197271954e+01    3.9539422717e+00    8.3234110068e+00    7.0352107511e+00   -2.6364595307e+01    8.0870159520e-01    1.6800000000e+02    7.4320226364e-03    5.4275297619e-01
        49   -6.2686226312e+00    3.9353080574e+01   -1.0255341632e+01    3.9867190012e+00    8.4156056770e+00    7.0352107511e+00   -2.6560725120e+01    8.5456705920e-01    1.6800000000e+02    7.5286150205e-03    5.4354166667e-01
        50   -6.3016194833e+00    3.9900786902e+01   -1.0267051222e+01    3.9654317384e+00    8.4154262182e+00    7.0352107511e+00   -2.6650604437e+01    9.3291624571e-01    1.6800000000e+02    7.5291951449e-03    5.4252976190e-01
        51   -6.2906097211e+00    3.9632729235e+01   -1.0422350807e+01    4.1317410861e+00    8.4510290986e+00    7.0352107511e+00   -2.6579899269e+01    6.7130861233e-01    1.6800000000e+02    7.4794158798e-03    5.4147321429e-01
        52   -6.2776915158e+00    3.9442835082e+01   -1.0077250406e+01    3.7995588904e+00    8.3028433105e+00    7.0352107511e+00   -2.6018230413e+01    6.0292594471e-01    1.6800000000e+02    7.4390721280e-03    5.4257440476e-01
        53   -6.2657806957e+00    3.9303645323e+01   -1.0039492328e+01    3.7737116324e+00    8.4631258198e+00    7.0352107511e+00   -2.6235807374e+01    6.9797847482e-01    1.6800000000e+02    7.4991157677e-03    5.4531250000e-01
        54   -6.2808038625e+00    3.9487647208e+01   -1.0402972221e+01    4.1221683583e+00    8.4703895046e+00    7.0352107511e+00   -2.6627356657e+01    7.1878418082e-01    1.6800000000e+02    7.5491731088e-03    5.4510416667e-01
        55   -6.2509678305e+00    3.9132635187e+01   -1.0176763004e+01    3.9257951735e+00    8.3437344676e+00    7.0352107511e+00   -2.6367490177e+01    8.1178195464e-01    1.6800000000e+02    7.4833247419e-03    5.4334821429e-01
        56   -6.2929261379e+00    3.9633485652e+01   -1.0300733544e+01    4.0078074056e+00    8.2891725455e+00    7.0352107511e+00   -2.6220618899e+01    5.9550205875e-01    1.6800000000e+02    7.3893325534e-03    5.4324404762e-01
        57   -6.2710818589e+00    3.9375074400e+01   -1.0391690530e+01    4.1206086713e+00    8.4707354800e+00    7.0352107511e+00   -2.6796278167e+01    8.9864140580e-01    1.6800000000e+02    7.4877718860e-03    5.4138392857e-01
        58   -6.2599828509e+00    3.9244470118e+01   -1.0234359509e+01    3.9743766581e+00    8.3279493360e+00    7.0352107511e+00   -2.6432790985e+01    8.3527138880e-01    1.6800000000e+02    7.4484030931e-03    5.4084821429e-01
        59   -6.2598196446e+00    3.9226721826e+01   -1.0113410402e+01    3.8535907571e+00    8.3292836032e+00    7.0352107511e+00   -2.6002159316e+01    5.2425455994e-01    1.6800000000e+02    7.5528643074e-03    5.4504464286e-01
        60   -6.2567750464e+00    3.9193023918e+01   -1.0260079045e+01    4.0033039991e+00    8.4248507179e+00    7.0352107511e+00   -2.6350375799e+01    6.3023528496e-01    1.6800000000e+02    7.4725846791e-03    5.4209821429e-01
        61   -6.2435654450e+00    3.9035217764e+01   -9.8832601333e+00    3.6396946884e+00    8.3888078166e+00    7.0352107511e+00   -2.6044233954e+01    7.3695525299e-01    1.6800000000e+02    7.4450992787e-03    5.4108630952e-01
        62   -6.2440198058e+00    3.9047762436e+01   -9.9902858955e+00    3.7462660897e+00    8.3053354934e+00    7.0352107511e+00   -2.6273446274e+01    9.4261413410e-01    1.6800000000e+02    7.5080688734e-03    5.4626488095e-01
        63   -6.2696356736e+00    3.9387457854e+01   -9.8006007468e+00    3.5309650732e+00    8.3859085559e+00    7.0352107511e+00   -2.6305497103e+01    1.0837770495e+00    1.6800000000e+02    7.4982272284e-03    5.4278273810e-01
        64   -6.2574258211e+00    3.9220167637e+01   -1.0150856562e+01    3.8934307407e+00    8.4068531890e+00    7.0352107511e+00   -2.6515070952e+01    9.2215045020e-01    1.6800000000e+02    7.4730687595e-03    5.4532738095e-01
        65   -6.2656067527e+00    3.9295644837e+01   -1.0241955528e+01    3.9763487752e+00    8.4061960931e+00    7.0352107511e+00   -2.6228911998e+01    5.4554962625e-01    1.6800000000e+02    7.4896735948e-03    5.4086309524e-01
        66   -6.2661010145e+00    3.9313793587e+01   -1.0279557410e+01    4.0134563955e+00    8.5522412205e+00    7.0352107511e+00   -2.6847360308e+01    9.8035092619e-01    1.6800000000e+02    7.5104936108e-03    5.4177083333e-01
        67   -6.2806371959e+00    3.9531869623e+01   -1.0252312219e+01    3.9716750234e+00    8.4532232240e+00    7.0352107511e+00   -2.6602985411e+01    8.6223921615e-01    1.6800000000e+02    7.5120072602e-03    5.4525297619e-01
        68   -6.2420110403e+00    3.9018573001e+01   -1.0063889627e+01    3.8218785863e+00    8.4332739089e+00    7.0352107511e+00   -2.6299151578e+01    7.6677729148e-01    1.6800000000e+02    7.5626624745e-03    5.4449404762e-01
        69   -6.2456757190e+00    3.9069566215e+01   -1.0102901937e+01    3.8572262178e+00    8.3423504926e+00    7.0352107511e+00   -2.6084531757e+01    6.0406857619e-01    1.6800000000e+02    7.5311096544e-03    5.4413690476e-01
        70   -6.2207654133e+00    3.8759060738e+01   -1.0343270377e+01    4.1225049638e+00    8.3848648103e+00    7.0352107511e+00   -2.6491608970e+01    7.2826303163e-01    1.6800000000e+02    7.5553825106e-03    5.4437500000e-01
        71   -6.2651841907e+00    3.9333337958e+01   -1.0387748725e+01    4.1225645338e+00    8.4670091570e+00    7.0352107511e+00   -2.6721367020e+01    8.3139838715e-01    1.6800000000e+02    7.5224195437e-03    5.4400297619e-01
        72   -6.2736135608e+00    3.9390413494e+01   -1.0524768703e+01    4.2511551419e+00    8.3786841948e+00    7.0352107511e+00   -2.6751126626e+01    8.1246297704e-01    1.6800000000e+02    7.4757119223e-03    5.4563988095e-01
        73   -6.2675469270e+00    3.9322526905e+01   -1.0468580204e+01    4.2010332772e+00    8.4544318646e+00    7.0352107511e+00   -2.6604928999e+01    6.4670617878e-01    1.6800000000e+02    7.5050009091e-03    5.4452380952e-01
        74   -6.2948515327e+00    3.9676675150e+01   -1.0154446602e+01    3.8595950695e+00    8.3744128784e+00    7.0352107511e+00   -2.6377902068e+01    8.1383183675e-01    1.6800000000e+02    7.4503441427e-03    5.3970238095e-01
        75   -6.2478983463e+00    3.9085278873e+01   -9.9992587491e+00    3.7513604027e+00    8.3984341863e+00    7.0352107511e+00   -2.6062527986e+01    6.2962429938e-01    1.6800000000e+02    7.4600682791e-03    5.4369047619e-01
        76   -6.2508409579e+00    3.9113839029e+01   -1.0219765084e+01    3.9689241260e+00    8.4086533021e+00    7.0352107511e+00   -2.6449164666e+01    7.8553552927e-01    1.6800000000e+02    7.4850371620e-03    5.4339285714e-01
        77   -6.2445401991e+00    3.9034494670e+01   -1.0086900564e+01    3.8423603651e+00    8.4196207958e+00    7.0352107511e+00   -2.6353795284e+01    8.1206317282e-01    1.6800000000e+02    7.4059540407e-03    5.4058035714e-01
        78   -6.2621947381e+00    3.9265587501e+01   -1.0418471115e+01    4.1562763773e+00    8.4061413668e+00    7.0352107511e+00   -2.6679305109e+01    8.1948187526e-01    1.6800000000e+02    7.4693367501e-03    5.4300595238e-01
        79   -6.2629209832e+00    3.9276619971e+01   -1.0266349810e+01    4.0034288269e+00    8.4317447545e+00    7.0352107511e+00   -2.6598289345e+01    8.6498402901e-01    1.6800000000e+02    7.5218382835e-03    5.4281250000e-01
        80   -6.3019447966e+00    3.9776406657e+01   -1.0419151767e+01    4.1172069700e+00    8.4520257533e+00    7.0352107511e+00   -2.6693538607e+01    7.8715033620e-01    1.6800000000e+02    7.5261606240e-03    5.4269345238e-01
        81   -6.2387096318e+00    3.9012070462e+01   -1.0065150201e+01    3.8264405689e+00    8.4780332746e+00    7.0352107511e+00   -2.6649713086e+01    1.0713188594e+00    1.6800000000e+02    7.5048961888e-03    5.4313988095e-01
        82   -6.2952886736e+00    3.9673752441e+01   -1.0285063363e+01    3.9897746896e+00    8.5982618268e+00    7.0352107511e+00   -2.6590396902e+01    6.7186096110e-01    1.6800000000e+02    7.5176083446e-03    5.4206845238e-01
        83   -6.2576553899e+00    3.9237299324e+01   -1.0232991401e+01    3.9753360110e+00    8.4169358853e+00    7.0352107511e+00   -2.6690289859e+01    1.0051518220e+00    1.6800000000e+02    7.5243257613e-03    5.4306547619e-01
        84   -6.2970562388e+00    3.9681828046e+01   -1.0304154544e+01    4.0070983050e+00    8.3826262792e+00    7.0352107511e+00   -2.6347869440e+01    6.2587786538e-01    1.6800000000e+02    7.5090533511e-03    5.4186011905e-01
        85   -6.2467989812e+00    3.9067386852e+01   -1.0309153873e+01    4.0623548920e+00    8.4322239838e+00    7.0352107511e+00   -2.6754644499e+01    9.7805589119e-01    1.6800000000e+02    7.5006597408e-03    5.4357142857e-01
        86   -6.2683250090e+00    3.9336727111e+01   -9.8707863239e+00    3.6024613149e+00    8.3846273370e+00    7.0352107511e+00   -2.6143203657e+01    8.5257924453e-01    1.6800000000e+02    7.4856962832e-03    5.4325892857e-01
        87   -6.2883533230e+00    3.9585869083e+01   -1.0489013223e+01    4.2006599004e+00    8.3853310947e+00    7.0352107511e+00   -2.6683912339e+01    7.7435726942e-01    1.6800000000e+02    7.5426401285e-03    5.4562500000e-01
        88   -6.2723152694e+00    3.9389174845e+01   -1.0523303520e+01    4.2509882509e+00    8.4532802182e+00    7.0352107511e+00   -2.6717493820e+01    7.0569933075e-01    1.6800000000e+02    7.5227891147e-03    5.4288690476e-01
        89   -6.2431317856e+00    3.9058686859e+01   -1.0236339497e+01    3.9932077112e+00    8.2927969523e+00    7.0352107511e+00   -2.6347579106e+01    7.8323190530e-01    1.6800000000e+02    7.4597420842e-03    5.4449404762e-01
        90   -6.2531599738e+00    3.9163845846e+01   -1.0414819711e+01    4.1616597371e+00    8.4142574521e+00    7.0352107511e+00   -2.6543035095e+01    6.7874718069e-01    1.6800000000e+02    7.5150929484e-03    5.4441964286e-01
        91   -6.2886927143e+00    3.9579652208e+01   -1.0357739956e+01    4.0690472414e+00    8.3935163720e+00    7.0352107511e+00   -2.6603818565e+01    8.1735148669e-01    1.6800000000e+02    7.4785746613e-03    5.4242559524e-01
        92   -6.2610526501e+00    3.9245753823e+01   -1.0704357250e+01    4.4433045996e+00    8.4243968094e+00    7.0352107511e+00   -2.6932983784e+01    7.6901897399e-01    1.6800000000e+02    7.4597384679e-03    5.4279761905e-01
        93   -6.3043174744e+00    3.9776174395e+01   -1.0506487350e+01    4.2021698753e+00    8.3044284452e+00    7.0352107511e+00   -2.6435051695e+01    5.8892514875e-01    1.6800000000e+02    7.5522811374e-03    5.4290178571e-01
        94   -6.2548372277e+00    3.9183458710e+01   -1.0514833266e+01    4.2599960387e+00    8.4770497342e+00    7.0352107511e+00   -2.6675981309e+01    6.4888755748e-01    1.6800000000e+02    7.5643879231e-03    5.4474702381e-01
        95   -6.2386917527e+00    3.8985077606e+01   -1.0274072733e+01    4.0353809804e+00    8.5746573725e+00    7.0352107511e+00   -2.6672763654e+01    7.8882279750e-01    1.6800000000e+02    7.5044329074e-03    5.4111607143e-01
        96   -6.2590471891e+00    3.9227754879e+01   -1.0103824208e+01    3.8447770193e+00    8.3751054695e+00    7.0352107511e+00   -2.6433733568e+01    9.1959313933e-01    1.6800000000e+02    7.5657522832e-03    5.4562500000e-01
        97   -6.2599784482e+00    3.9258576242e+01   -1.0054525068e+01    3.7945466193e+00    8.4559064374e+00    7.0352107511e+00   -2.6401767749e+01    8.5612549269e-01    1.6800000000e+02    7.4969016557e-03    5.4555059524e-01
        98   -6.2714312381e+00    3.9382215067e+01   -1.0386633299e+01    4.1152020608e+00    8.5411780422e+00    7.0352107511e+00   -2.6999335177e+01    1.0363130845e+00    1.6800000000e+02    7.5521167733e-03    5.4500000000e-01
        99   -6.2621857467e+00    3.9252804906e+01   -1.0070428853e+01    3.8082431059e+00    8.3299542693e+00    7.0352107511e+00   -2.6087593066e+01    6.5199919289e-01    1.6800000000e+02    7.5286429873e-03    5.4526785714e-01
       100   -6.2843179725e+00    3.9536815026e+01   -1.0473459310e+01    4.1891413377e+00    8.3943695991e+00    7.0352107511e+00   -2.6790443864e+01    8.8740420367e-01    1.6800000000e+02    7.4874633989e-03    5.4267857143e-01
       101   -6.2571982974e+00    3.9272606169e+01   -1.0140529433e+01    3.8833311360e+00    8.4290691519e+00    7.0352107511e+00   -2.6508684675e+01    9.0387533902e-01    1.6800000000e+02    7.5047448519e-03    5.3962797619e-01
       102   -6.2750015149e+00    3.9417637485e+01   -1.0342036480e+01    4.0670349653e+00    8.4211338491e+00    7.0352107511e+00   -2.6448166208e+01    6.4978512814e-01    1.6800000000e+02    7.4799557365e-03    5.4565476190e-01
       103   -6.2708458904e+00    3.9370894040e+01   -9.9518539849e+00    3.6810080945e+00    8.3274927103e+00    7.0352107511e+00   -2.5899120962e+01    5.8456351593e-01    1.6800000000e+02    7.4300566826e-03    5.4383928571e-01
       104   -6.2412109319e+00    3.9028183229e+01   -1.0310991187e+01    4.0697802549e+00    8.5528950068e+00    7.0352107511e+00   -2.6841646618e+01    9.4254967296e-01    1.6800000000e+02    7.5556434158e-03    5.4583333333e-01
       105   -6.2825544067e+00    3.9570602284e+01   -1.0331822452e+01    4.0492680450e+00    8.5484593684e+00    7.0352107511e+00   -2.6639804803e+01    7.2431223157e-01    1.6800000000e+02    7.5129014025e-03    5.3985119048e-01
       106   -6.2722787297e+00    3.9385856420e+01   -1.0137465084e+01    3.8651863541e+00    8.1926728918e+00    7.0352107511e+00   -2.6009140370e+01    6.4379164341e-01    1.6800000000e+02    7.4923437798e-03    5.4273809524e-01
       107   -6.2319638204e+00    3.8922240502e+01   -9.8557329818e+00    3.6237691614e+00    8.4243098042e+00    7.0352107511e+00   -2.6369342279e+01    1.0540887422e+00    1.6800000000e+02    7.4861036534e-03    5.4366071429e-01
       108   -6.2475413525e+00    3.9111998386e+01   -1.0302187869e+01    4.0546465162e+00    8.4653703872e+00    7.0352107511e+00   -2.6754184337e+01    9.5141533033e-01    1.6800000000e+02    7.4462352147e-03    5.4491071429e-01
       109   -6.2862838487e+00    3.9556377555e+01   -1.0160609597e+01    3.8743257480e+00    8.5437871568e+00    7.0352107511e+00   -2.6369443606e+01    6.2983610133e-01    1.6800000000e+02    7.4757524836e-03    5.3797619048e-01
       110   -6.3029001433e+00    3.9766730760e+01   -1.0406969180e+01    4.1040690367e+00    8.3915538963e+00    7.0352107511e+00   -2.6423525055e+01    5.8979122767e-01    1.6800000000e+02    7.5069264296e-03    5.4339285714e-01
       111   -6.2387062176e+00    3.8972943663e+01   -9.9671040114e+00    3.7283977938e+00    8.2336907015e+00    7.0352107511e+00   -2.6028116026e+01    7.9211056198e-01    1.6800000000e+02    7.4761867327e-03    5.4491071429e-01
       112   -6.2508785787e+00    3.9113983556e+01   -1.0035731724e+01    3.7848531451e+00    8.6294812072e+00    7.0352107511e+00   -2.6481853741e+01    7.8143005894e-01    1.6800000000e+02    7.4854071192e-03    5.4108630952e-01
       113   -6.2655822424e+00    3.9295201945e+01   -1.0109672946e+01    3.8440907040e+00    8.3847319323e+00    7.0352107511e+00   -2.6185474169e+01    6.5585853956e-01    1.6800000000e+02    7.4628855755e-03    5.4218750000e-01
       114   -6.2590839850e+00    3.9220076920e+01   -1.0307787053e+01    4.0487030676e+00    8.3797992479e+00    7.0352107511e+00   -2.6280271096e+01    5.5747404392e-01    1.6800000000e+02    7.4279103121e-03    5.4211309524e-01
       115   -6.2502946120e+00    3.9113291784e+01   -1.0304974310e+01    4.0546796976e+00    8.3779085503e+00    7.0352107511e+00   -2.6333188880e+01    6.1509526854e-01    1.6800000000e+02    7.4788486510e-03    5.4364583333e-01
       116   -6.2667578409e+00    3.9330277673e+01   -1.0133920076e+01    3.8671622351e+00    8.3771147742e+00    7.0352107511e+00   -2.6457756167e+01    9.1151056562e-01    1.6800000000e+02    7.4861930945e-03    5.4058035714e-01
       117   -6.2428009604e+00    3.9035647479e+01   -1.0134641178e+01    3.8918402174e+00    8.5206581692e+00    7.0352107511e+00   -2.6430561575e+01    7.4005147681e-01    1.6800000000e+02    7.4921750147e-03    5.4385416667e-01
       118   -6.2552501198e+00    3.9170192778e+01   -1.0124504104e+01    3.8692539838e+00    8.2772133605e+00    7.0352107511e+00   -2.6195116951e+01    7.5818873553e-01    1.6800000000e+02    7.5103189237e-03    5.4504464286e-01
       119   -6.2770760040e+00    3.9485274631e+01   -1.0219037075e+01    3.9419610709e+00    8.3656019702e+00    7.0352107511e+00   -2.6453979781e+01    8.3412998502e-01    1.6800000000e+02    7.4596345811e-03    5.4361607143e-01
       120   -6.2397341834e+00    3.9025726320e+01   -1.0134206142e+01    3.8944719582e+00    8.5518461694e+00    7.0352107511e+00   -2.6684003159e+01    9.6274009689e-01    1.6800000000e+02    7.4596188446e-03    5.4465773810e-01
       121   -6.2457550391e+00    3.9108871749e+01   -1.0352453963e+01    4.1066989235e+00    8.4683676711e+00    7.0352107511e+00   -2.6738520540e+01    8.8248815505e-01    1.6800000000e+02    7.5356604317e-03    5.4266369048e-01
       122   -6.2630691534e+00    3.9289364191e+01   -1.0168199438e+01    3.9051302842e+00    8.4389318240e+00    7.0352107511e+00   -2.6323317739e+01    6.8097572621e-01    1.6800000000e+02    7.5571001884e-03    5.4135416667e-01
       123   -6.2932831708e+00    3.9639300455e+01   -1.0221562411e+01    3.9282792401e+00    8.3295866123e+00    7.0352107511e+00   -2.6103135242e+01    5.1677546741e-01    1.6800000000e+02    7.4959935998e-03    5.4461309524e-01
       124   -6.2823965176e+00    3.9526069493e+01   -1.0268964775e+01    3.9865682574e+00    8.5356072274e+00    7.0352107511e+00   -2.6551672916e+01    7.1189016243e-01    1.6800000000e+02    7.5177966875e-03    5.4279761905e-01
       125   -6.2947913659e+00    3.9685306000e+01   -1.0152752211e+01    3.8579608452e+00    8.3857511454e+00    7.0352107511e+00   -2.6514229959e+01    9.4051585158e-01    1.6800000000e+02    7.4915734458e-03    5.4458333333e-01
       126   -6.2686001919e+00    3.9346938375e+01   -1.0289237715e+01    4.0206375229e+00    8.4793478851e+00    7.0352107511e+00   -2.6604101367e+01    8.0030501612e-01    1.6800000000e+02    7.4422407188e-03    5.4046130952e-01
       127   -6.2781224107e+00    3.9451265879e+01   -1.0345607972e+01    4.0674855616e+00    8.3873273056e+00    7.0352107511e+00   -2.6420722711e+01    6.5257668201e-01    1.6800000000e+02    7.4565683822e-03    5.4016369048e-01
       128   -6.2796952703e+00    3.9495748823e+01   -1.0282844431e+01    4.0031491609e+00    8.3767357879e+00    7.0352107511e+00   -2.6652014051e+01    9.5722308116e-01    1.6800000000e+02    7.4673822077e-03    5.4220238095e-01
       129   -6.2982535807e+00    3.9811400416e+01   -1.0102374003e+01    3.8041204225e+00    8.3235739556e+00    7.0352107511e+00   -2.6066318229e+01    6.0515951909e-01    1.6800000000e+02    7.4559726902e-03    5.4531250000e-01
       130   -6.2393535534e+00    3.9003564408e+01   -1.0027378127e+01    3.7880245737e+00    8.5803861052e+00    7.0352107511e+00   -2.6465047088e+01    8.2207210434e-01    1.6800000000e+02    7.4632149194e-03    5.4172619048e-01
       131   -6.2527295180e+00    3.9139440881e+01   -1.0250927586e+01    3.9981980683e+00    8.4888983983e+00    7.0352107511e+00   -2.6556665271e+01    7.8162853570e-01    1.6800000000e+02    7.5328211563e-03    5.4514880952e-01
       132   -6.2538648872e+00    3.9179356354e+01   -1.0155632650e+01    3.9017677628e+00    8.3802572599e+00    7.0352107511e+00   -2.6346026490e+01    7.7492582917e-01    1.6800000000e+02    7.4178099226e-03    5.3876488095e-01
       133   -6.2620969845e+00    3.9265475303e+01   -1.0359281944e+01    4.0971849594e+00    8.5215559213e+00    7.0352107511e+00   -2.6606210152e+01    6.9016153605e-01    1.6800000000e+02    7.5297104074e-03    5.4263392857e-01
       134   -6.2281254120e+00    3.8846567988e+01   -9.8693129861e+00    3.6411875741e+00    8.3896737863e+00    7.0352107511e+00   -2.6378400651e+01    1.0842031273e+00    1.6800000000e+02    7.5097835344e-03    5.4382440476e-01
       135   -6.2825063277e+00    3.9502031461e+01   -1.0103370042e+01    3.8208637143e+00    8.3312019128e+00    7.0352107511e+00   -2.6072813861e+01    6.0303115541e-01    1.6800000000e+02    7.4957379385e-03    5.4306547619e-01
       136   -6.2614945062e+00    3.9284427374e+01   -1.0064227851e+01    3.8027333452e+00    8.2888497689e+00    7.0352107511e+00   -2.6360462676e+01    9.7217430494e-01    1.6800000000e+02    7.4493545389e-03    5.4441964286e-01
       137   -6.2528157603e+00    3.9148871889e+01   -1.0120012544e+01    3.8671967840e+00    8.4045601174e+00    7.0352107511e+00   -2.6274273831e+01    7.1449041813e-01    1.6800000000e+02    7.4447301947e-03    5.4352678571e-01
       138   -6.2590259224e+00    3.9241094535e+01   -1.0062546438e+01    3.8035205153e+00    8.5454927372e+00    7.0352107511e+00   -2.6583872725e+01    9.4062279936e-01    1.6800000000e+02    7.5151789677e-03    5.4186011905e-01
       139   -6.2742596634e+00    3.9404944373e+01   -1.0338133846e+01    4.0638741828e+00    8.4188084051e+00    7.0352107511e+00   -2.6428005407e+01    6.3585240426e-01    1.6800000000e+02    7.5652120144e-03    5.4541666667e-01
       140   -6.2648293883e+00    3.9305245925e+01   -1.0365944321e+01    4.1011149326e+00    8.5265935311e+00    7.0352107511e+00   -2.7000644218e+01    1.0728956151e+00    1.6800000000e+02    7.5138553932e-03    5.4397321429e-01
       141   -6.2464335020e+00    3.9053253001e+01   -1.0342840784e+01    4.0964072823e+00    8.4443323015e+00    7.0352107511e+00   -2.6557918570e+01    7.3553473340e-01    1.6800000000e+02    7.4767456514e-03    5.4206845238e-01
       142   -6.2406274120e+00    3.9014857983e+01   -9.9744223471e+00    3.7337949351e+00    8.5723805966e+00    7.0352107511e+00   -2.6589980618e+01    1.0079669236e+00    1.6800000000e+02    7.4585251098e-03    5.4519345238e-01
       143   -6.2464624551e+00    3.9058385815e+01   -1.0159258108e+01    3.9127956524e+00    8.3828068037e+00    7.0352107511e+00   -2.6539778764e+01    9.6250310116e-01    1.6800000000e+02    7.5150726388e-03    5.4504464286e-01
       144   -6.2704291389e+00    3.9348592786e+01   -1.0175166071e+01    3.9047369319e+00    8.3580721464e+00    7.0352107511e+00   -2.6115267299e+01    5.4681833068e-01    1.6800000000e+02    7.5244401715e-03    5.4593750000e-01
       145   -6.2760786153e+00    3.9429310138e+01   -1.0289439962e+01    4.0133613472e+00    8.2641675332e+00    7.0352107511e+00   -2.6098746303e+01    5.0992805615e-01    1.6800000000e+02    7.3872924173e-03    5.3988095238e-01
       146   -6.2526617643e+00    3.9144846307e+01   -1.0382997023e+01    4.1303352590e+00    8.2767287108e+00    7.0352107511e+00   -2.6361356760e+01    6.6642027469e-01    1.6800000000e+02    7.4746557656e-03    5.4473214286e-01
       147   -6.2529669771e+00    3.9180963723e+01   -1.0389399074e+01    4.1364320968e+00    8.5410411130e+00    7.0352107511e+00   -2.7104261386e+01    1.1386104479e+00    1.6800000000e+02    7.5226295632e-03    5.4300595238e-01
       148   -6.2713375117e+00    3.9377917096e+01   -1.0318599259e+01    4.0472617473e+00    8.4365899270e+00    7.0352107511e+00   -2.6594454237e+01    8.0405430021e-01    1.6800000000e+02    7.5050288947e-03    5.4217261905e-01
       149   -6.2496580022e+00    3.9119195182e+01   -1.0198517225e+01    3.9488592225e+00    8.3589080604e+00    7.0352107511e+00   -2.6275879185e+01    6.8324314865e-01    1.6800000000e+02    7.5340639302e-03    5.4587797619e-01
       150   -6.2385038702e+00    3.8982091808e+01   -1.0284883678e+01    4.0463798074e+00    8.4587765765e+00    7.0352107511e+00   -2.6549878490e+01    7.7100748519e-01    1.6800000000e+02    7.5172993891e-03    5.4242559524e-01
       151   -6.2127342571e+00    3.8682970523e+01   -1.0229292034e+01    4.0165577768e+00    8.3891018076e+00    7.0352107511e+00   -2.6544896097e+01    8.9129150455e-01    1.6800000000e+02    7.5311367876e-03    5.4598214286e-01
       152   -6.2525057798e+00    3.9152633432e+01   -1.0062316568e+01    3.8098107880e+00    8.3892941685e+00    7.0352107511e+00   -2.6348181388e+01    8.6135990076e-01    1.6800000000e+02    7.4159323809e-03    5.4139880952e-01
       153   -6.2407861864e+00    3.9056122235e+01   -1.0181224631e+01    3.9404384443e+00    8.4710114549e+00    7.0352107511e+00   -2.6501265123e+01    8.1381828657e-01    1.6800000000e+02    7.5104591130e-03    5.4684523810e-01
       154   -6.2715346741e+00    3.9384138650e+01   -1.0267068673e+01    3.9955339991e+00    8.6165623899e+00    7.0352107511e+00   -2.6788656786e+01    8.6981497211e-01    1.6800000000e+02    7.5259548972e-03    5.4113095238e-01
       155   -6.1971733341e+00    3.8523668381e+01   -1.0116532622e+01    3.9193592882e+00    8.5322898711e+00    7.0352107511e+00   -2.6606663374e+01    9.2263012910e-01    1.6800000000e+02    7.4942489305e-03    5.4424107143e-01
       156   -6.2639992460e+00    3.9294502897e+01   -1.0309782673e+01    4.0457834275e+00    8.4638667994e+00    7.0352107511e+00   -2.6456001186e+01    6.4714096167e-01    1.6800000000e+02    7.5422363597e-03    5.4316964286e-01
       157   -6.2351939742e+00    3.8968992464e+01   -1.0023619163e+01    3.7884251885e+00    8.3858487036e+00    7.0352107511e+00   -2.6286912104e+01    8.4223348636e-01    1.6800000000e+02    7.5131153994e-03    5.4574404762e-01
       158   -6.2528394327e+00    3.9140756991e+01   -9.9956272874e+00    3.7427878546e+00    8.3576940607e+00    7.0352107511e+00   -2.6371929986e+01    9.8339788668e-01    1.6800000000e+02    7.4994754349e-03    5.4227678571e-01
       159   -6.2502895100e+00    3.9120091769e+01   -1.0286492671e+01    4.0362031614e+00    8.4604315769e+00    7.0352107511e+00   -2.6566226512e+01    7.8409151274e-01    1.6800000000e+02    7.4613304247e-03    5.4477678571e-01
       160   -6.2722938469e+00    3.9386765291e+01   -1.0466099984e+01    4.1938061375e+00    8.5231946761e+00    7.0352107511e+00   -2.6683832968e+01    6.5932755679e-01    1.6800000000e+02    7.5167196745e-03    5.4302083333e-01
       161   -6.2543843489e+00    3.9196205352e+01   -1.0229617648e+01    3.9752332994e+00    8.3971594274e+00    7.0352107511e+00   -2.6495883261e+01    8.3389543410e-01    1.6800000000e+02    7.5163098057e-03    5.4087797619e-01
       162   -6.2644101003e+00    3.9294613269e+01   -1.0057211131e+01    3.7928010303e+00    8.4957278651e+00    7.0352107511e+00   -2.6462846459e+01    8.7469671197e-01    1.6800000000e+02    7.5018119265e-03    5.4438988095e-01
       163   -6.2451624596e+00    3.9074455825e+01   -1.0303727560e+01    4.0585651000e+00    8.2862838318e+00    7.0352107511e+00   -2.6330510496e+01    7.0528835368e-01    1.6800000000e+02    7.4898726011e-03    5.4083333333e-01
       164   -6.2800781324e+00    3.9481338557e+01   -1.0177890018e+01    3.8978118853e+00    8.3895845065e+00    7.0352107511e+00   -2.6152588604e+01    5.4990332918e-01    1.6800000000e+02    7.4899224860e-03    5.4005952381e-01
       165   -6.2401472992e+00    3.8986729376e+01   -1.0045435146e+01    3.8052878471e+00    8.4721972333e+00    7.0352107511e+00   -2.6357566430e+01    8.0472329933e-01    1.6800000000e+02    7.5402442498e-03    5.4361607143e-01
       166   -6.2677827588e+00    3.9345502965e+01   -1.0196078852e+01    3.9282960931e+00    8.4066961993e+00    7.0352107511e+00   -2.6470926657e+01    8.3294085471e-01    1.6800000000e+02    7.5596959241e-03    5.4681547619e-01
       167   -6.2428575580e+00    3.9008792771e+01   -1.0289038210e+01    4.0461806524e+00    8.1845790176e+00    7.0352107511e+00   -2.6214723110e+01    7.0589513073e-01    1.6800000000e+02    7.4439492222e-03    5.4382440476e-01
       168   -6.2834182014e+00    3.9529320477e+01   -1.0168737191e+01    3.8853189898e+00    8.4766632570e+00    7.0352107511e+00   -2.6631380024e+01    9.5076882424e-01    1.6800000000e+02    7.4714533436e-03    5.4221726190e-01
       169   -6.2612356796e+00    3.9272018675e+01   -1.0221845804e+01    3.9606101243e+00    8.4184404181e+00    7.0352107511e+00   -2.6499054894e+01    8.2355792049e-01    1.6800000000e+02    7.4609156620e-03    5.3997023810e-01
       170   -6.2816850377e+00    3.9505156939e+01   -1.0227991132e+01    3.9463060942e+00    8.3712617641e+00    7.0352107511e+00   -2.6406591299e+01    7.7212765148e-01    1.6800000000e+02    7.4667316830e-03    5.4266369048e-01
       171   -6.2970988832e+00    3.9695629971e+01   -1.0392355564e+01    4.0952566812e+00    8.4300368076e+00    7.0352107511e+00   -2.6585495570e+01    7.2789244733e-01    1.6800000000e+02    7.5142971799e-03    5.4300595238e-01
       172   -6.2267835174e+00    3.8880303555e+01   -1.0284542181e+01    4.0577586634e+00    8.5678647622e+00    7.0352107511e+00   -2.6659638719e+01    7.7202102448e-01    1.6800000000e+02    7.5428732236e-03    5.4578869048e-01
       173   -6.2666808513e+00    3.9323333146e+01   -1.0197281204e+01    3.9306003527e+00    8.4902064597e+00    7.0352107511e+00   -2.6651495574e+01    9.2879715900e-01    1.6800000000e+02    7.5609460143e-03    5.4694940476e-01
       174   -6.2537167755e+00    3.9152231104e+01   -1.0371165238e+01    4.1174484628e+00    8.5129529836e+00    7.0352107511e+00   -2.6619507843e+01    7.0017887046e-01    1.6800000000e+02    7.5299869638e-03    5.4104166667e-01
       175   -6.2719390984e+00    3.9378913810e+01   -1.0247047827e+01    3.9751087287e+00    8.5019664026e+00    7.0352107511e+00   -2.6484602917e+01    7.0037793582e-01    1.6800000000e+02    7.4944018454e-03    5.4303571429e-01
       176   -6.2939836679e+00    3.9651232774e+01   -1.0331151351e+01    4.0371676834e+00    8.5201431540e+00    7.0352107511e+00   -2.6583237512e+01    6.9673225529e-01    1.6800000000e+02    7.5089256142e-03    5.4203869048e-01
       177   -6.2899692393e+00    3.9600938931e+01   -1.0042256077e+01    3.7522868375e+00    8.5297605172e+00    7.0352107511e+00   -2.6295800560e+01    6.8857321472e-01    1.6800000000e+02    7.5316559561e-03    5.4322916667e-01
       178   -6.2655757883e+00    3.9320425940e+01   -1.0089433074e+01    3.8238572855e+00    8.3590243402e+00    7.0352107511e+00   -2.6181418573e+01    6.9775040798e-01    1.6800000000e+02    7.4719391177e-03    5.4313988095e-01
       179   -6.2618410236e+00    3.9260353014e+01   -1.0066366784e+01    3.8045257605e+00    8.4539726298e+00    7.0352107511e+00   -2.6274983232e+01    7.1943306748e-01    1.6800000000e+02    7.4887749744e-03    5.4428571429e-01
       180   -6.2671539145e+00    3.9320287553e+01   -1.0122204807e+01    3.8550508922e+00    8.2897550637e+00    7.0352107511e+00   -2.6115241585e+01    6.6807096386e-01    1.6800000000e+02    7.5111987671e-03    5.4172619048e-01
       181   -6.2475972034e+00    3.9085282015e+01   -1.0139085961e+01    3.8914887578e+00    8.3623394291e+00    7.0352107511e+00   -2.6289060323e+01    7.5242418179e-01    1.6800000000e+02    7.5352804834e-03    5.4602678571e-01
       182   -6.2542231940e+00    3.9184225339e+01   -1.0483346819e+01    4.2291236254e+00    8.3483999630e+00    7.0352107511e+00   -2.6709511559e+01    8.4255402507e-01    1.6800000000e+02    7.4849802670e-03    5.4107142857e-01
       183   -6.2981847293e+00    3.9705234591e+01   -1.0329905352e+01    4.0317206225e+00    8.6119775284e+00    7.0352107511e+00   -2.6553244097e+01    5.7615046603e-01    1.6800000000e+02    7.5231768588e-03    5.4523809524e-01
       184   -6.2582022436e+00    3.9216746608e+01   -1.0447634648e+01    4.1894324048e+00    8.4414485309e+00    7.0352107511e+00   -2.6640205887e+01    7.1591195663e-01    1.6800000000e+02    7.4843631642e-03    5.4318452381e-01
       185   -6.2551209697e+00    3.9165310042e+01   -9.9731747499e+00    3.7180537802e+00    8.3584170795e+00    7.0352107511e+00   -2.6192990913e+01    8.2618833225e-01    1.6800000000e+02    7.5613011813e-03    5.4660714286e-01
       186   -6.2717617902e+00    3.9377862349e+01   -1.0019853574e+01    3.7480917841e+00    8.3848923584e+00    7.0352107511e+00   -2.6136738830e+01    6.9678214587e-01    1.6800000000e+02    7.4557272843e-03    5.4141369048e-01
       187   -6.2925348168e+00    3.9657987682e+01   -1.0208301806e+01    3.9157669894e+00    8.3599741851e+00    7.0352107511e+00   -2.6320564628e+01    7.1707788527e-01    1.6800000000e+02    7.4799516906e-03    5.4191964286e-01
       188   -6.2715241909e+00    3.9368246648e+01   -1.0316459023e+01    4.0449348323e+00    8.3372496006e+00    7.0352107511e+00   -2.6468854196e+01    7.7993482071e-01    1.6800000000e+02    7.4682575610e-03    5.4200892857e-01
       189   -6.2396325031e+00    3.8987166458e+01   -1.0041225937e+01    3.8015934344e+00    8.4351538341e+00    7.0352107511e+00   -2.6155496369e+01    6.4390584627e-01    1.6800000000e+02    7.4530842040e-03    5.4136904762e-01
       190   -6.2937396364e+00    3.9647625845e+01   -1.0171560532e+01    3.8778208955e+00    8.3580539130e+00    7.0352107511e+00   -2.6392673167e+01    8.2784797136e-01    1.6800000000e+02    7.4546632098e-03    5.4377976190e-01
       191   -6.2444325149e+00    3.9055455422e+01   -1.0548041743e+01    4.3036092281e+00    8.3635958995e+00    7.0352107511e+00   -2.6753159900e+01    8.0631150643e-01    1.6800000000e+02    7.5095772576e-03    5.4062500000e-01
       192   -6.2642648510e+00    3.9285100802e+01   -1.0189809267e+01    3.9255444161e+00    8.4859836715e+00    7.0352107511e+00   -2.6400377450e+01    6.8937376061e-01    1.6800000000e+02    7.5256934839e-03    5.4098214286e-01
       193   -6.2759013031e+00    3.9435775020e+01   -1.0011254385e+01    3.7353530814e+00    8.3105649740e+00    7.0352107511e+00   -2.6052829216e+01    6.9579910592e-01    1.6800000000e+02    7.4780397192e-03    5.4138392857e-01
       194   -6.2723414083e+00    3.9395685237e+01   -1.0124942145e+01    3.8526007369e+00    8.3755241964e+00    7.0352107511e+00   -2.6287974382e+01    7.5229728921e-01    1.6800000000e+02    7.4443510797e-03    5.4449404762e-01
       195   -6.2690030809e+00    3.9363979791e+01   -1.0084088835e+01    3.8150857540e+00    8.3388321510e+00    7.0352107511e+00   -2.6092585976e+01    6.3445423898e-01    1.6800000000e+02    7.4674653012e-03    5.4425595238e-01
       196   -6.3046449500e+00    3.9791026045e+01   -1.0251345300e+01    3.9467003496e+00    8.4906490266e+00    7.0352107511e+00   -2.6415980307e+01    6.3877522937e-01    1.6800000000e+02    7.4762680250e-03    5.3974702381e-01
       197   -6.2454142119e+00    3.9064205473e+01   -1.0384631449e+01    4.1392172370e+00    8.4581781010e+00    7.0352107511e+00   -2.6727800583e+01    8.4978028191e-01    1.6800000000e+02    7.4921583709e-03    5.3897321429e-01
       198   -6.2799501395e+00    3.9469278351e+01   -1.0215214824e+01    3.9352646847e+00    8.2626832365e+00    7.0352107511e+00   -2.6030151990e+01    5.1704317840e-01    1.6800000000e+02    7.5026094430e-03    5.4620535714e-01
       199   -6.2665206819e+00    3.9318380792e+01   -1.0175621875e+01    3.9091011928e+00    8.3725866085e+00    7.0352107511e+00   -2.6385515892e+01    8.0209665811e-01    1.6800000000e+02    7.4634653348e-03    5.4273809524e-01
       200   -6.2376283550e+00    3.9134005959e+01   -1.0062979633e+01    3.8253512778e+00    8.3768913337e+00    7.0352107511e+00   -2.6241279017e+01    7.6619729955e-01    1.6800000000e+02    7.4263575165e-03    5.4000000000e-01
       201   -6.2415056574e+00    3.9000202470e+01   -1.0043877093e+01    3.8023714360e+00    8.4644109121e+00    7.0352107511e+00   -2.6263292637e+01    7.1979388061e-01    1.6800000000e+02    7.4635209962e-03    5.4721726190e-01
       202   -6.2383376516e+00    3.8954085538e+01   -1.0025847865e+01    3.7875102137e+00    8.5062979395e+00    7.0352107511e+00   -2.6176662251e+01    6.0930569501e-01    1.6800000000e+02    7.5324927732e-03    5.4413690476e-01
       203   -6.2613961463e+00    3.9249353706e+01   -1.0332591019e+01    4.0711948724e+00    8.4639689504e+00    7.0352107511e+00   -2.6572219024e+01    7.4044830340e-01    1.6800000000e+02    7.5523503171e-03    5.4629464286e-01
       204   -6.2465368215e+00    3.9070355963e+01   -1.0530976179e+01    4.2844393572e+00    8.4442437308e+00    7.0352107511e+00   -2.6737162441e+01    7.2673178055e-01    1.6800000000e+02    7.4696055432e-03    5.4404761905e-01
       205   -6.2313967606e+00    3.8932513907e+01   -1.0026774892e+01    3.7953781311e+00    8.4156962363e+00    7.0352107511e+00   -2.6361709021e+01    8.8402714151e-01    1.6800000000e+02    7.5057920097e-03    5.4544642857e-01
       206   -6.2631106503e+00    3.9300818383e+01   -1.0206597235e+01    3.9434865849e+00    8.5373612021e+00    7.0352107511e+00   -2.6626099616e+01    8.4693042759e-01    1.6800000000e+02    7.5012104093e-03    5.4191964286e-01
       207   -6.2388020458e+00    3.9036977563e+01   -1.0338996768e+01    4.1001947224e+00    8.4776776188e+00    7.0352107511e+00   -2.6773700794e+01    9.2181565578e-01    1.6800000000e+02    7.5003980651e-03    5.4349702381e-01
       208   -6.2719410724e+00    3.9377322010e+01   -1.0167560706e+01    3.8956196340e+00    8.4139593386e+00    7.0352107511e+00   -2.6377290409e+01    7.6055961259e-01    1.6800000000e+02    7.5169915783e-03    5.4377976190e-01
       209   -6.2554251189e+00    3.9232104889e+01   -1.0009779310e+01    3.7543541908e+00    8.4365381494e+00    7.0352107511e+00   -2.6431635254e+01    9.5010704372e-01    1.6800000000e+02    7.5239606681e-03    5.4462797619e-01
       210   -6.2924592625e+00    3.9653820003e+01   -1.0138289868e+01    3.8458306059e+00    8.4888828908e+00    7.0352107511e+00   -2.6517224069e+01    8.5484055902e-01    1.6800000000e+02    7.4686464062e-03    5.4340773810e-01
       211   -6.2698498966e+00    3.9374287087e+01   -1.0130674489e+01    3.8608245924e+00    8.4450579374e+00    7.0352107511e+00   -2.6414825760e+01    8.0388258246e-01    1.6800000000e+02    7.5204901757e-03    5.4413690476e-01
       212   -6.2435055208e+00    3.9023665433e+01   -1.0297276684e+01    4.0537711637e+00    8.3587016813e+00    7.0352107511e+00   -2.6474442395e+01    7.8325327774e-01    1.6800000000e+02    7.5057213741e-03    5.4441964286e-01
       213   -6.2523108453e+00    3.9141631417e+01   -1.0025817383e+01    3.7735065375e+00    8.3192583187e+00    7.0352107511e+00   -2.6273831400e+01    8.9354494712e-01    1.6800000000e+02    7.4770460318e-03    5.4610119048e-01
       214   -6.2622911770e+00    3.9263214342e+01   -1.0314818052e+01    4.0525268752e+00    8.4162831867e+00    7.0352107511e+00   -2.6669645539e+01    9.0333354882e-01    1.6800000000e+02    7.4760067024e-03    5.4480654762e-01
       215   -6.2822578111e+00    3.9541775363e+01   -1.0562116758e+01    4.2798589472e+00    8.3135697696e+00    7.0352107511e+00   -2.6629081982e+01    7.1818470324e-01    1.6800000000e+02    7.4340533903e-03    5.4416666667e-01
       216   -6.2744323666e+00    3.9414470884e+01   -1.0199392474e+01    3.9249601074e+00    8.4319988749e+00    7.0352107511e+00   -2.6516724483e+01    8.5012238304e-01    1.6800000000e+02    7.4848854545e-03    5.3949404762e-01
       217   -6.2750932475e+00    3.9411657940e+01   -1.0037528038e+01    3.7624347908e+00    8.3190683254e+00    7.0352107511e+00   -2.6056883815e+01    6.6507670014e-01    1.6800000000e+02    7.5166262355e-03    5.4263392857e-01
       218   -6.2835112576e+00    3.9519205363e+01   -1.0264949502e+01    3.9814382442e+00    8.4178581075e+00    7.0352107511e+00   -2.6345168736e+01    6.2715037587e-01    1.6800000000e+02    7.4786661269e-03    5.4226190476e-01
       219   -6.2047731327e+00    3.8591925713e+01   -9.7341724296e+00    3.5293992969e+00    8.5804669915e+00    7.0352107511e+00   -2.6385047880e+01    1.0351977083e+00    1.6800000000e+02    7.5271652141e-03    5.4287202381e-01
       220   -6.2524822702e+00    3.9147712579e+01   -1.0077221252e+01    3.8247389818e+00    8.4492056971e+00    7.0352107511e+00   -2.6407518390e+01    8.4588068955e-01    1.6800000000e+02    7.5501962681e-03    5.4000000000e-01
       221   -6.2511829943e+00    3.9166780716e+01   -1.0459856263e+01    4.2086732685e+00    8.3459177336e+00    7.0352107511e+00   -2.6625866352e+01    7.8488160440e-01    1.6800000000e+02    7.4807712520e-03    5.4116071429e-01
       222   -6.2502525214e+00    3.9136775857e+01   -1.0350562840e+01    4.1003103186e+00    8.5077282133e+00    7.0352107511e+00   -2.6509611628e+01    6.1610982379e-01    1.6800000000e+02    7.5343340309e-03    5.4270833333e-01
       223   -6.2225418645e+00    3.8792762429e+01   -9.8922122494e+00    3.6696703849e+00    8.4281185105e+00    7.0352107511e+00   -2.6254618207e+01    8.9907669610e-01    1.6800000000e+02    7.5169494915e-03    5.4453869048e-01
       224   -6.2409286754e+00    3.9001657752e+01   -1.0309122451e+01    4.0681937758e+00    8.4579195101e+00    7.0352107511e+00   -2.6692602054e+01    8.9034934197e-01    1.6800000000e+02    7.5428423252e-03    5.4462797619e-01
       225   -6.3080786046e+00    3.9842267665e+01   -1.0175297432e+01    3.8672188270e+00    8.4634859943e+00    7.0352107511e+00   -2.6297180388e+01    6.2318621051e-01    1.6800000000e+02    7.5083900714e-03    5.4217261905e-01
       226   -6.2838091449e+00    3.9554186661e+01   -9.9066747535e+00    3.6228656086e+00    8.3053110745e+00    7.0352107511e+00   -2.5910263458e+01    6.6306687859e-01    1.6800000000e+02    7.4896118234e-03    5.4376488095e-01
       227   -6.2708560253e+00    3.9379347232e+01   -1.0216458783e+01    3.9456027577e+00    8.2706556276e+00    7.0352107511e+00   -2.6218249470e+01    6.9592430818e-01    1.6800000000e+02    7.4561177613e-03    5.4331845238e-01
       228   -6.2748320544e+00    3.9416357052e+01   -1.0336003538e+01    4.0611714831e+00    8.3160957842e+00    7.0352107511e+00   -2.6369721369e+01    6.8241129582e-01    1.6800000000e+02    7.4438854852e-03    5.4026785714e-01
       229   -6.2718437560e+00    3.9400277704e+01   -1.0168040456e+01    3.8961966996e+00    8.3621759440e+00    7.0352107511e+00   -2.6637121586e+01    1.0716944351e+00    1.6800000000e+02    7.5081344349e-03    5.4569940476e-01
       230   -6.2671894314e+00    3.9331823836e+01   -1.0225324691e+01    3.9581352598e+00    8.4193214054e+00    7.0352107511e+00   -2.6417685894e+01    7.3782904590e-01    1.6800000000e+02    7.4850828952e-03    5.4358630952e-01
       231   -6.2056391674e+00    3.8566895815e+01   -1.0081650349e+01    3.8760111819e+00    8.4127249762e+00    7.0352107511e+00   -2.6515674425e+01    9.8608834835e-01    1.6800000000e+02    7.5046271843e-03    5.4821428571e-01
       232   -6.2583418546e+00    3.9224499114e+01   -1.0098418270e+01    3.8400764155e+00    8.3779284518e+00    7.0352107511e+00   -2.6407017339e+01    8.9545986601e-01    1.6800000000e+02    7.4049541023e-03    5.4144345238e-01
       233   -6.2508687415e+00    3.9129648688e+01   -1.0391984221e+01    4.1411154792e+00    8.4498357629e+00    7.0352107511e+00   -2.6610362886e+01    7.3333215111e-01    1.6800000000e+02    7.5199005151e-03    5.4605654762e-01
       234   -6.2530597910e+00    3.9178305337e+01   -1.0044146769e+01    3.7910869776e+00    8.3955438744e+00    7.0352107511e+00   -2.6356763156e+01    8.8186176157e-01    1.6800000000e+02    7.5292165408e-03    5.4333333333e-01
       235   -6.2777588619e+00    3.9461324486e+01   -1.0166831959e+01    3.8890730973e+00    8.2709124000e+00    7.0352107511e+00   -2.6224589597e+01    7.5163448669e-01    1.6800000000e+02    7.4612070130e-03    5.4261904762e-01
       236   -6.2432006495e+00    3.9016685028e+01   -1.0364145463e+01    4.1209448130e+00    8.3708428379e+00    7.0352107511e+00   -2.6474695911e+01    7.0449685983e-01    1.6800000000e+02    7.5005879747e-03    5.4244047619e-01
       237   -6.2720739169e+00    3.9376181389e+01   -1.0151997134e+01    3.8799232172e+00    8.4133752928e+00    7.0352107511e+00   -2.6450038296e+01    8.4945511782e-01    1.6800000000e+02    7.4741966141e-03    5.4349702381e-01
       238   -6.2553623031e+00    3.9171582440e+01   -1.0174846411e+01    3.9194841076e+00    8.4237855617e+00    7.0352107511e+00   -2.6354447753e+01    7.2060502943e-01    1.6800000000e+02    7.5100674264e-03    5.4488095238e-01
       239   -6.2715250749e+00    3.9388868558e+01   -1.0086905213e+01    3.8153801383e+00    8.4725307072e+00    7.0352107511e+00   -2.6548849659e+01    9.5420298702e-01    1.6800000000e+02    7.4900897852e-03    5.4352678571e-01
       240   -6.2701016784e+00    3.9377541452e+01   -1.0138870928e+01    3.8687692497e+00    8.4888434392e+00    7.0352107511e+00   -2.6437665620e+01    7.7474050138e-01    1.6800000000e+02    7.5204614468e-03    5.4641369048e-01
       241   -6.2663036395e+00    3.9344274780e+01   -1.0362008305e+01    4.0957046658e+00    8.4269191560e+00    7.0352107511e+00   -2.6767804926e+01    9.4366671389e-01    1.6800000000e+02    7.5012876844e-03    5.4712797619e-01
       242   -6.2578693873e+00    3.9220035410e+01   -1.0137481238e+01    3.8796118507e+00    8.3014371646e+00    7.0352107511e+00   -2.6106442268e+01    6.3231311444e-01    1.6800000000e+02    7.4777267529e-03    5.4255952381e-01
       243   -6.2385968246e+00    3.8973721726e+01   -1.0225552131e+01    3.9869553064e+00    8.4813527930e+00    7.0352107511e+00   -2.6675448366e+01    9.3333269042e-01    1.6800000000e+02    7.4774130958e-03    5.4462797619e-01
       244   -6.2766461107e+00    3.9451206778e+01   -1.0174699639e+01    3.8980535284e+00    8.3870382138e+00    7.0352107511e+00   -2.6376825441e+01    7.7987683712e-01    1.6800000000e+02    7.4706177917e-03    5.4488095238e-01
       245   -6.2620723372e+00    3.9245673930e+01   -1.0415919356e+01    4.1538470183e+00    8.5236030645e+00    7.0352107511e+00   -2.6591658017e+01    6.1692484562e-01    1.6800000000e+02    7.5148382904e-03    5.4383928571e-01
       246   -6.2748109338e+00    3.9436590953e+01   -1.0239813809e+01    3.9650028752e+00    8.2715402738e+00    7.0352107511e+00   -2.6201920090e+01    6.5535525640e-01    1.6800000000e+02    7.4816181950e-03    5.4196428571e-01
       247   -6.2829519681e+00    3.9523870773e+01   -1.0346996902e+01    4.0640449341e+00    8.4851883264e+00    7.0352107511e+00   -2.6728992169e+01    8.6159618971e-01    1.6800000000e+02    7.4855533364e-03    5.4217261905e-01
       248   -6.2680986323e+00    3.9344492748e+01   -1.0270978506e+01    4.0028798735e+00    8.4678259807e+00    7.0352107511e+00   -2.6577313717e+01    8.0329847916e-01    1.6800000000e+02    7.5012856515e-03    5.4193452381e-01
       249   -6.3013353738e+00    3.9758062477e+01   -1.0269802914e+01    3.9684675399e+00    8.4320713731e+00    7.0352107511e+00   -2.6572916736e+01    8.3583169838e-01    1.6800000000e+02    7.4926281830e-03    5.4031250000e-01
       250   -6.2545769543e+00    3.9164572025e+01   -1.0026769624e+01    3.7721926701e+00    8.3252684752e+00    7.0352107511e+00   -2.6079457209e+01    6.9220835840e-01    1.6800000000e+02    7.4877547052e-03    5.4351190476e-01
       251   -6.2406467796e+00    3.9019655947e+01   -1.0056421675e+01    3.8157748957e+00    8.3486169028e+00    7.0352107511e+00   -2.6147431545e+01    7.0718221601e-01    1.6800000000e+02    7.4609723076e-03    5.4467261905e-01
       252   -6.2666120365e+00    3.9312150414e+01   -9.9473776047e+00    3.6807655682e+00    8.3420070182e+00    7.0352107511e+00   -2.6040754741e+01    7.1615936710e-01    1.6800000000e+02    7.4749746554e-03    5.4416666667e-01
       253   -6.2846245934e+00    3.9537918156e+01   -1.0289905280e+01    4.0052806861e+00    8.4808148126e+00    7.0352107511e+00   -2.6578910655e+01    7.7297981126e-01    1.6800000000e+02    7.4758455382e-03    5.4385416667e-01
       254   -6.2462544458e+00    3.9102024638e+01   -1.0290500565e+01    4.0442461194e+00    8.4823346077e+00    7.0352107511e+00   -2.6556648306e+01    7.4860238189e-01    1.6800000000e+02    7.5154196132e-03    5.4391369048e-01
       255   -6.2344204143e+00    3.8949530223e+01   -1.0585394501e+01    4.3509740864e+00    8.4587380325e+00    7.0352107511e+00   -2.6849937336e+01    7.7059405204e-01    1.6800000000e+02    7.5317959276e-03    5.4233630952e-01
       256   -6.2703706940e+00    3.9404973834e+01   -1.0186250513e+01    3.9158798187e+00    8.4224671768e+00    7.0352107511e+00   -2.6854949811e+01    1.2110213705e+00    1.6800000000e+02    7.4267321001e-03    5.4032738095e-01
       257   -6.2702801562e+00    3.9370901247e+01   -1.0412130853e+01    4.1418506971e+00    8.4575419059e+00    7.0352107511e+00   -2.6681195307e+01    7.7631179714e-01    1.6800000000e+02    7.4392563000e-03    5.4354166667e-01
       258   -6.2839270076e+00    3.9523172042e+01   -1.0212047174e+01    3.9281201662e+00    8.4073568794e+00    7.0352107511e+00   -2.6235780267e+01    5.8116546245e-01    1.6800000000e+02    7.4785482025e-03    5.4410714286e-01
       259   -6.2300124949e+00    3.8868339254e+01   -1.0114724454e+01    3.8847119592e+00    8.3321402693e+00    7.0352107511e+00   -2.6350055015e+01    8.6797953986e-01    1.6800000000e+02    7.4956359549e-03    5.4395833333e-01
       260   -6.2869063991e+00    3.9569726202e+01   -1.0491024566e+01    4.2041181673e+00    8.5373120166e+00    7.0352107511e+00   -2.6866426021e+01    8.0287868691e-01    1.6800000000e+02    7.4726288850e-03    5.4035714286e-01
       261   -6.2682842929e+00    3.9327861646e+01   -1.0159235009e+01    3.8909507161e+00    8.4443880970e+00    7.0352107511e+00   -2.6367747599e+01    7.2891374220e-01    1.6800000000e+02    7.4898176346e-03    5.4220238095e-01
       262   -6.2788197213e+00    3.9466059404e+01   -1.0462920616e+01    4.1841008945e+00    8.4721438850e+00    7.0352107511e+00   -2.6745065217e+01    7.7478996533e-01    1.6800000000e+02    7.5218283120e-03    5.4245535714e-01
       263   -6.2536318686e+00    3.9152380949e+01   -1.0165296482e+01    3.9116646135e+00    8.3694927841e+00    7.0352107511e+00   -2.6141810078e+01    5.7181006050e-01    1.6800000000e+02    7.4709562675e-03    5.4441964286e-01
       264   -6.2260618814e+00    3.8856470742e+01   -1.0396694782e+01    4.1706329006e+00    8.3709114515e+00    7.0352107511e+00   -2.6757375759e+01    9.5455877462e-01    1.6800000000e+02    7.4392604596e-03    5.4227678571e-01
       265   -6.2508238477e+00    3.9110294709e+01   -1.0160536254e+01    3.9097124059e+00    8.3642609774e+00    7.0352107511e+00   -2.6214590265e+01    6.5458228307e-01    1.6800000000e+02    7.4693643362e-03    5.4187500000e-01
       266   -6.2922579709e+00    3.9650554867e+01   -1.0115348458e+01    3.8230904867e+00    8.4557895674e+00    7.0352107511e+00   -2.6502722107e+01    8.9637333072e-01    1.6800000000e+02    7.5071253401e-03    5.4366071429e-01
       267   -6.2553695595e+00    3.9185056100e+01   -1.0202430440e+01    3.9470608804e+00    8.4406258298e+00    7.0352107511e+00   -2.6539490217e+01    8.6122319663e-01    1.6800000000e+02    7.4822401272e-03    5.4364583333e-01
       268   -6.2204781444e+00    3.8796904979e+01   -9.9613409528e+00    3.7408628084e+00    8.3300551310e+00    7.0352107511e+00   -2.6238824531e+01    9.1221769633e-01    1.6800000000e+02    7.4266138689e-03    5.4019345238e-01
       269   -6.2562928595e+00    3.9169631563e+01   -1.0193332173e+01    3.9370393139e+00    8.4211365769e+00    7.0352107511e+00   -2.6318106734e+01    6.6842723256e-01    1.6800000000e+02    7.4393721704e-03    5.4294642857e-01
       270   -6.2633619674e+00    3.9269074505e+01   -1.0064909271e+01    3.8015473033e+00    8.2299127733e+00    7.0352107511e+00   -2.6062984993e+01    7.3295219817e-01    1.6800000000e+02    7.4547610482e-03    5.4205357143e-01
       271   -6.2572973042e+00    3.9220807238e+01   -1.0356365345e+01    4.0990680407e+00    8.4498102420e+00    7.0352107511e+00   -2.6615532949e+01    7.7414661077e-01    1.6800000000e+02    7.4330650889e-03    5.3985119048e-01
       272   -6.2727015767e+00    3.9382020344e+01   -1.0272717707e+01    4.0000161304e+00    8.5417511666e+00    7.0352107511e+00   -2.6591636494e+01    7.4195686868e-01    1.6800000000e+02    7.5721223840e-03    5.4346726190e-01
       273   -6.2613805540e+00    3.9259877973e+01   -1.0138811978e+01    3.8774314241e+00    8.5845633810e+00    7.0352107511e+00   -2.6571031600e+01    8.1244549012e-01    1.6800000000e+02    7.4893422032e-03    5.4180059524e-01
       274   -6.2593691176e+00    3.9236335632e+01   -9.9684356180e+00    3.7090665004e+00    8.5284449010e+00    7.0352107511e+00   -2.6408398475e+01    8.7630720533e-01    1.6800000000e+02    7.5039792618e-03    5.4312500000e-01
       275   -6.2655553076e+00    3.9305091029e+01   -1.0125448796e+01    3.8598934889e+00    8.3522976169e+00    7.0352107511e+00   -2.6140306345e+01    6.2734918005e-01    1.6800000000e+02    7.5039574732e-03    5.4397321429e-01
       276   -6.2822710840e+00    3.9516977875e+01   -1.0148125167e+01    3.8658540833e+00    8.3764749111e+00    7.0352107511e+00   -2.6274628353e+01    7.1481752370e-01    1.6800000000e+02    7.5125905218e-03    5.4659226190e-01
       277   -6.2573735653e+00    3.9196802693e+01   -1.0167823619e+01    3.9104500539e+00    8.5252950311e+00    7.0352107511e+00   -2.6576522072e+01    8.4819267063e-01    1.6800000000e+02    7.5584593300e-03    5.4502976190e-01
       278   -6.2614521133e+00    3.9243651364e+01   -1.0380902450e+01    4.1194503364e+00    8.3478866660e+00    7.0352107511e+00   -2.6537454036e+01    7.7345416885e-01    1.6800000000e+02    7.5355115781e-03    5.4453869048e-01
       279   -6.2730545309e+00    3.9399810383e+01   -1.0189654767e+01    3.9166002359e+00    8.3098340320e+00    7.0352107511e+00   -2.6199280249e+01    6.6458069859e-01    1.6800000000e+02    7.4852322163e-03    5.3819940476e-01
       280   -6.2490301800e+00    3.9093756476e+01   -1.0098446810e+01    3.8494166296e+00    8.3735260286e+00    7.0352107511e+00   -2.6317759923e+01    8.1057633364e-01    1.6800000000e+02    7.4224607774e-03    5.4258928571e-01
       281   -6.2608610204e+00    3.9296270469e+01   -1.0476657817e+01    4.2157967969e+00    8.4400722501e+00    7.0352107511e+00   -2.6741595114e+01    7.8965429529e-01    1.6800000000e+02    7.4917854086e-03    5.4513392857e-01
       282   -6.2929918312e+00    3.9640232888e+01   -1.0117262007e+01    3.8242701755e+00    8.4401855810e+00    7.0352107511e+00   -2.6413797826e+01    8.2113948756e-01    1.6800000000e+02    7.4949891337e-03    5.4203869048e-01
       283   -6.2725147838e+00    3.9399870996e+01   -1.0510588265e+01    4.2380734809e+00    8.3563215708e+00    7.0352107511e+00   -2.6610113796e+01    7.0799320898e-01    1.6800000000e+02    7.4859247740e-03    5.4349702381e-01
       284   -6.2577649715e+00    3.9212176648e+01   -1.0199331081e+01    3.9415661097e+00    8.5490482084e+00    7.0352107511e+00   -2.6812638110e+01    1.0290480689e+00    1.6800000000e+02    7.4321497759e-03    5.4125000000e-01
       285   -6.2523780406e+00    3.9123979604e+01   -1.0184372953e+01    3.9319949120e+00    8.3867992579e+00    7.0352107511e+00   -2.6425037086e+01    8.1865412419e-01    1.6800000000e+02    7.5757479494e-03    5.4654761905e-01
       286   -6.2394984934e+00    3.9005696867e+01   -1.0269845146e+01    4.0303466524e+00    8.3712596999e+00    7.0352107511e+00   -2.6471637567e+01    7.9532197004e-01    1.6800000000e+02    7.4691403952e-03    5.4227678571e-01
       287   -6.2689647866e+00    3.9364997918e+01   -1.0596403829e+01    4.3274390426e+00    8.4215868951e+00    7.0352107511e+00   -2.6623228230e+01    5.7002675426e-01    1.6800000000e+02    7.5151369978e-03    5.4401785714e-01
       288   -6.2643488998e+00    3.9289368228e+01   -1.0133962313e+01    3.8696134135e+00    8.4621634784e+00    7.0352107511e+00   -2.6313125928e+01    6.8178938523e-01    1.6800000000e+02    7.5059728640e-03    5.4129464286e-01
       289   -6.2921181495e+00    3.9638290810e+01   -1.0454752031e+01    4.1626338816e+00    8.6032897779e+00    7.0352107511e+00   -2.6801832483e+01    7.0857992259e-01    1.6800000000e+02    7.5130382395e-03    5.4425595238e-01
       290   -6.2691208815e+00    3.9362347972e+01   -1.0144197947e+01    3.8750770658e+00    8.4895515387e+00    7.0352107511e+00   -2.6513307716e+01    8.4434747842e-01    1.6800000000e+02    7.4879640127e-03    5.4188988095e-01
       291   -6.2400834462e+00    3.9309987470e+01   -1.0443736075e+01    4.2036526286e+00    8.4217170087e+00    7.0352107511e+00   -2.6597231876e+01    6.9656804175e-01    1.6800000000e+02    7.4584546775e-03    5.4263392857e-01
       292   -6.2552186076e+00    3.9185445483e+01   -1.0401650625e+01    4.1464320174e+00    8.4015746923e+00    7.0352107511e+00   -2.6792619025e+01    9.5418295633e-01    1.6800000000e+02    7.4996731984e-03    5.3849702381e-01
       293   -6.2634862645e+00    3.9312021472e+01   -1.0453785769e+01    4.1902995050e+00    8.4481390568e+00    7.0352107511e+00   -2.6762564263e+01    8.2542868542e-01    1.6800000000e+02    7.5487745698e-03    5.4443452381e-01
       294   -6.2734177261e+00    3.9405187688e+01   -1.0153669592e+01    3.8802518660e+00    8.4279706365e+00    7.0352107511e+00   -2.6175827660e+01    5.5897668028e-01    1.6800000000e+02    7.4462414693e-03    5.3861607143e-01
       295   -6.2647594392e+00    3.9309294968e+01   -1.0046122423e+01    3.7813629838e+00    8.1894450613e+00    7.0352107511e+00   -2.6168206635e+01    8.9742839950e-01    1.6800000000e+02    7.4925137705e-03    5.4502976190e-01
       296   -6.2560009261e+00    3.9190220161e+01   -1.0094474537e+01    3.8384736108e+00    8.4630617234e+00    7.0352107511e+00   -2.6279519384e+01    6.8677237302e-01    1.6800000000e+02    7.4978448100e-03    5.4397321429e-01
       297   -6.2613105659e+00    3.9287656655e+01   -9.9992434697e+00    3.7379329038e+00    8.4567083066e+00    7.0352107511e+00   -2.6331086289e+01    8.3992376194e-01    1.6800000000e+02    7.4700641683e-03    5.4434523810e-01
       298   -6.2457789958e+00    3.9071994294e+01   -1.0310024222e+01    4.0642452264e+00    8.6063552397e+00    7.0352107511e+00   -2.6859168654e+01    9.0757844081e-01    1.6800000000e+02    7.5277954661e-03    5.4313988095e-01
       299   -6.2690090208e+00    3.9343647346e+01   -1.0108309924e+01    3.8393009027e+00    8.4080120242e+00    7.0352107511e+00   -2.6125987264e+01    5.7445456518e-01    1.6800000000e+02    7.5138983195e-03    5.4172619048e-01
       300   -6.2714685462e+00    3.9351279664e+01   -1.0511697804e+01    4.2402292575e+00    8.3469918388e+00    7.0352107511e+00   -2.6366194535e+01    4.7229414139e-01    1.6800000000e+02    7.4526499976e-03    5.3880952381e-01
       301   -6.2552481792e+00    3.9185736002e+01   -1.0087259731e+01    3.8320115514e+00    8.4344840355e+00    7.0352107511e+00   -2.6481363967e+01    9.2440944953e-01    1.6800000000e+02    7.4669770979e-03    5.4049107143e-01
       302   -6.2704075125e+00    3.9357324520e+01   -1.0342972489e+01    4.0725649768e+00    8.4945677298e+00    7.0352107511e+00   -2.6604429472e+01    7.3167850182e-01    1.6800000000e+02    7.5012993822e-03    5.4480654762e-01
       303   -6.2581624105e+00    3.9257614584e+01   -1.0026910581e+01    3.7687481703e+00    8.5600801515e+00    7.0352107511e+00   -2.6474081464e+01    8.5187998082e-01    1.6800000000e+02    7.5159925370e-03    5.4248511905e-01
       304   -6.2969269439e+00    3.9687368378e+01   -9.9598983228e+00    3.6629713789e+00    8.3746835619e+00    7.0352107511e+00   -2.5938349117e+01    5.6855648085e-01    1.6800000000e+02    7.5088438276e-03    5.4264880952e-01
       305   -6.2615151228e+00    3.9263605503e+01   -1.0260299222e+01    3.9987840992e+00    8.3256201792e+00    7.0352107511e+00   -2.6509440340e+01    8.8831018735e-01    1.6800000000e+02    7.4525474052e-03    5.4364583333e-01
       306   -6.2459044353e+00    3.9067374689e+01   -1.0003109982e+01    3.7572055469e+00    8.3304350033e+00    7.0352107511e+00   -2.6289998288e+01    9.2124255171e-01    1.6800000000e+02    7.4575672060e-03    5.4997023810e-01
       307   -6.2589586159e+00    3.9207427863e+01   -1.0076307543e+01    3.8173489274e+00    8.3492908021e+00    7.0352107511e+00   -2.6099071350e+01    6.3826225328e-01    1.6800000000e+02    7.4768780090e-03    5.4346726190e-01
       308   -6.2681621609e+00    3.9338407409e+01   -1.0371814133e+01    4.1036519722e+00    8.4156981836e+00    7.0352107511e+00   -2.6611148707e+01    7.8842563943e-01    1.6800000000e+02    7.4275787964e-03    5.4382440476e-01
       309   -6.2793674976e+00    3.9473750717e+01   -1.0090022189e+01    3.8106546915e+00    8.5648272550e+00    7.0352107511e+00   -2.6569891682e+01    8.7983148660e-01    1.6800000000e+02    7.5236366457e-03    5.4348214286e-01
       310   -6.2683607926e+00    3.9343017543e+01   -1.0610837404e+01    4.3424766117e+00    8.4444652421e+00    7.0352107511e+00   -2.6693310125e+01    6.0279672796e-01    1.6800000000e+02    7.4919306254e-03    5.4319940476e-01
       311   -6.2888868573e+00    3.9608202040e+01   -1.0191749207e+01    3.9028623500e+00    8.3813554749e+00    7.0352107511e+00   -2.6452851722e+01    8.4453628903e-01    1.6800000000e+02    7.4618302227e-03    5.4168154762e-01
       312   -6.2590807789e+00    3.9214103675e+01   -1.0181178362e+01    3.9220975828e+00    8.3595793906e+00    7.0352107511e+00   -2.6147066012e+01    5.7109750853e-01    1.6800000000e+02    7.5028248551e-03    5.4392857143e-01
       313   -6.2596481702e+00    3.9233147455e+01   -1.0146978151e+01    3.8873299806e+00    8.5192237047e+00    7.0352107511e+00   -2.6498383685e+01    7.9697107875e-01    1.6800000000e+02    7.4953160470e-03    5.4436011905e-01
       314   -6.2341606635e+00    3.8936097980e+01   -1.0189376641e+01    3.9552159779e+00    8.5240069882e+00    7.0352107511e+00   -2.6499423816e+01    7.5082943560e-01    1.6800000000e+02    7.5343894994e-03    5.4363095238e-01
       315   -6.2432435188e+00    3.9020864682e+01   -9.8898856778e+00    3.6466421590e+00    8.2723365572e+00    7.0352107511e+00   -2.5994521449e+01    7.9708846262e-01    1.6800000000e+02    7.5416153054e-03    5.4522321429e-01
       316   -6.2362965512e+00    3.8945607636e+01   -1.0135989146e+01    3.8996925952e+00    8.3958336548e+00    7.0352107511e+00   -2.6395374537e+01    8.2834098469e-01    1.6800000000e+02    7.4592386679e-03    5.4895833333e-01
       317   -6.2788206197e+00    3.9468205600e+01   -1.0136799027e+01    3.8579784076e+00    8.4662843943e+00    7.0352107511e+00   -2.6322691911e+01    6.8439773859e-01    1.6800000000e+02    7.5206190929e-03    5.4711309524e-01
       318   -6.2158116379e+00    3.8700518491e+01   -9.8914119313e+00    3.6756002934e+00    8.2894709225e+00    7.0352107511e+00   -2.6053912467e+01    8.3781886224e-01    1.6800000000e+02    7.4930149821e-03    5.4355654762e-01
       319   -6.2759988748e+00    3.9438564819e+01   -1.0289629058e+01    4.0136301829e+00    8.4765989782e+00    7.0352107511e+00   -2.6381654989e+01    5.8021620242e-01    1.6800000000e+02    7.4694394619e-03    5.4352678571e-01
       320   -6.2460538649e+00    3.9068349437e+01   -9.9441690443e+00    3.6981151793e+00    8.3975389155e+00    7.0352107511e+00   -2.6081158301e+01    7.0423959029e-01    1.6800000000e+02    7.4570834247e-03    5.4031250000e-01
       321   -6.2739478104e+00    3.9399226852e+01   -1.0407625736e+01    4.1336779256e+00    8.5141060060e+00    7.0352107511e+00   -2.6705334370e+01    7.4839187722e-01    1.6800000000e+02    7.5238414211e-03    5.4436011905e-01
       322   -6.2770275789e+00    3.9441267733e+01   -1.0382387711e+01    4.1053601317e+00    8.4136230873e+00    7.0352107511e+00   -2.6510217283e+01    6.7899573385e-01    1.6800000000e+02    7.4306432201e-03    5.4029761905e-01
       323   -6.2682865075e+00    3.9327725148e+01   -1.0234505734e+01    3.9662192269e+00    8.4091293639e+00    7.0352107511e+00   -2.6308432739e+01    6.2958688991e-01    1.6800000000e+02    7.5153223337e-03    5.4114583333e-01
       324   -6.2655224014e+00    3.9308657354e+01   -1.0257958200e+01    3.9924357983e+00    8.5221921106e+00    7.0352107511e+00   -2.6537319763e+01    7.2195870198e-01    1.6800000000e+02    7.5167199066e-03    5.4675595238e-01
       325   -6.2657204137e+00    3.9300925342e+01   -1.0407478209e+01    4.1417577953e+00    8.3337971843e+00    7.0352107511e+00   -2.6466910101e+01    6.9042395628e-01    1.6800000000e+02    7.4923356532e-03    5.4492559524e-01
       326   -6.2552327921e+00    3.9174208130e+01   -1.0331744639e+01    4.0765118466e+00    8.4954314300e+00    7.0352107511e+00   -2.6658428889e+01    7.9604206874e-01    1.6800000000e+02    7.5316184618e-03    5.4153273810e-01
       327   -6.2656521641e+00    3.9295830481e+01   -1.0031195795e+01    3.7655436309e+00    8.3814432360e+00    7.0352107511e+00   -2.5991243141e+01    5.4339335859e-01    1.6800000000e+02    7.4880042102e-03    5.4382440476e-01
       328   -6.2713992403e+00    3.9393525476e+01   -1.0090487903e+01    3.8190886630e+00    8.4332550916e+00    7.0352107511e+00   -2.6337156685e+01    7.7820293890e-01    1.6800000000e+02    7.5062643061e-03    5.4379464286e-01
       329   -6.2753794755e+00    3.9430540128e+01   -1.0364037462e+01    4.0886579861e+00    8.5403651024e+00    7.0352107511e+00   -2.6836979480e+01    8.9736616450e-01    1.6800000000e+02    7.5570030125e-03    5.4561011905e-01
       330   -6.2548607012e+00    3.9190288475e+01   -1.0142796467e+01    3.8879357656e+00    8.4164258972e+00    7.0352107511e+00   -2.6233181683e+01    6.3874856791e-01    1.6800000000e+02    7.4563961414e-03    5.4183035714e-01
       331   -6.2332704150e+00    3.8950130731e+01   -1.0014455450e+01    3.7811850348e+00    8.2699761013e+00    7.0352107511e+00   -2.5988057890e+01    6.6841558751e-01    1.6800000000e+02    7.4532578490e-03    5.4392857143e-01
       332   -6.2708145501e+00    3.9408530306e+01   -1.0172129989e+01    3.9013154387e+00    8.4416077193e+00    7.0352107511e+00   -2.6413391707e+01    7.6444324814e-01    1.6800000000e+02    7.4202729671e-03    5.4437500000e-01
       333   -6.2575198940e+00    3.9227957248e+01   -1.0200384147e+01    3.9428642534e+00    8.4888042535e+00    7.0352107511e+00   -2.6528879754e+01    8.0448060149e-01    1.6800000000e+02    7.4695483231e-03    5.4328869048e-01
       334   -6.2767819526e+00    3.9440567589e+01   -1.0294454632e+01    4.0176726799e+00    8.4660431754e+00    7.0352107511e+00   -2.6519797325e+01    7.2408876584e-01    1.6800000000e+02    7.5685198164e-03    5.4635416667e-01
       335   -6.2653280578e+00    3.9298039389e+01   -1.0373725703e+01    4.1083976452e+00    8.4862520988e+00    7.0352107511e+00   -2.6718194165e+01    8.2300561176e-01    1.6800000000e+02    7.5121768985e-03    5.4568452381e-01
       336   -6.2431401595e+00    3.9064723204e+01   -1.0291617895e+01    4.0484777359e+00    8.3426964818e+00    7.0352107511e+00   -2.6730455261e+01    1.0609301331e+00    1.6800000000e+02    7.4756668395e-03    5.4465773810e-01
       337   -6.2757823880e+00    3.9428654154e+01   -1.0369403792e+01    4.0936214044e+00    8.5848582269e+00    7.0352107511e+00   -2.6676368839e+01    6.8689606810e-01    1.6800000000e+02    7.5077007472e-03    5.4315476190e-01
       338   -6.2555115239e+00    3.9170400457e+01   -1.0145973607e+01    3.8904620834e+00    8.4798099478e+00    7.0352107511e+00   -2.6351433556e+01    6.9043924936e-01    1.6800000000e+02    7.5423197482e-03    5.4333333333e-01
       339   -6.2472270598e+00    3.9094370678e+01   -9.9712424103e+00    3.7240153505e+00    8.2819075652e+00    7.0352107511e+00   -2.6035815802e+01    7.4745507552e-01    1.6800000000e+02    7.5156883755e-03    5.4531250000e-01
       340   -6.2449126425e+00    3.9059552917e+01   -1.0248321901e+01    4.0034092587e+00    8.3894500969e+00    7.0352107511e+00   -2.6506499298e+01    8.3351654892e-01    1.6800000000e+02    7.4555282013e-03    5.4364583333e-01
       341   -6.2797285763e+00    3.9478637138e+01   -1.0521657582e+01    4.2419290062e+00    8.4313179383e+00    7.0352107511e+00   -2.6867548524e+01    8.7936225260e-01    1.6800000000e+02    7.5168809704e-03    5.4446428571e-01
       342   -6.2696347236e+00    3.9395092023e+01   -1.0118210933e+01    3.8485762091e+00    8.4646694956e+00    7.0352107511e+00   -2.6675113486e+01    1.0570223068e+00    1.6800000000e+02    7.5683442848e-03    5.4474702381e-01
       343   -6.2412018083e+00    3.9009038887e+01   -1.0048669287e+01    3.8074674783e+00    8.4142404723e+00    7.0352107511e+00   -2.6378622956e+01    8.8050244582e-01    1.6800000000e+02    7.5048171044e-03    5.4388392857e-01
       344   -6.2815236960e+00    3.9522674700e+01   -1.0205429286e+01    3.9239055902e+00    8.4063233727e+00    7.0352107511e+00   -2.6300153800e+01    6.5319038991e-01    1.6800000000e+02    7.4960154078e-03    5.4081845238e-01
       345   -6.2644116996e+00    3.9283342875e+01   -1.0039531133e+01    3.7751194339e+00    8.2202141834e+00    7.0352107511e+00   -2.6080579351e+01    7.8562328317e-01    1.6800000000e+02    7.4383825212e-03    5.4122023810e-01
       346   -6.2719964482e+00    3.9379041687e+01   -1.0291062132e+01    4.0190656833e+00    8.2818644898e+00    7.0352107511e+00   -2.6335811608e+01    7.2767423519e-01    1.6800000000e+02    7.4620453542e-03    5.4468750000e-01
       347   -6.2627084072e+00    3.9271550664e+01   -1.0189454080e+01    3.9267456729e+00    8.4023112268e+00    7.0352107511e+00   -2.6443173802e+01    8.1619774350e-01    1.6800000000e+02    7.4613712382e-03    5.4266369048e-01
       348   -6.2353617719e+00    3.8927881777e+01   -9.9914069413e+00    3.7560451694e+00    8.4218223429e+00    7.0352107511e+00   -2.6371780815e+01    9.2334077910e-01    1.6800000000e+02    7.5361345916e-03    5.4629464286e-01
       349   -6.2977385117e+00    3.9711484114e+01   -1.0076616479e+01    3.7788779671e+00    8.5583905372e+00    7.0352107511e+00   -2.6367334787e+01    6.9711702042e-01    1.6800000000e+02    7.5319884944e-03    5.4592261905e-01
       350   -6.2753477458e+00    3.9476461320e+01   -1.0296205920e+01    4.0208581744e+00    8.4274160249e+00    7.0352107511e+00   -2.6637823955e+01    8.7899125927e-01    1.6800000000e+02    7.5279019407e-03    5.4354166667e-01
       351   -6.2885034911e+00    3.9581084008e+01   -9.9970553164e+00    3.7085518253e+00    8.3294721384e+00    7.0352107511e+00   -2.5889270777e+01    5.2753257088e-01    1.6800000000e+02    7.4837307687e-03    5.4547619048e-01
       352   -6.3038302058e+00    3.9782157405e+01   -1.0257601607e+01    3.9537714011e+00    8.5785071912e+00    7.0352107511e+00   -2.6681063303e+01    8.0974375368e-01    1.6800000000e+02    7.4648114182e-03    5.3910714286e-01
       353   -6.2533757742e+00    3.9140468418e+01   -9.9649331116e+00    3.7115573374e+00    8.2962956871e+00    7.0352107511e+00   -2.6111357465e+01    8.1491791565e-01    1.6800000000e+02    7.4837626369e-03    5.4212797619e-01
       354   -6.2625200512e+00    3.9266377639e+01   -1.0293207146e+01    4.0306870944e+00    8.4698723454e+00    7.0352107511e+00   -2.6528253400e+01    7.2996315775e-01    1.6800000000e+02    7.4841508893e-03    5.4476190476e-01
       355   -6.2477650897e+00    3.9094525876e+01   -9.9983122645e+00    3.7505471748e+00    8.3311738756e+00    7.0352107511e+00   -2.6152755761e+01    7.8805886962e-01    1.6800000000e+02    7.5110973331e-03    5.4465773810e-01
       356   -6.2740082912e+00    3.9400865976e+01   -1.0171044360e+01    3.8970360690e+00    8.5261109972e+00    7.0352107511e+00   -2.6523988020e+01    7.9162191101e-01    1.6800000000e+02    7.5168527292e-03    5.4159226190e-01
       357   -6.2548656841e+00    3.9218906746e+01   -1.0309381095e+01    4.0545154106e+00    8.5342935849e+00    7.0352107511e+00   -2.6640580969e+01    7.6169553839e-01    1.6800000000e+02    7.5111468022e-03    5.4409226190e-01
       358   -6.2713969567e+00    3.9387072388e+01   -1.0058471197e+01    3.7870742400e+00    8.3433146333e+00    7.0352107511e+00   -2.6250203139e+01    8.1320655778e-01    1.6800000000e+02    7.5507809441e-03    5.4614583333e-01
       359   -6.2656477531e+00    3.9336897504e+01   -9.9930722885e+00    3.7274245354e+00    8.2441308086e+00    7.0352107511e+00   -2.5892103085e+01    6.1968923692e-01    1.6800000000e+02    7.4364532240e-03    5.4458333333e-01
       360   -6.2686413818e+00    3.9381304815e+01   -9.9169232343e+00    3.6482818524e+00    8.5704252139e+00    7.0352107511e+00   -2.6590337041e+01    1.0677778415e+00    1.6800000000e+02    7.4975204050e-03    5.4300595238e-01
       361   -6.2564822822e+00    3.9196023230e+01   -1.0431026020e+01    4.1745437376e+00    8.4212738022e+00    7.0352107511e+00   -2.6527354923e+01    6.3984435039e-01    1.6800000000e+02    7.5228843515e-03    5.4229166667e-01
       362   -6.2543579416e+00    3.9180136337e+01   -1.0082568220e+01    3.8282102780e+00    8.4491022484e+00    7.0352107511e+00   -2.6532343923e+01    9.6546270373e-01    1.6800000000e+02    7.5023684711e-03    5.4504464286e-01
       363   -6.2460664141e+00    3.9114898716e+01   -1.0196137523e+01    3.9500711085e+00    8.3664572657e+00    7.0352107511e+00   -2.6386956716e+01    7.8915117602e-01    1.6800000000e+02    7.4391608756e-03    5.4107142857e-01
       364   -6.2674336333e+00    3.9378044133e+01   -1.0260736063e+01    3.9933024298e+00    8.3483226509e+00    7.0352107511e+00   -2.6446577381e+01    8.0230791626e-01    1.6800000000e+02    7.4598539176e-03    5.4385416667e-01
       365   -6.2534983068e+00    3.9154629527e+01   -1.0104905081e+01    3.8514067738e+00    8.2949187435e+00    7.0352107511e+00   -2.6366117799e+01    9.3108322413e-01    1.6800000000e+02    7.5664555597e-03    5.4431547619e-01
       366   -6.2210468604e+00    3.8862854245e+01   -1.0059594688e+01    3.8385478278e+00    8.4913601052e+00    7.0352107511e+00   -2.6297443677e+01    7.1127813221e-01    1.6800000000e+02    7.4508474332e-03    5.4447916667e-01
       367   -6.2624153292e+00    3.9322335484e+01   -9.9559403165e+00    3.6935249874e+00    8.4984732302e+00    7.0352107511e+00   -2.6379364278e+01    8.8973997988e-01    1.6800000000e+02    7.5150512716e-03    5.4419642857e-01
       368   -6.2785515624e+00    3.9454230453e+01   -1.0201887863e+01    3.9233363003e+00    8.3891392671e+00    7.0352107511e+00   -2.6297511907e+01    6.7127402620e-01    1.6800000000e+02    7.5120971273e-03    5.4755952381e-01
       369   -6.2509514999e+00    3.9123415964e+01   -9.8491949335e+00    3.5982434336e+00    8.2963215825e+00    7.0352107511e+00   -2.5837967851e+01    6.5724058372e-01    1.6800000000e+02    7.4957566967e-03    5.4563988095e-01
       370   -6.2628765939e+00    3.9276899977e+01   -1.0387732343e+01    4.1248557493e+00    8.4040440053e+00    7.0352107511e+00   -2.6581397974e+01    7.5441087468e-01    1.6800000000e+02    7.4964685109e-03    5.4278273810e-01
       371   -6.2584768713e+00    3.9201809337e+01   -1.0102862188e+01    3.8443853166e+00    8.5556148792e+00    7.0352107511e+00   -2.6350295718e+01    6.5660789927e-01    1.6800000000e+02    7.5118581171e-03    5.4257440476e-01
       372   -6.2580979913e+00    3.9220768307e+01   -1.0318130416e+01    4.0600324252e+00    8.4881320459e+00    7.0352107511e+00   -2.6656696501e+01    8.1522328704e-01    1.6800000000e+02    7.5206130417e-03    5.4074404762e-01
       373   -6.2479677126e+00    3.9088120512e+01   -1.0333355985e+01    4.0853882725e+00    8.3564666195e+00    7.0352107511e+00   -2.6493163716e+01    7.6813036059e-01    1.6800000000e+02    7.4659831728e-03    5.4328869048e-01
       374   -6.2548071667e+00    3.9164524667e+01   -1.0113750688e+01    3.8589435215e+00    8.3928418474e+00    7.0352107511e+00   -2.6125530663e+01    5.8372737612e-01    1.6800000000e+02    7.4782159535e-03    5.4188988095e-01
       375   -6.2832750881e+00    3.9513059763e+01   -1.0213758058e+01    3.9304829696e+00    8.5426979132e+00    7.0352107511e+00   -2.6526938740e+01    7.3527201785e-01    1.6800000000e+02    7.4597168490e-03    5.3919642857e-01
       376   -6.2485770579e+00    3.9107855265e+01   -1.0380684890e+01    4.1321078325e+00    8.5468646561e+00    7.0352107511e+00   -2.6722431440e+01    7.5967114245e-01    1.6800000000e+02    7.5046274749e-03    5.4211309524e-01
       377   -6.2667067594e+00    3.9299464398e+01   -1.0269126767e+01    4.0024200076e+00    8.3481250805e+00    7.0352107511e+00   -2.6413531176e+01    7.6106857733e-01    1.6800000000e+02    7.5195812909e-03    5.4627976190e-01
       378   -6.2660451759e+00    3.9300386577e+01   -1.0183131260e+01    3.9170860841e+00    8.4551613443e+00    7.0352107511e+00   -2.6426332547e+01    7.5282919188e-01    1.6800000000e+02    7.4199611039e-03    5.4029761905e-01
       379   -6.2307064126e+00    3.8891459838e+01   -1.0009287805e+01    3.7785813923e+00    8.3581676951e+00    7.0352107511e+00   -2.6363983164e+01    9.6131691234e-01    1.6800000000e+02    7.4500415000e-03    5.4200892857e-01
       380   -6.2748624277e+00    3.9440047827e+01   -1.0497866734e+01    4.2230043068e+00    8.5669453141e+00    7.0352107511e+00   -2.6796856530e+01    6.9683372991e-01    1.6800000000e+02    7.5192978958e-03    5.4184523810e-01
       381   -6.2261625072e+00    3.8843081804e+01   -1.0159087056e+01    3.9329245489e+00    8.6904384819e+00    7.0352107511e+00   -2.6756548960e+01    8.7181267079e-01    1.6800000000e+02    7.5470768826e-03    5.4177083333e-01
       382   -6.2949758319e+00    3.9655225136e+01   -9.9046870038e+00    3.6097111719e+00    8.6439580497e+00    7.0352107511e+00   -2.6199389850e+01    6.1553404577e-01    1.6800000000e+02    7.5246689070e-03    5.4369047619e-01
       383   -6.2518246437e+00    3.9162114591e+01   -1.0189907740e+01    3.9380830962e+00    8.4525426511e+00    7.0352107511e+00   -2.6500053407e+01    8.2239226527e-01    1.6800000000e+02    7.5063265813e-03    5.4313988095e-01
       384   -6.2556626466e+00    3.9201759701e+01   -1.0483543947e+01    4.2278813008e+00    8.4519802277e+00    7.0352107511e+00   -2.6847402084e+01    8.7666715828e-01    1.6800000000e+02    7.5164099468e-03    5.4275297619e-01
       385   -6.2933708625e+00    3.9665310449e+01   -1.0206018764e+01    3.9126479012e+00    8.5116997104e+00    7.0352107511e+00   -2.6424244393e+01    6.7131516793e-01    1.6800000000e+02    7.5190833157e-03    5.4190476190e-01
       386   -6.2740708457e+00    3.9406265398e+01   -1.0333038204e+01    4.0589673579e+00    8.3354545400e+00    7.0352107511e+00   -2.6433224089e+01    7.2952059386e-01    1.6800000000e+02    7.4318414919e-03    5.4360119048e-01
       387   -6.2606923726e+00    3.9252515795e+01   -1.0423231479e+01    4.1625391067e+00    8.5074226778e+00    7.0352107511e+00   -2.6681621283e+01    7.1575637524e-01    1.6800000000e+02    7.4558543137e-03    5.3982142857e-01
       388   -6.2349146096e+00    3.8988852193e+01   -1.0604846617e+01    4.3699320074e+00    8.3943243541e+00    7.0352107511e+00   -2.6944099987e+01    9.0971826511e-01    1.6800000000e+02    7.4469189240e-03    5.4029761905e-01
       389   -6.2875607662e+00    3.9580241433e+01   -1.0367938792e+01    4.0803780262e+00    8.4067775283e+00    7.0352107511e+00   -2.6469907757e+01    6.5998068498e-01    1.6800000000e+02    7.5201802989e-03    5.4447916667e-01
       390   -6.2531906889e+00    3.9147163648e+01   -1.0251505657e+01    3.9983149679e+00    8.2041826815e+00    7.0352107511e+00   -2.6178385683e+01    6.8748659368e-01    1.6800000000e+02    7.4813086924e-03    5.4270833333e-01
       391   -6.2878919977e+00    3.9616492222e+01   -1.0201685695e+01    3.9137936975e+00    8.3891880187e+00    7.0352107511e+00   -2.6279735669e+01    6.5365120370e-01    1.6800000000e+02    7.4185129516e-03    5.4446428571e-01
       392   -6.2434628441e+00    3.9035507373e+01   -1.0232075232e+01    3.9886123882e+00    8.4033464256e+00    7.0352107511e+00   -2.6593678014e+01    9.2304560546e-01    1.6800000000e+02    7.5126943028e-03    5.4369047619e-01
       393   -6.2873378188e+00    3.9570692808e+01   -1.0379863958e+01    4.0925261391e+00    8.4153969610e+00    7.0352107511e+00   -2.6473662257e+01    6.4319058662e-01    1.6800000000e+02    7.5271566644e-03    5.4601190476e-01
       394   -6.2354299835e+00    3.8947040736e+01   -9.8500548428e+00    3.6146248592e+00    8.2982222706e+00    7.0352107511e+00   -2.5954654378e+01    7.7116651344e-01    1.6800000000e+02    7.4960815366e-03    5.4303571429e-01
       395   -6.2571381696e+00    3.9209177195e+01   -1.0296482305e+01    4.0393441357e+00    8.4227269102e+00    7.0352107511e+00   -2.6617330118e+01    8.6291015139e-01    1.6800000000e+02    7.4856688432e-03    5.4318452381e-01
       396   -6.2848605941e+00    3.9537531392e+01   -9.9445177101e+00    3.6596571160e+00    8.3881221855e+00    7.0352107511e+00   -2.6105308845e+01    7.3745819786e-01    1.6800000000e+02    7.5258306348e-03    5.4339285714e-01
       397   -6.2508145703e+00    3.9128451779e+01   -1.0414229366e+01    4.1634147961e+00    8.3646644329e+00    7.0352107511e+00   -2.6439256437e+01    6.2515188636e-01    1.6800000000e+02    7.4621673443e-03    5.4336309524e-01
       398   -6.2557124335e+00    3.9171152494e+01   -1.0079432740e+01    3.8237203061e+00    8.3848187337e+00    7.0352107511e+00   -2.6261855507e+01    7.6239328303e-01    1.6800000000e+02    7.5072662815e-03    5.4552083333e-01
       399   -6.2216015928e+00    3.8762381211e+01   -9.8568920598e+00    3.6352904670e+00    8.3830544837e+00    7.0352107511e+00   -2.6085102397e+01    8.0994510253e-01    1.6800000000e+02    7.4360814303e-03    5.4577380952e-01
