#   index    LocalEnergy         LocalEnergy_sq      LocalPotential      Kinetic             ElecElec            IonIon              LocalECP            NonLocalECP         BlockWeight         BlockCPU            AcceptRatio         
         0   -5.8990024712e+00    3.4865064832e+01   -9.8605083577e+00    3.9615058865e+00    8.0825854623e+00    7.0352112452e+00   -2.5675108721e+01    6.9680365552e-01    1.3440000000e+03    7.5184615844e-01    5.5170758929e-01
         1   -5.9193185941e+00    3.5116632596e+01   -9.8410037853e+00    3.9216851912e+00    8.0642026541e+00    7.0352112452e+00   -2.5604167978e+01    6.6375029368e-01    1.3440000000e+03    7.5181550737e-01    5.5211495536e-01
         2   -5.9148606423e+00    3.5038750586e+01   -9.8347845140e+00    3.9199238717e+00    8.0452611292e+00    7.0352112452e+00   -2.5678370097e+01    7.6311320864e-01    1.3440000000e+03    7.5114599990e-01    5.5333891369e-01
         3   -5.9045136330e+00    3.4946571331e+01   -9.7860322341e+00    3.8815186011e+00    8.1006355597e+00    7.0352112452e+00   -2.5689005674e+01    7.6712663532e-01    1.3440000000e+03    7.5236180317e-01    5.5424107143e-01
         4   -5.9248678308e+00    3.5186212191e+01   -9.9786206176e+00    4.0537527868e+00    8.0998598943e+00    7.0352112452e+00   -2.5806654280e+01    6.9296252325e-01    1.3440000000e+03    7.5245182544e-01    5.5327380952e-01
         5   -5.9154697279e+00    3.5095859524e+01   -9.8669049235e+00    3.9514351956e+00    8.0866014186e+00    7.0352112452e+00   -2.5771982868e+01    7.8326528012e-01    1.3440000000e+03    7.5390993029e-01    5.5226190476e-01
         6   -5.9185429515e+00    3.5077583689e+01   -9.8508826737e+00    3.9323397222e+00    8.0388197804e+00    7.0352112452e+00   -2.5618533432e+01    6.9361973272e-01    1.3440000000e+03    7.5121352530e-01    5.5391741071e-01
         7   -5.9157406528e+00    3.5042410861e+01   -9.8615235131e+00    3.9457828603e+00    8.0276328355e+00    7.0352112452e+00   -2.5609914927e+01    6.8554733341e-01    1.3440000000e+03    7.5232607214e-01    5.5339099702e-01
         8   -5.9026269181e+00    3.4895287490e+01   -9.8413521176e+00    3.9387251995e+00    8.0040923093e+00    7.0352112452e+00   -2.5586904794e+01    7.0624912144e-01    1.3440000000e+03    7.5041874723e-01    5.5289992560e-01
         9   -5.9173941552e+00    3.5068793259e+01   -9.8760610959e+00    3.9586669407e+00    8.0867921921e+00    7.0352112452e+00   -2.5757489885e+01    7.5942535207e-01    1.3440000000e+03    7.5245290553e-01    5.5354724702e-01
        10   -5.9161922000e+00    3.5048968473e+01   -1.0002805488e+01    4.0866132877e+00    8.0765128861e+00    7.0352112452e+00   -2.5807459336e+01    6.9292971742e-01    1.3440000000e+03    7.5117918665e-01    5.5389508929e-01
        11   -5.9114671132e+00    3.5033001720e+01   -9.9335609981e+00    4.0220938850e+00    8.1051208403e+00    7.0352112452e+00   -2.5788741799e+01    7.1484871534e-01    1.3440000000e+03    7.5166821761e-01    5.5284226190e-01
        12   -5.9124847059e+00    3.5070825229e+01   -1.0026467840e+01    4.1139831336e+00    8.1191373088e+00    7.0352112452e+00   -2.5859736733e+01    6.7892033962e-01    1.3440000000e+03    7.5350469869e-01    5.5260416667e-01
        13   -5.9153671732e+00    3.5052346598e+01   -9.8839310771e+00    3.9685639039e+00    8.0835009551e+00    7.0352112452e+00   -2.5663647708e+01    6.6100443043e-01    1.3440000000e+03    7.5283434216e-01    5.5358816964e-01
        14   -5.8902212643e+00    3.4844333085e+01   -9.8253678411e+00    3.9351465769e+00    8.0503639834e+00    7.0352112452e+00   -2.5738759964e+01    8.2781689387e-01    1.3440000000e+03    7.5254113588e-01    5.5321986607e-01
        15   -5.9149066668e+00    3.5026442305e+01   -9.9405671211e+00    4.0256604544e+00    8.0815155423e+00    7.0352112452e+00   -2.5755783606e+01    6.9848969688e-01    1.3440000000e+03    7.5215078443e-01    5.5268973214e-01
        16   -5.9074963575e+00    3.4991865573e+01   -9.8537462899e+00    3.9462499324e+00    8.0754832182e+00    7.0352112452e+00   -2.5666420710e+01    7.0197995676e-01    1.3440000000e+03    7.5163644547e-01    5.5079799107e-01
        17   -5.9178506561e+00    3.5109476179e+01   -9.8710888655e+00    3.9532382094e+00    8.1204483031e+00    7.0352112452e+00   -2.5818017686e+01    7.9126927212e-01    1.3440000000e+03    7.5309473660e-01    5.5335565476e-01
        18   -5.9101813769e+00    3.4974114705e+01   -9.9719847076e+00    4.0618033307e+00    8.0706329698e+00    7.0352112452e+00   -2.5795543578e+01    7.1771465571e-01    1.3440000000e+03    7.5309139564e-01    5.5197172619e-01
        19   -5.9238701741e+00    3.5155283938e+01   -9.9103546829e+00    3.9864845087e+00    8.0011809514e+00    7.0352112452e+00   -2.5585858211e+01    6.3911133123e-01    1.3440000000e+03    7.5057287016e-01    5.5215773810e-01
        20   -5.9083478122e+00    3.4960113700e+01   -9.8793748272e+00    3.9710270150e+00    8.0536166295e+00    7.0352112452e+00   -2.5697738482e+01    7.2953578026e-01    1.3440000000e+03    7.5127050819e-01    5.5370349702e-01
        21   -5.9164229967e+00    3.5057394684e+01   -9.9508154816e+00    4.0343924850e+00    8.0846328637e+00    7.0352112452e+00   -2.5889857676e+01    8.1919808583e-01    1.3440000000e+03    7.5178812161e-01    5.5341703869e-01
        22   -5.9120336816e+00    3.4998965607e+01   -9.9022123181e+00    3.9901786365e+00    8.1148615641e+00    7.0352112452e+00   -2.5779588054e+01    7.2730292670e-01    1.3440000000e+03    7.5261987264e-01    5.5392113095e-01
        23   -5.9089001307e+00    3.4972989972e+01   -9.9625425036e+00    4.0536423728e+00    8.0912874384e+00    7.0352112452e+00   -2.5861486424e+01    7.7244523635e-01    1.3440000000e+03    7.5280927316e-01    5.5249627976e-01
        24   -5.9224123159e+00    3.5174441848e+01   -1.0031037216e+01    4.1086249004e+00    8.0917431066e+00    7.0352112452e+00   -2.5856810679e+01    6.9881911082e-01    1.3440000000e+03    7.5179510688e-01    5.5356584821e-01
        25   -5.9076763607e+00    3.4944891106e+01   -9.9642792392e+00    4.0566028785e+00    8.0547415594e+00    7.0352112452e+00   -2.5792850826e+01    7.3861878176e-01    1.3440000000e+03    7.5158834134e-01    5.5302083333e-01
        26   -5.9251159328e+00    3.5176692165e+01   -9.9340240335e+00    4.0089081007e+00    8.1077040268e+00    7.0352112452e+00   -2.5855533137e+01    7.7859383165e-01    1.3440000000e+03    7.5333055511e-01    5.5314732143e-01
        27   -5.9090945995e+00    3.5018153062e+01   -9.9771627846e+00    4.0680681851e+00    8.0883837033e+00    7.0352112452e+00   -2.5800368026e+01    6.9961029283e-01    1.3440000000e+03    7.5265639588e-01    5.5390066964e-01
        28   -5.9078871667e+00    3.4972288962e+01   -9.8815923695e+00    3.9737052028e+00    8.0488145935e+00    7.0352112452e+00   -2.5714385565e+01    7.4876735624e-01    1.3440000000e+03    7.5171096570e-01    5.5267299107e-01
        29   -5.9064022142e+00    3.4960124039e+01   -9.9048014724e+00    3.9983992583e+00    8.0857049167e+00    7.0352112452e+00   -2.5844127442e+01    8.1840980789e-01    1.3440000000e+03    7.5207909784e-01    5.5339843750e-01
        30   -5.9116841413e+00    3.4995944064e+01   -9.8945580647e+00    3.9828739234e+00    8.0827668761e+00    7.0352112452e+00   -2.5707649915e+01    6.9511372898e-01    1.3440000000e+03    7.5375546473e-01    5.5478422619e-01
        31   -5.9133557359e+00    3.5048007817e+01   -9.9896327529e+00    4.0762770170e+00    8.1183438331e+00    7.0352112452e+00   -2.5836517538e+01    6.9332970697e-01    1.3440000000e+03    7.5217735676e-01    5.5286644345e-01
        32   -5.9043226249e+00    3.4987692699e+01   -9.9956733914e+00    4.0913507666e+00    8.0804554261e+00    7.0352112452e+00   -2.5843491416e+01    7.3215135352e-01    1.3440000000e+03    7.5257122713e-01    5.5186569940e-01
        33   -5.9204216515e+00    3.5108977461e+01   -9.9603985467e+00    4.0399768952e+00    8.1588262111e+00    7.0352112452e+00   -2.5846277276e+01    6.9184127268e-01    1.3440000000e+03    7.5358523010e-01    5.5362537202e-01
        34   -5.9222233762e+00    3.5148678048e+01   -9.9609763389e+00    4.0387529628e+00    8.0625152269e+00    7.0352112452e+00   -2.5769658269e+01    7.1095545837e-01    1.3440000000e+03    7.5110645904e-01    5.5279203869e-01
        35   -5.9028377000e+00    3.4908925756e+01   -9.9848852350e+00    4.0820475350e+00    8.1079771897e+00    7.0352112452e+00   -2.5840483827e+01    7.1241015723e-01    1.3440000000e+03    7.5288284492e-01    5.5256882440e-01
        36   -5.9222881130e+00    3.5140853773e+01   -9.8917005501e+00    3.9694124371e+00    8.1035056426e+00    7.0352112452e+00   -2.5801170409e+01    7.7075297147e-01    1.3440000000e+03    7.5156936913e-01    5.5290550595e-01
        37   -5.9155120376e+00    3.5041778851e+01   -9.9405376677e+00    4.0250256301e+00    8.0809742764e+00    7.0352112452e+00   -2.5762130197e+01    7.0540700810e-01    1.3440000000e+03    7.5184225401e-01    5.5230468750e-01
        38   -5.9165356746e+00    3.5058025473e+01   -9.9224048984e+00    4.0058692238e+00    8.0572037533e+00    7.0352112452e+00   -2.5679852677e+01    6.6503278038e-01    1.3440000000e+03    7.5195549710e-01    5.5263392857e-01
        39   -5.9149402299e+00    3.5055703459e+01   -9.9081156382e+00    3.9931754084e+00    8.0784547273e+00    7.0352112452e+00   -2.5759613402e+01    7.3783179167e-01    1.3440000000e+03    7.5306406436e-01    5.5224702381e-01
        40   -5.9058733442e+00    3.4933035481e+01   -9.8513844003e+00    3.9455110561e+00    8.0490079182e+00    7.0352112452e+00   -2.5752100761e+01    8.1649719729e-01    1.3440000000e+03    7.5167169664e-01    5.5232514881e-01
        41   -5.9168741549e+00    3.5070626187e+01   -1.0057377754e+01    4.1405035994e+00    8.0803028273e+00    7.0352112452e+00   -2.5890017291e+01    7.1712546458e-01    1.3440000000e+03    7.5206571011e-01    5.5238839286e-01
        42   -5.9076241978e+00    3.4972506592e+01   -9.8496311037e+00    3.9420069059e+00    8.0588556224e+00    7.0352112452e+00   -2.5756397442e+01    8.1269947053e-01    1.3440000000e+03    7.5216202077e-01    5.5249441964e-01
        43   -5.9166804692e+00    3.5047407006e+01   -9.8613420228e+00    3.9446615536e+00    8.0269471030e+00    7.0352112452e+00   -2.5638751609e+01    7.1525123814e-01    1.3440000000e+03    7.5158564026e-01    5.5370349702e-01
        44   -5.9033776919e+00    3.5029220505e+01   -1.0067853671e+01    4.1644759786e+00    8.1152282136e+00    7.0352112452e+00   -2.5949818836e+01    7.3152570634e-01    1.3440000000e+03    7.5275990698e-01    5.5365885417e-01
        45   -5.9280353248e+00    3.5223502710e+01   -9.9457202702e+00    4.0176849454e+00    8.0755992764e+00    7.0352112452e+00   -2.5841740053e+01    7.8520926074e-01    1.3440000000e+03    7.5213934531e-01    5.5270089286e-01
        46   -5.9033853942e+00    3.4888979185e+01   -9.9636487428e+00    4.0602633485e+00    8.0989664405e+00    7.0352112452e+00   -2.5838207790e+01    7.4038136117e-01    1.3440000000e+03    7.5193904893e-01    5.5240699405e-01
        47   -5.9171661757e+00    3.5052714361e+01   -9.9693214544e+00    4.0521552786e+00    8.0762072794e+00    7.0352112452e+00   -2.5865657965e+01    7.8491798643e-01    1.3440000000e+03    7.5181060334e-01    5.5330915179e-01
        48   -5.9069170116e+00    3.4970584991e+01   -1.0078277841e+01    4.1713608294e+00    8.0777358063e+00    7.0352112452e+00   -2.5901845074e+01    7.1062018170e-01    1.3440000000e+03    7.5180917467e-01    5.5252976190e-01
        49   -5.9031968752e+00    3.4894646726e+01   -9.9151454629e+00    4.0119485877e+00    8.0533082098e+00    7.0352112452e+00   -2.5676464803e+01    6.7279988474e-01    1.3440000000e+03    7.5300434758e-01    5.5305431548e-01
        50   -5.9097206579e+00    3.4982833316e+01   -9.9003201421e+00    3.9905994842e+00    8.0710445460e+00    7.0352112452e+00   -2.5767837501e+01    7.6126156750e-01    1.3440000000e+03    7.5196233998e-01    5.5354538690e-01
        51   -5.9103082538e+00    3.5019004771e+01   -9.8776863681e+00    3.9673781143e+00    8.1001327672e+00    7.0352112452e+00   -2.5848893860e+01    8.3586347917e-01    1.3440000000e+03    7.5305475552e-01    5.5254836310e-01
        52   -5.9184534818e+00    3.5091783559e+01   -9.9144562506e+00    3.9960027688e+00    8.1102300454e+00    7.0352112452e+00   -2.5823705113e+01    7.6380757141e-01    1.3440000000e+03    7.5278948952e-01    5.5244977679e-01
        53   -5.9176523844e+00    3.5108411046e+01   -9.9200169772e+00    4.0023645928e+00    8.0276541564e+00    7.0352112452e+00   -2.5679970362e+01    6.9708798323e-01    1.3440000000e+03    7.5333622655e-01    5.5348772321e-01
        54   -5.9167703720e+00    3.5140886204e+01   -9.8931443352e+00    3.9763739633e+00    8.1271351219e+00    7.0352112452e+00   -2.5762166885e+01    7.0667618217e-01    1.3440000000e+03    7.5255276351e-01    5.5321056548e-01
        55   -5.9178880319e+00    3.5071121325e+01   -9.9065020572e+00    3.9886140253e+00    8.0664402569e+00    7.0352112452e+00   -2.5662416107e+01    6.5426254791e-01    1.3440000000e+03    7.5240170890e-01    5.5314174107e-01
        56   -5.9135236654e+00    3.5037442894e+01   -1.0069429756e+01    4.1559060910e+00    8.1272896340e+00    7.0352112452e+00   -2.5943301250e+01    7.1137061423e-01    1.3440000000e+03    7.5353670127e-01    5.5295944940e-01
        57   -5.9219787872e+00    3.5159948029e+01   -9.9052487697e+00    3.9832699824e+00    8.0947572322e+00    7.0352112452e+00   -2.5770753482e+01    7.3553623517e-01    1.3440000000e+03    7.5268808544e-01    5.5350446429e-01
        58   -5.9138073748e+00    3.5010624949e+01   -9.8771946245e+00    3.9633872497e+00    8.1052975967e+00    7.0352112452e+00   -2.5741962574e+01    7.2425910718e-01    1.3440000000e+03    7.5311551333e-01    5.5198846726e-01
        59   -5.9048868335e+00    3.4923610793e+01   -9.8699535722e+00    3.9650667387e+00    8.0913333784e+00    7.0352112452e+00   -2.5726110644e+01    7.2961244816e-01    1.3440000000e+03    7.5163382860e-01    5.5345982143e-01
        60   -5.9172226437e+00    3.5080496759e+01   -9.9346547903e+00    4.0174321466e+00    8.0609659554e+00    7.0352112452e+00   -2.5707745210e+01    6.7691321905e-01    1.3440000000e+03    7.5302204043e-01    5.5263206845e-01
        61   -5.9024093110e+00    3.4889982282e+01   -9.8595055631e+00    3.9570962521e+00    8.0810650306e+00    7.0352112452e+00   -2.5710517889e+01    7.3473605054e-01    1.3440000000e+03    7.5259023797e-01    5.5295200893e-01
        62   -5.9186674032e+00    3.5083915577e+01   -9.8796655545e+00    3.9609981514e+00    8.0312401069e+00    7.0352112452e+00   -2.5738989832e+01    7.9287292553e-01    1.3440000000e+03    7.5284042363e-01    5.5328125000e-01
        63   -5.9139610719e+00    3.5031595253e+01   -9.9753492175e+00    4.0613881455e+00    8.1386980121e+00    7.0352112452e+00   -2.5890935547e+01    7.4167707246e-01    1.3440000000e+03    7.5324203036e-01    5.5362909226e-01
        64   -5.9101610439e+00    3.4994975440e+01   -9.9067104092e+00    3.9965493653e+00    8.1043378519e+00    7.0352112452e+00   -2.5812979667e+01    7.6672016076e-01    1.3440000000e+03    7.5391218929e-01    5.5281436012e-01
        65   -5.9174108927e+00    3.5073472441e+01   -9.8982472077e+00    3.9808363150e+00    8.0942556409e+00    7.0352112452e+00   -2.5774863216e+01    7.4714912253e-01    1.3440000000e+03    7.5116483141e-01    5.5311383929e-01
        66   -5.9188612329e+00    3.5089915732e+01   -9.9995475837e+00    4.0806863508e+00    8.0530514224e+00    7.0352112452e+00   -2.5793145384e+01    7.0533513253e-01    1.3440000000e+03    7.5090851190e-01    5.5312872024e-01
        67   -5.9099259437e+00    3.4980813973e+01   -9.9805407286e+00    4.0706147849e+00    8.1233421232e+00    7.0352112452e+00   -2.5818112095e+01    6.7901799827e-01    1.3440000000e+03    7.5253834330e-01    5.5255022321e-01
        68   -5.9119600862e+00    3.5003846059e+01   -9.9751598270e+00    4.0631997408e+00    8.1389348541e+00    7.0352112452e+00   -2.5844189132e+01    6.9488320567e-01    1.3440000000e+03    7.5301992900e-01    5.5201264881e-01
        69   -5.8988309229e+00    3.4877971340e+01   -9.9072048448e+00    4.0083739219e+00    8.0762283078e+00    7.0352112452e+00   -2.5782881795e+01    7.6423739690e-01    1.3440000000e+03    7.5229235630e-01    5.5279575893e-01
        70   -5.9049848234e+00    3.4920742368e+01   -9.8091431751e+00    3.9041583517e+00    8.0561009598e+00    7.0352112452e+00   -2.5574581311e+01    6.7412593038e-01    1.3440000000e+03    7.5143821469e-01    5.5227120536e-01
        71   -5.9228241239e+00    3.5136967650e+01   -9.8028385884e+00    3.8800144645e+00    8.1124832091e+00    7.0352112452e+00   -2.5621350267e+01    6.7081722448e-01    1.3440000000e+03    7.5417250477e-01    5.5195684524e-01
        72   -5.9117250148e+00    3.5005220772e+01   -9.9497054801e+00    4.0379804653e+00    8.0963057274e+00    7.0352112452e+00   -2.5794181417e+01    7.1295896405e-01    1.3440000000e+03    7.5202208342e-01    5.5230282738e-01
        73   -5.9106059153e+00    3.5021563299e+01   -9.8820545815e+00    3.9714486662e+00    8.0719137778e+00    7.0352112452e+00   -2.5783165190e+01    7.9398558550e-01    1.3440000000e+03    7.5234711041e-01    5.5166108631e-01
        74   -5.9138063293e+00    3.5017716672e+01   -9.8257145606e+00    3.9119082313e+00    8.1009426284e+00    7.0352112452e+00   -2.5696308376e+01    7.3443994176e-01    1.3440000000e+03    7.5268998146e-01    5.5335007440e-01
        75   -5.9067466955e+00    3.4938202466e+01   -9.8745552964e+00    3.9678086009e+00    8.0575351686e+00    7.0352112452e+00   -2.5687204242e+01    7.1990253209e-01    1.3440000000e+03    7.5180135684e-01    5.5291480655e-01
        76   -5.9138040525e+00    3.5057779123e+01   -9.9238613453e+00    4.0100572929e+00    8.0815698815e+00    7.0352112452e+00   -2.5692183451e+01    6.5154097911e-01    1.3440000000e+03    7.5271142286e-01    5.5238839286e-01
        77   -5.9084499501e+00    3.4963134165e+01   -9.9284807997e+00    4.0200308496e+00    8.0404878754e+00    7.0352112452e+00   -2.5709118098e+01    7.0493817771e-01    1.3440000000e+03    7.5136657811e-01    5.5173363095e-01
        78   -5.8864802179e+00    3.4795323940e+01   -9.8613717632e+00    3.9748915453e+00    8.0192224706e+00    7.0352112452e+00   -2.5706710240e+01    7.9090476052e-01    1.3440000000e+03    7.5213451709e-01    5.5387462798e-01
        79   -5.9190551812e+00    3.5087238850e+01   -9.9636725520e+00    4.0446173708e+00    8.0785091888e+00    7.0352112452e+00   -2.5782282701e+01    7.0488971533e-01    1.3440000000e+03    7.5231857116e-01    5.5130394345e-01
        80   -5.9186328126e+00    3.5088715496e+01   -9.8999353781e+00    3.9813025655e+00    8.1034349208e+00    7.0352112452e+00   -2.5714101075e+01    6.7551953037e-01    1.3440000000e+03    7.5296645805e-01    5.5224888393e-01
        81   -5.9164322184e+00    3.5047936244e+01   -9.9542827125e+00    4.0378504940e+00    8.0868204122e+00    7.0352112452e+00   -2.5846846350e+01    7.7053197991e-01    1.3440000000e+03    7.5253618669e-01    5.5412574405e-01
        82   -5.9164601702e+00    3.5054832809e+01   -9.8483250596e+00    3.9318648894e+00    8.0652853881e+00    7.0352112452e+00   -2.5701792727e+01    7.5297103420e-01    1.3440000000e+03    7.5301765675e-01    5.5171130952e-01
        83   -5.9098800452e+00    3.4989929224e+01   -9.8725236233e+00    3.9626435781e+00    8.1025924788e+00    7.0352112452e+00   -2.5706303400e+01    6.9597605302e-01    1.3440000000e+03    7.5236164953e-01    5.5240885417e-01
        84   -5.9241990481e+00    3.5152566404e+01   -9.9568903911e+00    4.0326913431e+00    8.0971042933e+00    7.0352112452e+00   -2.5841204183e+01    7.5199825295e-01    1.3440000000e+03    7.5197477405e-01    5.5273995536e-01
        85   -5.9122519939e+00    3.5012430412e+01   -9.9275970027e+00    4.0153450088e+00    8.0776811531e+00    7.0352112452e+00   -2.5744651206e+01    7.0416180519e-01    1.3440000000e+03    7.5169711185e-01    5.5180059524e-01
        86   -5.9092566657e+00    3.5012757470e+01   -9.9250170629e+00    4.0157603972e+00    8.0745377804e+00    7.0352112452e+00   -2.5767405222e+01    7.3263913381e-01    1.3440000000e+03    7.5210013375e-01    5.5268043155e-01
        87   -5.9136847006e+00    3.5036267645e+01   -9.9612836263e+00    4.0475989257e+00    8.0558055332e+00    7.0352112452e+00   -2.5694718046e+01    6.4241764173e-01    1.3440000000e+03    7.5143242930e-01    5.5437872024e-01
        88   -5.9220153760e+00    3.5125662891e+01   -9.8856308031e+00    3.9636154271e+00    8.1296763498e+00    7.0352112452e+00   -2.5788889434e+01    7.3837103601e-01    1.3440000000e+03    7.5309289868e-01    5.5226376488e-01
        89   -5.9207097557e+00    3.5095441140e+01   -9.9271301831e+00    4.0064204274e+00    8.1214812175e+00    7.0352112452e+00   -2.5794043915e+01    7.1022126900e-01    1.3440000000e+03    7.5224078652e-01    5.5253348214e-01
        90   -5.9163514834e+00    3.5044763865e+01   -9.9899520883e+00    4.0736006050e+00    8.1103200523e+00    7.0352112452e+00   -2.5866393607e+01    7.3091022129e-01    1.3440000000e+03    7.5269852935e-01    5.5268787202e-01
        91   -5.9036724996e+00    3.4904428365e+01   -9.9157953600e+00    4.0121228604e+00    8.0618254092e+00    7.0352112452e+00   -2.5712484887e+01    6.9965287220e-01    1.3440000000e+03    7.5262004453e-01    5.5320126488e-01
        92   -5.9141241914e+00    3.5026248102e+01   -9.9293308378e+00    4.0152066464e+00    8.0967520300e+00    7.0352112452e+00   -2.5839987164e+01    7.7869305130e-01    1.3440000000e+03    7.5351952085e-01    5.5237351190e-01
        93   -5.9131424020e+00    3.5042156265e+01   -9.8446991026e+00    3.9315567006e+00    8.1180256087e+00    7.0352112452e+00   -2.5707967938e+01    7.1003198111e-01    1.3440000000e+03    7.5234946659e-01    5.5235119048e-01
        94   -5.9163178774e+00    3.5063798276e+01   -9.9682777119e+00    4.0519598345e+00    8.0493769730e+00    7.0352112452e+00   -2.5690954550e+01    6.3808861961e-01    1.3440000000e+03    7.5196142301e-01    5.5321056548e-01
        95   -5.9162822473e+00    3.5054136766e+01   -9.8171160484e+00    3.9008338011e+00    8.0640601918e+00    7.0352112452e+00   -2.5631613623e+01    7.1522613791e-01    1.3440000000e+03    7.5099842368e-01    5.5313058036e-01
        96   -5.9239874108e+00    3.5160954949e+01   -9.9650497613e+00    4.0410623505e+00    8.0517144114e+00    7.0352112452e+00   -2.5792879249e+01    7.4090383055e-01    1.3440000000e+03    7.5148147390e-01    5.5274553571e-01
        97   -5.9086075251e+00    3.4991865003e+01   -9.9275977154e+00    4.0189901903e+00    8.0925452579e+00    7.0352112452e+00   -2.5768269432e+01    7.1291521346e-01    1.3440000000e+03    7.5302820056e-01    5.5316220238e-01
        98   -5.8986139521e+00    3.4869570674e+01   -9.9258867773e+00    4.0272728252e+00    8.1039767389e+00    7.0352112452e+00   -2.5751589037e+01    6.8651427585e-01    1.3440000000e+03    7.5203966876e-01    5.5300595238e-01
        99   -5.9214958953e+00    3.5162753502e+01   -9.9420863517e+00    4.0205904565e+00    8.0739203502e+00    7.0352112452e+00   -2.5726480800e+01    6.7526285326e-01    1.3440000000e+03    7.5180005087e-01    5.5345796131e-01
       100   -5.9332444592e+00    3.5275059783e+01   -9.8980453910e+00    3.9648009318e+00    8.0517430436e+00    7.0352112452e+00   -2.5762255140e+01    7.7725546030e-01    1.3440000000e+03    7.5169973339e-01    5.5123139881e-01
       101   -5.9160676791e+00    3.5057166754e+01   -9.9216932112e+00    4.0056255320e+00    8.1046343011e+00    7.0352112452e+00   -2.5706504351e+01    6.4496559355e-01    1.3440000000e+03    7.5323825949e-01    5.5277157738e-01
       102   -5.9097548324e+00    3.4980966381e+01   -9.8454588116e+00    3.9357039792e+00    8.0528036106e+00    7.0352112452e+00   -2.5638811390e+01    7.0533772222e-01    1.3440000000e+03    7.5171666509e-01    5.5226748512e-01
       103   -5.9065361607e+00    3.4935751241e+01   -1.0051805477e+01    4.1452693164e+00    8.1141207088e+00    7.0352112452e+00   -2.5902586082e+01    7.0144865131e-01    1.3440000000e+03    7.5188444153e-01    5.5275669643e-01
       104   -5.9141333193e+00    3.5017195700e+01   -1.0038136251e+01    4.1240029316e+00    8.1511333400e+00    7.0352112452e+00   -2.5970470708e+01    7.4598987195e-01    1.3440000000e+03    7.5307774563e-01    5.5182663690e-01
       105   -5.8948142714e+00    3.4829909278e+01   -9.9231833814e+00    4.0283691100e+00    8.0874960671e+00    7.0352112452e+00   -2.5797364479e+01    7.5147378478e-01    1.3440000000e+03    7.5291621045e-01    5.5210937500e-01
       106   -5.9031471203e+00    3.4957511902e+01   -9.9273153102e+00    4.0241681899e+00    8.1636194745e+00    7.0352112452e+00   -2.5804636595e+01    6.7849056495e-01    1.3440000000e+03    7.5286741640e-01    5.5337797619e-01
       107   -5.9102112115e+00    3.5002985213e+01   -9.8177218952e+00    3.9075106837e+00    8.1010659824e+00    7.0352112452e+00   -2.5653738914e+01    6.9973979079e-01    1.3440000000e+03    7.5242762186e-01    5.5439174107e-01
       108   -5.9024609035e+00    3.4912712667e+01   -9.8460660749e+00    3.9436051714e+00    8.0847866036e+00    7.0352112452e+00   -2.5765039409e+01    7.9897548477e-01    1.3440000000e+03    7.5200231901e-01    5.5181547619e-01
       109   -5.9139916111e+00    3.5027308216e+01   -9.9509230154e+00    4.0369314043e+00    8.0815848463e+00    7.0352112452e+00   -2.5819153644e+01    7.5143453676e-01    1.3440000000e+03    7.5283963916e-01    5.5286272321e-01
       110   -5.9051863734e+00    3.4921955002e+01   -9.9303697153e+00    4.0251833419e+00    8.1039453823e+00    7.0352112452e+00   -2.5823204910e+01    7.5367856753e-01    1.3440000000e+03    7.5299738564e-01    5.5275669643e-01
       111   -5.9074039475e+00    3.4950630467e+01   -9.9093082347e+00    4.0019042872e+00    8.0589042151e+00    7.0352112452e+00   -2.5738773569e+01    7.3534987369e-01    1.3440000000e+03    7.5286028966e-01    5.5322172619e-01
       112   -5.9125598873e+00    3.5016983990e+01   -9.8554624462e+00    3.9429025589e+00    8.0836511097e+00    7.0352112452e+00   -2.5699192694e+01    7.2486789289e-01    1.3440000000e+03    7.5219842817e-01    5.5228608631e-01
       113   -5.9024991557e+00    3.4928969953e+01   -9.8562171189e+00    3.9537179632e+00    8.0701478760e+00    7.0352112452e+00   -2.5629978761e+01    6.6840252042e-01    1.3440000000e+03    7.5280511825e-01    5.5373511905e-01
       114   -5.9082773846e+00    3.4964714290e+01   -9.9061638517e+00    3.9978864671e+00    8.1205919332e+00    7.0352112452e+00   -2.5797415921e+01    7.3544889065e-01    1.3440000000e+03    7.5298299779e-01    5.5338913690e-01
       115   -5.9132995580e+00    3.5024061835e+01   -9.9402882850e+00    4.0269887270e+00    8.0937938847e+00    7.0352112452e+00   -2.5749734991e+01    6.8044157625e-01    1.3440000000e+03    7.5320439217e-01    5.5196800595e-01
       116   -5.9182785468e+00    3.5087019538e+01   -9.8230321718e+00    3.9047536250e+00    8.1329473178e+00    7.0352112452e+00   -2.5777413522e+01    7.8622278676e-01    1.3440000000e+03    7.5276983289e-01    5.5270089286e-01
       117   -5.8972213968e+00    3.4858276302e+01   -9.8955704020e+00    3.9983490053e+00    8.0775028431e+00    7.0352112452e+00   -2.5671007304e+01    6.6272281330e-01    1.3440000000e+03    7.5259876250e-01    5.5312313988e-01
       118   -5.9086748318e+00    3.4999059807e+01   -9.9960785793e+00    4.0874037474e+00    8.0601295624e+00    7.0352112452e+00   -2.5878233676e+01    7.8681428959e-01    1.3440000000e+03    7.5113782108e-01    5.5331287202e-01
       119   -5.9108879757e+00    3.5002042991e+01   -9.8787524340e+00    3.9678644583e+00    8.0307733407e+00    7.0352112452e+00   -2.5649553027e+01    7.0481600696e-01    1.3440000000e+03    7.5109249511e-01    5.5251488095e-01
       120   -5.9191095713e+00    3.5086052525e+01   -9.9975412204e+00    4.0784316491e+00    8.0908144153e+00    7.0352112452e+00   -2.5808427668e+01    6.8486078714e-01    1.3440000000e+03    7.5342007829e-01    5.5375000000e-01
       121   -5.9031795076e+00    3.4921174390e+01   -9.8538569974e+00    3.9506774898e+00    8.1053134391e+00    7.0352112452e+00   -2.5696531278e+01    7.0214959586e-01    1.3440000000e+03    7.5199231448e-01    5.5397693452e-01
       122   -5.9086879946e+00    3.4981566309e+01   -9.9592607796e+00    4.0505727849e+00    8.0934556607e+00    7.0352112452e+00   -2.5799566287e+01    7.1163860186e-01    1.3440000000e+03    7.5140926685e-01    5.5409412202e-01
       123   -5.9132351595e+00    3.5024832181e+01   -9.8843904502e+00    3.9711552907e+00    8.0637791715e+00    7.0352112452e+00   -2.5717445073e+01    7.3406420659e-01    1.3440000000e+03    7.5188045465e-01    5.5200706845e-01
       124   -5.8971075308e+00    3.4977106334e+01   -9.9665423703e+00    4.0694348395e+00    8.0869173510e+00    7.0352112452e+00   -2.5752421733e+01    6.6375076678e-01    1.3440000000e+03    7.5295554327e-01    5.5194940476e-01
       125   -5.9037773539e+00    3.4944707899e+01   -9.9179391043e+00    4.0141617504e+00    8.0614276228e+00    7.0352112452e+00   -2.5831852432e+01    8.1727445967e-01    1.3440000000e+03    7.5178039629e-01    5.5321986607e-01
       126   -5.9050854515e+00    3.4920449411e+01   -9.8901800849e+00    3.9850946334e+00    8.1465397425e+00    7.0352112452e+00   -2.5852775172e+01    7.8084409887e-01    1.3440000000e+03    7.5450662689e-01    5.5212425595e-01
       127   -5.9165921768e+00    3.5055436798e+01   -9.9851461492e+00    4.0685539724e+00    8.0883480147e+00    7.0352112452e+00   -2.5759291791e+01    6.5058638236e-01    1.3440000000e+03    7.5231806091e-01    5.5305617560e-01
       128   -5.9224824680e+00    3.5167742859e+01   -9.9229170473e+00    4.0004345794e+00    8.0355385630e+00    7.0352112452e+00   -2.5684085734e+01    6.9041887794e-01    1.3440000000e+03    7.5197701500e-01    5.5292782738e-01
       129   -5.9127641648e+00    3.5008228450e+01   -9.9299179311e+00    4.0171537663e+00    8.0653439853e+00    7.0352112452e+00   -2.5789310711e+01    7.5883754922e-01    1.3440000000e+03    7.5207763542e-01    5.5241443452e-01
       130   -5.9148411670e+00    3.5067234902e+01   -9.9684710096e+00    4.0536298426e+00    8.1056991121e+00    7.0352112452e+00   -2.5873249884e+01    7.6386851724e-01    1.3440000000e+03    7.5451038041e-01    5.5447730655e-01
       131   -5.9062721370e+00    3.4924519874e+01   -9.9740286142e+00    4.0677564772e+00    8.0808354013e+00    7.0352112452e+00   -2.5912000755e+01    8.2192549397e-01    1.3440000000e+03    7.5258520896e-01    5.5307105655e-01
       132   -5.9072363400e+00    3.4961548318e+01   -9.9683475657e+00    4.0611112257e+00    8.0596732661e+00    7.0352112452e+00   -2.5794590079e+01    7.3135800152e-01    1.3440000000e+03    7.5163077106e-01    5.5253906250e-01
       133   -5.9188124421e+00    3.5083701504e+01   -9.9389883327e+00    4.0201758906e+00    8.1079427183e+00    7.0352112452e+00   -2.5790238953e+01    7.0809665669e-01    1.3440000000e+03    7.5161232521e-01    5.5243675595e-01
       134   -5.9098896708e+00    3.4987302717e+01   -9.9693473885e+00    4.0594577178e+00    8.0811869226e+00    7.0352112452e+00   -2.5777391243e+01    6.9164568704e-01    1.3440000000e+03    7.5150601452e-01    5.5239025298e-01
       135   -5.9159159035e+00    3.5073150930e+01   -9.8698227258e+00    3.9539068222e+00    8.0520092206e+00    7.0352112452e+00   -2.5706897005e+01    7.4985381339e-01    1.3440000000e+03    7.5232512719e-01    5.5367001488e-01
       136   -5.9124859299e+00    3.5006006061e+01   -9.9175347548e+00    4.0050488248e+00    8.1043863108e+00    7.0352112452e+00   -2.5792682027e+01    7.3554971623e-01    1.3440000000e+03    7.5266464092e-01    5.5331659226e-01
       137   -5.9075869600e+00    3.4948756562e+01   -9.9980358495e+00    4.0904488895e+00    8.0656048143e+00    7.0352112452e+00   -2.5815153966e+01    7.1630205731e-01    1.3440000000e+03    7.5244226772e-01    5.5279761905e-01
       138   -5.9087422065e+00    3.4977252686e+01   -9.9190006674e+00    4.0102584609e+00    8.0788246036e+00    7.0352112452e+00   -2.5769364222e+01    7.3632770620e-01    1.3440000000e+03    7.5269670552e-01    5.5290736607e-01
       139   -5.8994787098e+00    3.4857271730e+01   -9.8655009022e+00    3.9660221923e+00    8.0663564590e+00    7.0352112452e+00   -2.5632428978e+01    6.6536037125e-01    1.3440000000e+03    7.5231314934e-01    5.5333147321e-01
       140   -5.9099488450e+00    3.4974719994e+01   -9.8199783342e+00    3.9100294893e+00    8.0738717891e+00    7.0352112452e+00   -2.5710611463e+01    7.8155009402e-01    1.3440000000e+03    7.5162813604e-01    5.5209263393e-01
       141   -5.9238715918e+00    3.5152710492e+01   -9.8834887473e+00    3.9596171555e+00    8.0645617300e+00    7.0352112452e+00   -2.5645733465e+01    6.6247174199e-01    1.3440000000e+03    7.5213571703e-01    5.5341889881e-01
       142   -5.9104867297e+00    3.4997453925e+01   -9.9555412711e+00    4.0450545413e+00    8.0870242929e+00    7.0352112452e+00   -2.5832341442e+01    7.5456463315e-01    1.3440000000e+03    7.5242889738e-01    5.5326822917e-01
       143   -5.9126800146e+00    3.5080227008e+01   -9.8955829938e+00    3.9829029792e+00    8.0439757667e+00    7.0352112452e+00   -2.5716826437e+01    7.4205643164e-01    1.3440000000e+03    7.5223392759e-01    5.5353980655e-01
       144   -5.9102740411e+00    3.4980591027e+01   -9.9336087644e+00    4.0233347233e+00    8.0721423692e+00    7.0352112452e+00   -2.5745844679e+01    7.0488230046e-01    1.3440000000e+03    7.5219109752e-01    5.5387462798e-01
       145   -5.9093764462e+00    3.4966238898e+01   -9.9390062519e+00    4.0296298057e+00    8.0940601647e+00    7.0352112452e+00   -2.5771120912e+01    7.0284324972e-01    1.3440000000e+03    7.5308790800e-01    5.5187872024e-01
       146   -5.9255796076e+00    3.5152287011e+01   -9.8423143193e+00    3.9167347116e+00    8.0777934015e+00    7.0352112452e+00   -2.5691998680e+01    7.3667971421e-01    1.3440000000e+03    7.5206727699e-01    5.5209077381e-01
       147   -5.9145407874e+00    3.5036253504e+01   -9.8840862766e+00    3.9695454891e+00    8.1206258919e+00    7.0352112452e+00   -2.5692741939e+01    6.5281852534e-01    1.3440000000e+03    7.5278140549e-01    5.5388020833e-01
       148   -5.9187136392e+00    3.5084118305e+01   -9.9380015461e+00    4.0192879069e+00    8.0598257295e+00    7.0352112452e+00   -2.5800939414e+01    7.6790089287e-01    1.3440000000e+03    7.5184733495e-01    5.5313802083e-01
       149   -5.9159373398e+00    3.5087783584e+01   -9.9117563657e+00    3.9958190259e+00    8.0926030326e+00    7.0352112452e+00   -2.5862254578e+01    8.2268393446e-01    1.3440000000e+03    7.5337270311e-01    5.5169084821e-01
       150   -5.9097845807e+00    3.4967626685e+01   -9.8833939375e+00    3.9736093568e+00    8.0586830875e+00    7.0352112452e+00   -2.5658335850e+01    6.8104757956e-01    1.3440000000e+03    7.5180982793e-01    5.5317336310e-01
       151   -5.9070951755e+00    3.4946684570e+01   -1.0018150294e+01    4.1110551183e+00    8.1272077421e+00    7.0352112452e+00   -2.5907259445e+01    7.2669016409e-01    1.3440000000e+03    7.5312942369e-01    5.5287760417e-01
       152   -5.9058364834e+00    3.4917968663e+01   -9.9232309750e+00    4.0173944916e+00    8.0903334578e+00    7.0352112452e+00   -2.5750433573e+01    7.0165789536e-01    1.3440000000e+03    7.5266861617e-01    5.5310639881e-01
       153   -5.9135073715e+00    3.5015192804e+01   -9.9716158321e+00    4.0581084606e+00    8.0733036588e+00    7.0352112452e+00   -2.5770525188e+01    6.9039445155e-01    1.3440000000e+03    7.5174425059e-01    5.5274181548e-01
       154   -5.9065586352e+00    3.4945526359e+01   -9.8902364812e+00    3.9836778460e+00    8.0857501114e+00    7.0352112452e+00   -2.5727012745e+01    7.1581490707e-01    1.3440000000e+03    7.5213667372e-01    5.5232700893e-01
       155   -5.9208020123e+00    3.5135967049e+01   -9.8970411726e+00    3.9762391603e+00    8.1168635273e+00    7.0352112452e+00   -2.5840576019e+01    7.9146007335e-01    1.3440000000e+03    7.5250746806e-01    5.5154203869e-01
       156   -5.9091114989e+00    3.4971106619e+01   -1.0005092058e+01    4.0959805587e+00    8.1198889109e+00    7.0352112452e+00   -2.5925614150e+01    7.6542193649e-01    1.3440000000e+03    7.5320879460e-01    5.5210379464e-01
       157   -5.9101712615e+00    3.4979075241e+01   -9.9210857292e+00    4.0109144677e+00    8.1264448373e+00    7.0352112452e+00   -2.5757584921e+01    6.7484310957e-01    1.3440000000e+03    7.5400870871e-01    5.5293712798e-01
       158   -5.9108762537e+00    3.4994204283e+01   -9.9170877244e+00    4.0062114708e+00    8.0695209952e+00    7.0352112452e+00   -2.5769532419e+01    7.4771245368e-01    1.3440000000e+03    7.5202012389e-01    5.5168526786e-01
       159   -5.9126947480e+00    3.5020540606e+01   -9.9498305644e+00    4.0371358165e+00    8.0980183815e+00    7.0352112452e+00   -2.5831411707e+01    7.4835151604e-01    1.3440000000e+03    7.5183996110e-01    5.5430989583e-01
       160   -5.9170074192e+00    3.5070805640e+01   -9.8236662910e+00    3.9066588718e+00    8.0675116738e+00    7.0352112452e+00   -2.5645251046e+01    7.1886183573e-01    1.3440000000e+03    7.5315709163e-01    5.5215773810e-01
       161   -5.9253968310e+00    3.5225771234e+01   -9.8379724812e+00    3.9125756502e+00    8.0762781909e+00    7.0352112452e+00   -2.5597231382e+01    6.4776946426e-01    1.3440000000e+03    7.5281730425e-01    5.5158110119e-01
       162   -5.9097944612e+00    3.4982535529e+01   -9.9661997021e+00    4.0564052409e+00    8.0083994998e+00    7.0352112452e+00   -2.5657072606e+01    6.4726215898e-01    1.3440000000e+03    7.5031813442e-01    5.5353422619e-01
       163   -5.9129178261e+00    3.5026153872e+01   -1.0013837332e+01    4.1009195058e+00    8.0616744816e+00    7.0352112452e+00   -2.5805395500e+01    6.9467244116e-01    1.3440000000e+03    7.5267296276e-01    5.5204055060e-01
       164   -5.9214749088e+00    3.5123784429e+01   -9.9651885791e+00    4.0437136704e+00    8.1098108770e+00    7.0352112452e+00   -2.5906420136e+01    7.9620943457e-01    1.3440000000e+03    7.5278062475e-01    5.5236793155e-01
       165   -5.9199388468e+00    3.5104291320e+01   -9.9917568436e+00    4.0718179967e+00    8.1116359886e+00    7.0352112452e+00   -2.5855660885e+01    7.1705680775e-01    1.3440000000e+03    7.5254211538e-01    5.5236793155e-01
       166   -5.9147447861e+00    3.5041774094e+01   -9.9396432665e+00    4.0248984804e+00    8.0773856691e+00    7.0352112452e+00   -2.5894391015e+01    8.4215083399e-01    1.3440000000e+03    7.5353351299e-01    5.5263950893e-01
       167   -5.9012659908e+00    3.4889730859e+01   -9.8578395806e+00    3.9565735899e+00    8.1246325768e+00    7.0352112452e+00   -2.5795626832e+01    7.7794342920e-01    1.3440000000e+03    7.5273712832e-01    5.5131510417e-01
       168   -5.9187612493e+00    3.5113305283e+01   -9.9781273389e+00    4.0593660896e+00    8.0788519349e+00    7.0352112452e+00   -2.5853330412e+01    7.6113989309e-01    1.3440000000e+03    7.5249273533e-01    5.5334077381e-01
       169   -5.9020038553e+00    3.4889754915e+01   -9.8549493087e+00    3.9529454534e+00    8.0830317971e+00    7.0352112452e+00   -2.5746653379e+01    7.7346102842e-01    1.3440000000e+03    7.5287778560e-01    5.5302455357e-01
       170   -5.9053437205e+00    3.4940083738e+01   -9.8742172737e+00    3.9688735532e+00    8.0718334938e+00    7.0352112452e+00   -2.5716355700e+01    7.3509368691e-01    1.3440000000e+03    7.5162694322e-01    5.5231584821e-01
       171   -5.9012805555e+00    3.4888448514e+01   -9.8912684883e+00    3.9899879327e+00    8.0779214811e+00    7.0352112452e+00   -2.5689133753e+01    6.8473253840e-01    1.3440000000e+03    7.5196452499e-01    5.5396019345e-01
       172   -5.9039357250e+00    3.4932276429e+01   -9.7908401079e+00    3.8869043829e+00    8.0600246973e+00    7.0352112452e+00   -2.5643795048e+01    7.5771899709e-01    1.3440000000e+03    7.5230511883e-01    5.5371279762e-01
       173   -5.9119368855e+00    3.5039099580e+01   -9.9782195459e+00    4.0662826605e+00    8.0389579044e+00    7.0352112452e+00   -2.5810523036e+01    7.5813434064e-01    1.3440000000e+03    7.5075037140e-01    5.5319382440e-01
       174   -5.9063347319e+00    3.4954260479e+01   -9.9596638054e+00    4.0533290734e+00    8.0613860749e+00    7.0352112452e+00   -2.5777160852e+01    7.2089972683e-01    1.3440000000e+03    7.5234432471e-01    5.5369977679e-01
       175   -5.9098720751e+00    3.4979089633e+01   -9.9392407917e+00    4.0293687167e+00    8.0981761083e+00    7.0352112452e+00   -2.5754694945e+01    6.8206679976e-01    1.3440000000e+03    7.5388116368e-01    5.5347842262e-01
       176   -5.9068188454e+00    3.4959146878e+01   -9.9295073074e+00    4.0226884620e+00    8.0565855814e+00    7.0352112452e+00   -2.5739804796e+01    7.1850066233e-01    1.3440000000e+03    7.5228945229e-01    5.5319010417e-01
       177   -5.9223197075e+00    3.5159109321e+01   -9.8877393002e+00    3.9654195927e+00    8.0764329937e+00    7.0352112452e+00   -2.5812204179e+01    8.1282064027e-01    1.3440000000e+03    7.5210122115e-01    5.5237537202e-01
       178   -5.9352232878e+00    3.5535505532e+01   -9.9289006557e+00    3.9936773679e+00    8.0860073561e+00    7.0352112452e+00   -2.5780656300e+01    7.3053704285e-01    1.3440000000e+03    7.5213257047e-01    5.5297991071e-01
       179   -5.9114719349e+00    3.5020888194e+01   -9.8317917208e+00    3.9203197860e+00    8.0763156890e+00    7.0352112452e+00   -2.5713681518e+01    7.7036286273e-01    1.3440000000e+03    7.5197649885e-01    5.5329985119e-01
       180   -5.9104872594e+00    3.4984595936e+01   -9.8374325574e+00    3.9269452979e+00    8.0451056143e+00    7.0352112452e+00   -2.5715017980e+01    7.9726856304e-01    1.3440000000e+03    7.5126626393e-01    5.5228608631e-01
       181   -5.9100437004e+00    3.5085827109e+01   -1.0008453670e+01    4.0984099699e+00    8.0477447565e+00    7.0352112452e+00   -2.5843821165e+01    7.5241149250e-01    1.3440000000e+03    7.5226322293e-01    5.5303013393e-01
       182   -5.9109873376e+00    3.5032904178e+01   -9.9575642330e+00    4.0465768953e+00    8.0921036794e+00    7.0352112452e+00   -2.5838722898e+01    7.5384374029e-01    1.3440000000e+03    7.5158065285e-01    5.5457775298e-01
       183   -5.9020371065e+00    3.4894181268e+01   -9.8757898757e+00    3.9737527692e+00    8.1049560499e+00    7.0352112452e+00   -2.5735855576e+01    7.1989840558e-01    1.3440000000e+03    7.5225000662e-01    5.5283854167e-01
       184   -5.9193259421e+00    3.5085796091e+01   -9.8304702444e+00    3.9111443023e+00    8.1165407465e+00    7.0352112452e+00   -2.5790579501e+01    8.0835726467e-01    1.3440000000e+03    7.5270965002e-01    5.5288132440e-01
       185   -5.9135627842e+00    3.5026221136e+01   -9.9280466335e+00    4.0144838493e+00    8.0892352560e+00    7.0352112452e+00   -2.5763581434e+01    7.1108829922e-01    1.3440000000e+03    7.5338611074e-01    5.5363281250e-01
       186   -5.9136260147e+00    3.5014872328e+01   -9.7584954174e+00    3.8448694028e+00    8.1091023055e+00    7.0352112452e+00   -2.5658110035e+01    7.5530106712e-01    1.3440000000e+03    7.5301350414e-01    5.5225818452e-01
       187   -5.9003689196e+00    3.4887457131e+01   -9.9385179376e+00    4.0381490180e+00    8.1059347470e+00    7.0352112452e+00   -2.5835993040e+01    7.5632910973e-01    1.3440000000e+03    7.5227515557e-01    5.5308593750e-01
       188   -5.9042606097e+00    3.4935784047e+01   -9.8646530124e+00    3.9603924027e+00    8.0920708911e+00    7.0352112452e+00   -2.5734491583e+01    7.4255643383e-01    1.3440000000e+03    7.5291187317e-01    5.5223958333e-01
       189   -5.9075799159e+00    3.4962327069e+01   -9.8956326174e+00    3.9880527015e+00    8.0994926443e+00    7.0352112452e+00   -2.5871978938e+01    8.4164243145e-01    1.3440000000e+03    7.5361713528e-01    5.5299107143e-01
       190   -5.9190471607e+00    3.5101206144e+01   -9.8003902462e+00    3.8813430855e+00    8.0450959935e+00    7.0352112452e+00   -2.5657528946e+01    7.7683146097e-01    1.3440000000e+03    7.5203040686e-01    5.5388950893e-01
       191   -5.9061960341e+00    3.4935027366e+01   -9.9251773747e+00    4.0189813406e+00    8.0858975175e+00    7.0352112452e+00   -2.5766765760e+01    7.2047962296e-01    1.3440000000e+03    7.5187248487e-01    5.5321056548e-01
       192   -5.9140492196e+00    3.5055986197e+01   -9.8458281145e+00    3.9317788950e+00    8.0484227354e+00    7.0352112452e+00   -2.5700702558e+01    7.7124046320e-01    1.3440000000e+03    7.5188865224e-01    5.5443638393e-01
       193   -5.8970098559e+00    3.4914879422e+01   -9.8604847513e+00    3.9634748953e+00    8.0672654282e+00    7.0352112452e+00   -2.5721969530e+01    7.5900810497e-01    1.3440000000e+03    7.5241353212e-01    5.5415922619e-01
       194   -5.9094130509e+00    3.4976782913e+01   -9.9619020096e+00    4.0524889588e+00    8.0562946061e+00    7.0352112452e+00   -2.5728758877e+01    6.7535101613e-01    1.3440000000e+03    7.5268554517e-01    5.5234375000e-01
       195   -5.9152503366e+00    3.5073638722e+01   -9.8896033032e+00    3.9743529666e+00    8.0490857295e+00    7.0352112452e+00   -2.5711357599e+01    7.3745732134e-01    1.3440000000e+03    7.5177371417e-01    5.5173177083e-01
       196   -5.9142448275e+00    3.5021468535e+01   -9.9622379105e+00    4.0479930830e+00    8.0414066463e+00    7.0352112452e+00   -2.5759477675e+01    7.2062187284e-01    1.3440000000e+03    7.5148206579e-01    5.5344680060e-01
       197   -5.9177994338e+00    3.5079465623e+01   -9.8406958768e+00    3.9228964430e+00    8.0595100605e+00    7.0352112452e+00   -2.5663598038e+01    7.2818085551e-01    1.3440000000e+03    7.5137315716e-01    5.5309151786e-01
       198   -5.9091067467e+00    3.4966941823e+01   -1.0000916782e+01    4.0918100353e+00    8.0982500124e+00    7.0352112452e+00   -2.5828868846e+01    6.9449080659e-01    1.3440000000e+03    7.5220033879e-01    5.5425967262e-01
       199   -5.9008785047e+00    3.4860916885e+01   -9.9209883432e+00    4.0201098385e+00    8.0894670813e+00    7.0352112452e+00   -2.5823228890e+01    7.7756222015e-01    1.3440000000e+03    7.5320025911e-01    5.5247767857e-01
       200   -5.9208213907e+00    3.5112849629e+01   -9.8342683563e+00    3.9134469656e+00    8.0993013088e+00    7.0352112452e+00   -2.5639871945e+01    6.7109103492e-01    1.3440000000e+03    7.5239115857e-01    5.5191778274e-01
       201   -5.9060133850e+00    3.4962399060e+01   -9.8416125626e+00    3.9355991776e+00    8.1185215947e+00    7.0352112452e+00   -2.5753418841e+01    7.5807343884e-01    1.3440000000e+03    7.5165087861e-01    5.5200334821e-01
       202   -5.9148720135e+00    3.5035191038e+01   -9.8952999127e+00    3.9804278991e+00    8.0631990856e+00    7.0352112452e+00   -2.5770398491e+01    7.7668824710e-01    1.3440000000e+03    7.5174529925e-01    5.5196056548e-01
       203   -5.9153833445e+00    3.5054141956e+01   -9.9257417944e+00    4.0103584500e+00    8.1178213552e+00    7.0352112452e+00   -2.5785459004e+01    7.0668460865e-01    1.3440000000e+03    7.5282196061e-01    5.5205171131e-01
       204   -5.9081092408e+00    3.4957492631e+01   -9.9303105365e+00    4.0222012956e+00    8.0451807083e+00    7.0352112452e+00   -2.5676733459e+01    6.6603096876e-01    1.3440000000e+03    7.5058221777e-01    5.5345610119e-01
       205   -5.9220038744e+00    3.5177375515e+01   -9.8942706542e+00    3.9722667799e+00    8.0996107914e+00    7.0352112452e+00   -2.5738936648e+01    7.0984395727e-01    1.3440000000e+03    7.5283365220e-01    5.5236979167e-01
       206   -5.9255245129e+00    3.5215872737e+01   -9.7794405562e+00    3.8539160433e+00    8.1236283475e+00    7.0352112452e+00   -2.5726390967e+01    7.8811081774e-01    1.3440000000e+03    7.5355574072e-01    5.5225818452e-01
       207   -5.9110466448e+00    3.4988663654e+01   -9.9378529505e+00    4.0268063057e+00    8.0600339488e+00    7.0352112452e+00   -2.5728172589e+01    6.9507444443e-01    1.3440000000e+03    7.5263132129e-01    5.5224330357e-01
       208   -5.9093132273e+00    3.4993032863e+01   -9.9484606094e+00    4.0391473820e+00    8.0829822983e+00    7.0352112452e+00   -2.5766801900e+01    7.0014774694e-01    1.3440000000e+03    7.5296156326e-01    5.5254836310e-01
       209   -5.9100407435e+00    3.5017251659e+01   -9.9411788033e+00    4.0311380598e+00    8.0791516379e+00    7.0352112452e+00   -2.5806277901e+01    7.5073621435e-01    1.3440000000e+03    7.5151536986e-01    5.5111049107e-01
       210   -5.9099307013e+00    3.4992910798e+01   -9.8624957993e+00    3.9525650980e+00    8.0723193649e+00    7.0352112452e+00   -2.5754923465e+01    7.8489705601e-01    1.3440000000e+03    7.5232337145e-01    5.5279389881e-01
       211   -5.9179673194e+00    3.5066221961e+01   -9.8498556809e+00    3.9318883614e+00    8.0404897452e+00    7.0352112452e+00   -2.5628634942e+01    7.0307827038e-01    1.3440000000e+03    7.5219672903e-01    5.5316592262e-01
       212   -5.9140343728e+00    3.5022511673e+01   -9.8926190443e+00    3.9785846715e+00    8.0429582196e+00    7.0352112452e+00   -2.5693716860e+01    7.2292835048e-01    1.3440000000e+03    7.5291606058e-01    5.5497581845e-01
       213   -5.9198634039e+00    3.5089137549e+01   -1.0039711962e+01    4.1198485585e+00    8.0624536454e+00    7.0352112452e+00   -2.5806648178e+01    6.6927132462e-01    1.3440000000e+03    7.5165517773e-01    5.5232700893e-01
       214   -5.9151097088e+00    3.5047232420e+01   -9.9300854342e+00    4.0149757255e+00    8.0357672547e+00    7.0352112452e+00   -2.5706727178e+01    7.0566324335e-01    1.3440000000e+03    7.5320003042e-01    5.5439360119e-01
       215   -5.9066462979e+00    3.4937806300e+01   -9.9684598698e+00    4.0618135719e+00    8.0402120677e+00    7.0352112452e+00   -2.5813301164e+01    7.6941798085e-01    1.3440000000e+03    7.5143974167e-01    5.5303943452e-01
       216   -5.9077025786e+00    3.4975798072e+01   -9.9591432505e+00    4.0514406719e+00    8.0987866280e+00    7.0352112452e+00   -2.5819642298e+01    7.2650117421e-01    1.3440000000e+03    7.5230487996e-01    5.5299107143e-01
       217   -5.9204704903e+00    3.5093931070e+01   -9.9262570989e+00    4.0057866086e+00    8.0984381210e+00    7.0352112452e+00   -2.5757171585e+01    6.9726511998e-01    1.3440000000e+03    7.5147198200e-01    5.5207961310e-01
       218   -5.9103143184e+00    3.4993932922e+01   -9.9729404687e+00    4.0626261503e+00    8.0972103195e+00    7.0352112452e+00   -2.5824170537e+01    7.1880850355e-01    1.3440000000e+03    7.5219244165e-01    5.5268415179e-01
       219   -5.9078788871e+00    3.4965459277e+01   -9.9479065619e+00    4.0400276748e+00    8.0640477633e+00    7.0352112452e+00   -2.5893441209e+01    8.4627563808e-01    1.3440000000e+03    7.5233139723e-01    5.5520833333e-01
       220   -5.9136773441e+00    3.5017447923e+01   -9.8461666586e+00    3.9324893146e+00    8.1041656474e+00    7.0352112452e+00   -2.5671727211e+01    6.8618366022e-01    1.3440000000e+03    7.5155632063e-01    5.5333333333e-01
       221   -5.9180040430e+00    3.5077446639e+01   -9.9092467606e+00    3.9912427176e+00    8.0653775349e+00    7.0352112452e+00   -2.5713361337e+01    7.0352579652e-01    1.3440000000e+03    7.5249138277e-01    5.5402901786e-01
       222   -5.9193879167e+00    3.5117472610e+01   -9.9772844604e+00    4.0578965437e+00    8.0944526548e+00    7.0352112452e+00   -2.5867591168e+01    7.6064280746e-01    1.3440000000e+03    7.5199341541e-01    5.5294828869e-01
       223   -5.9053556902e+00    3.4917500165e+01   -9.9281428912e+00    4.0227872010e+00    8.1015078285e+00    7.0352112452e+00   -2.5793819979e+01    7.2895801381e-01    1.3440000000e+03    7.5236795339e-01    5.5339843750e-01
       224   -5.9273207698e+00    3.5225676662e+01   -9.8417283314e+00    3.9144075616e+00    8.1428153582e+00    7.0352112452e+00   -2.5838141926e+01    8.1838699073e-01    1.3440000000e+03    7.5239244472e-01    5.5400669643e-01
       225   -5.9197725803e+00    3.5134714762e+01   -1.0022616644e+01    4.1028440642e+00    8.0439682094e+00    7.0352112452e+00   -2.5772031401e+01    6.7023530195e-01    1.3440000000e+03    7.5211377381e-01    5.5373883929e-01
       226   -5.9188923451e+00    3.5085088551e+01   -9.8642244819e+00    3.9453321368e+00    8.0530893884e+00    7.0352112452e+00   -2.5695975185e+01    7.4345006913e-01    1.3440000000e+03    7.5287883641e-01    5.5234375000e-01
       227   -5.9157117603e+00    3.5044417597e+01   -9.9076661783e+00    3.9919544180e+00    8.0956056468e+00    7.0352112452e+00   -2.5742779152e+01    7.0429608188e-01    1.3440000000e+03    7.5197537981e-01    5.5251674107e-01
       228   -5.9058378575e+00    3.4935310121e+01   -9.9398002792e+00    4.0339624218e+00    8.0822069535e+00    7.0352112452e+00   -2.5782147855e+01    7.2492937696e-01    1.3440000000e+03    7.5282324650e-01    5.5257440476e-01
       229   -5.9173017339e+00    3.5120702829e+01   -9.9592064609e+00    4.0419047270e+00    8.0844571045e+00    7.0352112452e+00   -2.5733311165e+01    6.5443635426e-01    1.3440000000e+03    7.5284852623e-01    5.5209263393e-01
       230   -5.8995780861e+00    3.4922570282e+01   -9.9219636702e+00    4.0223855841e+00    8.0695303786e+00    7.0352112452e+00   -2.5716909310e+01    6.9020401615e-01    1.3440000000e+03    7.5322346447e-01    5.5277157738e-01
       231   -5.8993806610e+00    3.4910101913e+01   -9.9416679725e+00    4.0422873115e+00    8.1230988306e+00    7.0352112452e+00   -2.5845501209e+01    7.4552316112e-01    1.3440000000e+03    7.5304058050e-01    5.5188802083e-01
       232   -5.9151082458e+00    3.5047054386e+01   -9.9182759339e+00    4.0031676882e+00    8.0538034345e+00    7.0352112452e+00   -2.5735922692e+01    7.2863207859e-01    1.3440000000e+03    7.5199687197e-01    5.5289992560e-01
       233   -5.9115821323e+00    3.5008010619e+01   -9.8265174407e+00    3.9149353084e+00    8.0979010513e+00    7.0352112452e+00   -2.5696245154e+01    7.3661541662e-01    1.3440000000e+03    7.5282761722e-01    5.5443080357e-01
       234   -5.9121769766e+00    3.5002030395e+01   -9.9169973021e+00    4.0048203255e+00    8.0958874911e+00    7.0352112452e+00   -2.5743045066e+01    6.9494902734e-01    1.3440000000e+03    7.5251109678e-01    5.5220796131e-01
       235   -5.9064139525e+00    3.4931944255e+01   -9.9926391563e+00    4.0862252038e+00    8.1184451806e+00    7.0352112452e+00   -2.5858235091e+01    7.1193950927e-01    1.3440000000e+03    7.5231041505e-01    5.5241071429e-01
       236   -5.9097060057e+00    3.4999911813e+01   -9.8861714389e+00    3.9764654333e+00    8.0367610644e+00    7.0352112452e+00   -2.5618850315e+01    6.6070656598e-01    1.3440000000e+03    7.5105621189e-01    5.5196056548e-01
       237   -5.9109292234e+00    3.5012795458e+01   -9.9674456278e+00    4.0565164044e+00    8.1125464085e+00    7.0352112452e+00   -2.5793109276e+01    6.7790599397e-01    1.3440000000e+03    7.5362212456e-01    5.5248139881e-01
       238   -5.9164557956e+00    3.5064934828e+01   -1.0029081285e+01    4.1126254894e+00    8.0810876231e+00    7.0352112452e+00   -2.5842427403e+01    6.9704724970e-01    1.3440000000e+03    7.5216672399e-01    5.5289434524e-01
       239   -5.9131727805e+00    3.5010531692e+01   -9.9063085177e+00    3.9931357372e+00    8.0864356705e+00    7.0352112452e+00   -2.5699316729e+01    6.7136129571e-01    1.3440000000e+03    7.5224512056e-01    5.5299293155e-01
       240   -5.9097812476e+00    3.4992359233e+01   -9.8526223241e+00    3.9428410765e+00    8.1044433344e+00    7.0352112452e+00   -2.5732668931e+01    7.4039202737e-01    1.3440000000e+03    7.5241626165e-01    5.5193452381e-01
       241   -5.9065135981e+00    3.4929322405e+01   -1.0019653337e+01    4.1131397386e+00    8.0953210977e+00    7.0352112452e+00   -2.5846034955e+01    6.9584927511e-01    1.3440000000e+03    7.5139782677e-01    5.5281063988e-01
       242   -5.9316373602e+00    3.5262872038e+01   -9.9075858667e+00    3.9759485065e+00    8.1024252977e+00    7.0352112452e+00   -2.5772685813e+01    7.2746340297e-01    1.3440000000e+03    7.5185300865e-01    5.5274739583e-01
       243   -5.9163084008e+00    3.5055871403e+01   -9.9476738718e+00    4.0313654710e+00    8.1001894726e+00    7.0352112452e+00   -2.5850548917e+01    7.6747432712e-01    1.3440000000e+03    7.5333354018e-01    5.5313244048e-01
       244   -5.9066595960e+00    3.4924805192e+01   -9.9071222015e+00    4.0004626054e+00    8.0736635243e+00    7.0352112452e+00   -2.5681746443e+01    6.6574947229e-01    1.3440000000e+03    7.5287727285e-01    5.5303013393e-01
       245   -5.9151910074e+00    3.5033071337e+01   -9.8847397298e+00    3.9695487224e+00    8.0799941703e+00    7.0352112452e+00   -2.5790360707e+01    7.9041556197e-01    1.3440000000e+03    7.5193040924e-01    5.5165550595e-01
       246   -5.9231333669e+00    3.5134777866e+01   -9.9429056223e+00    4.0197722554e+00    8.0434749948e+00    7.0352112452e+00   -2.5728273543e+01    7.0668168052e-01    1.3440000000e+03    7.5223415067e-01    5.5251674107e-01
       247   -5.9046671635e+00    3.4923740681e+01   -9.8913210362e+00    3.9866538728e+00    8.0871705871e+00    7.0352112452e+00   -2.5658352421e+01    6.4464955234e-01    1.3440000000e+03    7.5204350024e-01    5.5292968750e-01
       248   -5.9320837269e+00    3.5308015086e+01   -1.0000558930e+01    4.0684752032e+00    8.0911401087e+00    7.0352112452e+00   -2.5804476884e+01    6.7756659966e-01    1.3440000000e+03    7.5207124646e-01    5.5294270833e-01
       249   -5.9129871565e+00    3.5000307246e+01   -9.9212307685e+00    4.0082436120e+00    8.1161170002e+00    7.0352112452e+00   -2.5736279556e+01    6.6372054234e-01    1.3440000000e+03    7.5367348999e-01    5.5186383929e-01
       250   -5.9167400925e+00    3.5068077910e+01   -9.8697237958e+00    3.9529837033e+00    8.1114445922e+00    7.0352112452e+00   -2.5742926533e+01    7.2654689969e-01    1.3440000000e+03    7.5307774155e-01    5.5223958333e-01
       251   -5.9044055922e+00    3.4918979399e+01   -9.8758899585e+00    3.9714843663e+00    8.1316900600e+00    7.0352112452e+00   -2.5776477305e+01    7.3368604088e-01    1.3440000000e+03    7.5182161165e-01    5.5279761905e-01
       252   -5.9016388855e+00    3.4893094680e+01   -9.8784990799e+00    3.9768601945e+00    8.1223799815e+00    7.0352112452e+00   -2.5827927986e+01    7.9183767918e-01    1.3440000000e+03    7.5334510920e-01    5.5276971726e-01
       253   -5.9263912944e+00    3.5255158287e+01   -9.9632687752e+00    4.0368774808e+00    8.1024147646e+00    7.0352112452e+00   -2.5779529662e+01    6.7863487745e-01    1.3440000000e+03    7.5208230720e-01    5.5162016369e-01
       254   -5.9252234334e+00    3.5182193823e+01   -9.9028660229e+00    3.9776425894e+00    8.1062543166e+00    7.0352112452e+00   -2.5796664422e+01    7.5233283774e-01    1.3440000000e+03    7.5235186967e-01    5.5247767857e-01
       255   -5.9192644232e+00    3.5134863470e+01   -9.9056571764e+00    3.9863927532e+00    8.0977716243e+00    7.0352112452e+00   -2.5767931727e+01    7.2929168099e-01    1.3440000000e+03    7.5170210924e-01    5.5195312500e-01
       256   -5.9226575352e+00    3.5136047059e+01   -9.9299698912e+00    4.0073123560e+00    8.0841116805e+00    7.0352112452e+00   -2.5753648578e+01    7.0435576099e-01    1.3440000000e+03    7.5294699810e-01    5.5336309524e-01
       257   -5.9115766178e+00    3.4995065873e+01   -9.8266621038e+00    3.9150854860e+00    8.0389556484e+00    7.0352112452e+00   -2.5680424446e+01    7.7959544877e-01    1.3440000000e+03    7.5249980661e-01    5.5331473214e-01
       258   -5.9097154834e+00    3.4975942281e+01   -9.9596108934e+00    4.0498954100e+00    8.1187878709e+00    7.0352112452e+00   -2.5801326156e+01    6.8771614668e-01    1.3440000000e+03    7.5317199283e-01    5.5264136905e-01
       259   -5.9144530057e+00    3.5042023110e+01   -9.8758798954e+00    3.9614268898e+00    8.0753345528e+00    7.0352112452e+00   -2.5724183661e+01    7.3775796704e-01    1.3440000000e+03    7.5202852080e-01    5.5382998512e-01
       260   -5.9084035687e+00    3.5000820805e+01   -9.8719758303e+00    3.9635722616e+00    8.0953402961e+00    7.0352112452e+00   -2.5767255316e+01    7.6472794482e-01    1.3440000000e+03    7.5322087977e-01    5.5371465774e-01
       261   -5.9148266307e+00    3.5053236485e+01   -9.8708009477e+00    3.9559743170e+00    8.0882031611e+00    7.0352112452e+00   -2.5786010919e+01    7.9179556516e-01    1.3440000000e+03    7.5244991443e-01    5.5371279762e-01
       262   -5.8995047628e+00    3.4874414325e+01   -1.0011937307e+01    4.1124325441e+00    8.0499294762e+00    7.0352112452e+00   -2.5808315005e+01    7.1123697624e-01    1.3440000000e+03    7.5245739242e-01    5.5355096726e-01
       263   -5.9197781833e+00    3.5099536443e+01   -9.8769615954e+00    3.9571834122e+00    8.0727760716e+00    7.0352112452e+00   -2.5773157983e+01    7.8820907033e-01    1.3440000000e+03    7.5206657846e-01    5.5237165179e-01
       264   -5.9202760279e+00    3.5115511753e+01   -9.9062134363e+00    3.9859374084e+00    8.0235130085e+00    7.0352112452e+00   -2.5670718724e+01    7.0578103433e-01    1.3440000000e+03    7.5158361020e-01    5.5281063988e-01
       265   -5.9084332591e+00    3.4952104646e+01   -9.8477392967e+00    3.9393060376e+00    8.0876382285e+00    7.0352112452e+00   -2.5664378631e+01    6.9378986057e-01    1.3440000000e+03    7.5256674905e-01    5.5231770833e-01
       266   -5.8992882902e+00    3.4877931330e+01   -9.8737387229e+00    3.9744504327e+00    8.0453648654e+00    7.0352112452e+00   -2.5696095022e+01    7.4178018811e-01    1.3440000000e+03    7.5166459109e-01    5.5343750000e-01
       267   -5.9136286379e+00    3.5025605863e+01   -1.0003259792e+01    4.0896311543e+00    8.0594230608e+00    7.0352112452e+00   -2.5687627359e+01    5.8973326066e-01    1.3440000000e+03    7.5200414909e-01    5.5176525298e-01
       268   -5.9120965477e+00    3.5012083023e+01   -9.8962686742e+00    3.9841721265e+00    8.0579403585e+00    7.0352112452e+00   -2.5757485056e+01    7.6806477784e-01    1.3440000000e+03    7.5249733941e-01    5.5199404762e-01
       269   -5.9125187588e+00    3.5007117667e+01   -9.9324948026e+00    4.0199760438e+00    8.1349407902e+00    7.0352112452e+00   -2.5851929582e+01    7.4928274433e-01    1.3440000000e+03    7.5321939795e-01    5.5310453869e-01
       270   -5.9120978167e+00    3.5004228437e+01   -1.0010758754e+01    4.0986609372e+00    8.0686317126e+00    7.0352112452e+00   -2.5850217485e+01    7.3561577345e-01    1.3440000000e+03    7.5355709326e-01    5.5339285714e-01
       271   -5.9061319122e+00    3.4979114913e+01   -9.9246907092e+00    4.0185587970e+00    8.0602449588e+00    7.0352112452e+00   -2.5744389733e+01    7.2424282002e-01    1.3440000000e+03    7.5229158243e-01    5.5302641369e-01
       272   -5.9185891710e+00    3.5084340555e+01   -9.9873897376e+00    4.0688005666e+00    8.1419569986e+00    7.0352112452e+00   -2.5826306249e+01    6.6174826762e-01    1.3440000000e+03    7.5259650727e-01    5.5360119048e-01
       273   -5.9214662702e+00    3.5118802478e+01   -9.8730354132e+00    3.9515691430e+00    8.1105692105e+00    7.0352112452e+00   -2.5776101487e+01    7.5728561791e-01    1.3440000000e+03    7.5224347399e-01    5.5258742560e-01
       274   -5.9076749957e+00    3.4981701334e+01   -9.8707707375e+00    3.9630957418e+00    8.0947604632e+00    7.0352112452e+00   -2.5758531293e+01    7.5778884746e-01    1.3440000000e+03    7.5149590595e-01    5.5314732143e-01
       275   -5.9163030748e+00    3.5051477509e+01   -9.9879464898e+00    4.0716434150e+00    8.0731774654e+00    7.0352112452e+00   -2.5812491014e+01    7.1615581365e-01    1.3440000000e+03    7.5231391709e-01    5.5355654762e-01
       276   -5.9093394282e+00    3.4978291056e+01   -1.0039722403e+01    4.1303829746e+00    8.0736073051e+00    7.0352112452e+00   -2.5796326905e+01    6.4778595179e-01    1.3440000000e+03    7.5211150371e-01    5.5316778274e-01
       277   -5.9062123839e+00    3.4951529003e+01   -9.9457568298e+00    4.0395444459e+00    8.0416668344e+00    7.0352112452e+00   -2.5762897095e+01    7.4026218595e-01    1.3440000000e+03    7.5133777747e-01    5.5192336310e-01
       278   -5.8977039331e+00    3.5147635593e+01   -9.8788470932e+00    3.9811431601e+00    8.0853257558e+00    7.0352112452e+00   -2.5743207965e+01    7.4382387113e-01    1.3440000000e+03    7.5173698401e-01    5.5211123512e-01
       279   -5.9137043684e+00    3.5037198152e+01   -9.9566371462e+00    4.0429327778e+00    8.1104089852e+00    7.0352112452e+00   -2.5839070226e+01    7.3681284920e-01    1.3440000000e+03    7.5317741741e-01    5.5194754464e-01
       280   -5.9222327108e+00    3.5146897803e+01   -9.8838085643e+00    3.9615758536e+00    8.1161404348e+00    7.0352112452e+00   -2.5754438994e+01    7.1927874943e-01    1.3440000000e+03    7.5281042224e-01    5.5323288690e-01
       281   -5.9025392008e+00    3.4919430210e+01   -9.8912129755e+00    3.9886737747e+00    8.1189688340e+00    7.0352112452e+00   -2.5865078595e+01    8.1968554023e-01    1.3440000000e+03    7.5205996582e-01    5.5305803571e-01
       282   -5.9111884120e+00    3.4991238735e+01   -9.8762283703e+00    3.9650399583e+00    8.0785693945e+00    7.0352112452e+00   -2.5681446153e+01    6.9143714267e-01    1.3440000000e+03    7.5203445111e-01    5.5230468750e-01
       283   -5.9129641485e+00    3.5019880857e+01   -9.9476108221e+00    4.0346466736e+00    8.0505499609e+00    7.0352112452e+00   -2.5688689419e+01    6.5531739082e-01    1.3440000000e+03    7.5134042363e-01    5.5225074405e-01
       284   -5.9072107118e+00    3.4950987124e+01   -9.9342713483e+00    4.0270606366e+00    8.0967840359e+00    7.0352112452e+00   -2.5778089423e+01    7.1182279391e-01    1.3440000000e+03    7.5204145893e-01    5.5142299107e-01
       285   -5.9064713714e+00    3.4935591823e+01   -9.7907704051e+00    3.8842990337e+00    8.1106470643e+00    7.0352112452e+00   -2.5714678133e+01    7.7804941875e-01    1.3440000000e+03    7.5172122849e-01    5.5332031250e-01
       286   -5.9125291549e+00    3.5008513791e+01   -9.8318661413e+00    3.9193369864e+00    8.1062387881e+00    7.0352112452e+00   -2.5666942818e+01    6.9362664371e-01    1.3440000000e+03    7.5225337624e-01    5.5330171131e-01
       287   -5.9117663637e+00    3.4998723090e+01   -9.9266770401e+00    4.0149106764e+00    8.1352133912e+00    7.0352112452e+00   -2.5864142113e+01    7.6704043647e-01    1.3440000000e+03    7.5291951841e-01    5.5245163690e-01
       288   -5.9043654796e+00    3.5081219442e+01   -9.8027317898e+00    3.8983663103e+00    8.1020691008e+00    7.0352112452e+00   -2.5694963733e+01    7.5495159714e-01    1.3440000000e+03    7.5174193746e-01    5.5275111607e-01
       289   -5.9114412438e+00    3.5013924018e+01   -9.9490486050e+00    4.0376073612e+00    8.1133706059e+00    7.0352112452e+00   -2.5884907787e+01    7.8727733103e-01    1.3440000000e+03    7.5276344511e-01    5.5258370536e-01
       290   -5.9138889099e+00    3.5064709831e+01   -9.8127399918e+00    3.8988510819e+00    8.0674044160e+00    7.0352112452e+00   -2.5637583856e+01    7.2222820256e-01    1.3440000000e+03    7.5156654137e-01    5.5427083333e-01
       291   -5.9095677020e+00    3.4983878232e+01   -9.8353330276e+00    3.9257653256e+00    8.0655961122e+00    7.0352112452e+00   -2.5728973157e+01    7.9283277200e-01    1.3440000000e+03    7.5305091930e-01    5.5355096726e-01
       292   -5.9156304375e+00    3.5054098887e+01   -9.8616587548e+00    3.9460283173e+00    8.0790038439e+00    7.0352112452e+00   -2.5761918132e+01    7.8604428828e-01    1.3440000000e+03    7.5204371255e-01    5.5218191964e-01
       293   -5.9058442452e+00    3.4935701707e+01   -9.9061841995e+00    4.0003399544e+00    8.1681475485e+00    7.0352112452e+00   -2.5936745415e+01    8.2720242222e-01    1.3440000000e+03    7.5391735348e-01    5.5168154762e-01
       294   -5.9116804196e+00    3.5011251679e+01   -9.8295862107e+00    3.9179057911e+00    8.0978480974e+00    7.0352112452e+00   -2.5764035423e+01    8.0138986955e-01    1.3440000000e+03    7.5218929531e-01    5.5290922619e-01
       295   -5.9204646193e+00    3.5109163019e+01   -9.9856676127e+00    4.0652029934e+00    8.0868334370e+00    7.0352112452e+00   -2.5777147635e+01    6.6943533976e-01    1.3440000000e+03    7.5192159452e-01    5.5278645833e-01
       296   -5.9093594837e+00    3.4965648270e+01   -9.9090423933e+00    3.9996829096e+00    8.0997269932e+00    7.0352112452e+00   -2.5766595598e+01    7.2261496622e-01    1.3440000000e+03    7.5187386124e-01    5.5406994048e-01
       297   -5.9086112968e+00    3.4956225734e+01   -1.0012275756e+01    4.1036644596e+00    8.1118870243e+00    7.0352112452e+00   -2.5915324853e+01    7.5595082723e-01    1.3440000000e+03    7.5277797207e-01    5.5156436012e-01
       298   -5.9243785211e+00    3.5157460639e+01   -9.9369573420e+00    4.0125788209e+00    8.1320567967e+00    7.0352112452e+00   -2.5851691764e+01    7.4746638028e-01    1.3440000000e+03    7.5142437210e-01    5.5100632440e-01
       299   -5.9255012445e+00    3.5168724150e+01   -9.8788411960e+00    3.9533399516e+00    8.1071296586e+00    7.0352112452e+00   -2.5753454236e+01    7.3227213624e-01    1.3440000000e+03    7.5246732699e-01    5.5097284226e-01
       300   -5.9165927100e+00    3.5080940911e+01   -9.8303092173e+00    3.9137165073e+00    8.0886572705e+00    7.0352112452e+00   -2.5803826656e+01    8.4964892281e-01    1.3440000000e+03    7.5210631272e-01    5.5231212798e-01
       301   -5.9198789989e+00    3.5095969905e+01   -9.9315457751e+00    4.0116667761e+00    8.1169693603e+00    7.0352112452e+00   -2.5849119504e+01    7.6539312363e-01    1.3440000000e+03    7.5341734870e-01    5.5289434524e-01
       302   -5.9190105253e+00    3.5081911316e+01   -9.8974559411e+00    3.9784454158e+00    8.0597500425e+00    7.0352112452e+00   -2.5647316847e+01    6.5489961861e-01    1.3440000000e+03    7.5101074216e-01    5.5265252976e-01
       303   -5.9122366448e+00    3.5017885463e+01   -9.8938247385e+00    3.9815880937e+00    8.0855410720e+00    7.0352112452e+00   -2.5778663702e+01    7.6408664629e-01    1.3440000000e+03    7.5222298350e-01    5.5216517857e-01
       304   -5.9047361542e+00    3.4912951024e+01   -9.9562673370e+00    4.0515311827e+00    8.0591525364e+00    7.0352112452e+00   -2.5755066213e+01    7.0443509432e-01    1.3440000000e+03    7.5299447335e-01    5.5314546131e-01
       305   -5.9116014614e+00    3.5009089858e+01   -9.9566871153e+00    4.0450856539e+00    8.1216272874e+00    7.0352112452e+00   -2.5785304067e+01    6.7177841931e-01    1.3440000000e+03    7.5259838257e-01    5.5254278274e-01
       306   -5.9238535259e+00    3.5155765539e+01   -9.9055654459e+00    3.9817119199e+00    8.0593072454e+00    7.0352112452e+00   -2.5697469991e+01    6.9738605462e-01    1.3440000000e+03    7.5245810917e-01    5.5309709821e-01
       307   -5.9084589577e+00    3.4950447130e+01   -9.9598989485e+00    4.0514399908e+00    8.0343749678e+00    7.0352112452e+00   -2.5657711443e+01    6.2822628160e-01    1.3440000000e+03    7.5148742910e-01    5.5483816964e-01
       308   -5.8993357582e+00    3.4854536084e+01   -9.8675526559e+00    3.9682168977e+00    8.1036324377e+00    7.0352112452e+00   -2.5746842965e+01    7.4044662629e-01    1.3440000000e+03    7.5277097720e-01    5.5359375000e-01
       309   -5.9046429804e+00    3.4919863235e+01   -9.8571346378e+00    3.9524916574e+00    8.0760274535e+00    7.0352112452e+00   -2.5674590529e+01    7.0621719238e-01    1.3440000000e+03    7.5231050128e-01    5.5283296131e-01
       310   -5.9065124640e+00    3.4933877268e+01   -9.9443492911e+00    4.0378368271e+00    8.0813806295e+00    7.0352112452e+00   -2.5781497216e+01    7.2055604990e-01    1.3440000000e+03    7.5211156802e-01    5.5307291667e-01
       311   -5.9123380340e+00    3.5080802450e+01   -9.8502036810e+00    3.9378656470e+00    8.0776806438e+00    7.0352112452e+00   -2.5671106404e+01    7.0801083367e-01    1.3440000000e+03    7.5195264367e-01    5.5244605655e-01
       312   -5.9167989734e+00    3.5063331793e+01   -9.8761470591e+00    3.9593480857e+00    8.1246210851e+00    7.0352112452e+00   -2.5787444042e+01    7.5146465256e-01    1.3440000000e+03    7.5273146939e-01    5.5400111607e-01
       313   -5.9170963764e+00    3.5075275709e+01   -9.8909353152e+00    3.9738389388e+00    8.0845224914e+00    7.0352112452e+00   -2.5712976752e+01    7.0230770005e-01    1.3440000000e+03    7.5291736353e-01    5.5279203869e-01
       314   -5.9149458772e+00    3.5035090391e+01   -9.9535028265e+00    4.0385569493e+00    8.0031275826e+00    7.0352112452e+00   -2.5741329974e+01    7.4948831962e-01    1.3440000000e+03    7.5117656675e-01    5.5351376488e-01
       315   -5.9109371487e+00    3.4979516790e+01   -9.8563768739e+00    3.9454397252e+00    8.0692017847e+00    7.0352112452e+00   -2.5639028789e+01    6.7823888508e-01    1.3440000000e+03    7.5199636410e-01    5.5372209821e-01
       316   -5.9165272623e+00    3.5049655290e+01   -9.8527993146e+00    3.9362720523e+00    8.0565232782e+00    7.0352112452e+00   -2.5692764775e+01    7.4823093656e-01    1.3440000000e+03    7.5160827970e-01    5.5283854167e-01
       317   -5.9028258150e+00    3.4888064457e+01   -9.8646727449e+00    3.9618469299e+00    8.1059118264e+00    7.0352112452e+00   -2.5743915356e+01    7.3811953989e-01    1.3440000000e+03    7.5221348254e-01    5.5286458333e-01
       318   -5.9179431699e+00    3.5076840147e+01   -9.9726205836e+00    4.0546774137e+00    8.1301099818e+00    7.0352112452e+00   -2.5867238983e+01    7.2929717202e-01    1.3440000000e+03    7.5184261511e-01    5.5238467262e-01
       319   -5.9130494324e+00    3.5016791453e+01   -9.8301583995e+00    3.9171089671e+00    8.0530242385e+00    7.0352112452e+00   -2.5698041079e+01    7.7964719582e-01    1.3440000000e+03    7.5182191134e-01    5.5344494048e-01
       320   -5.9122244615e+00    3.4998986763e+01   -9.9452434990e+00    4.0330190375e+00    8.0876086618e+00    7.0352112452e+00   -2.5734624613e+01    6.6656120664e-01    1.3440000000e+03    7.5232928736e-01    5.5238839286e-01
       321   -5.9250378796e+00    3.5159018533e+01   -9.8945819797e+00    3.9695441001e+00    8.0922870280e+00    7.0352112452e+00   -2.5742008163e+01    7.1992791003e-01    1.3440000000e+03    7.5248410039e-01    5.5327008929e-01
       322   -5.9192714265e+00    3.5089379784e+01   -9.8692665598e+00    3.9499951333e+00    8.1199473058e+00    7.0352112452e+00   -2.5748373723e+01    7.2394861240e-01    1.3440000000e+03    7.5298675946e-01    5.5383370536e-01
       323   -5.9062209372e+00    3.4991778819e+01   -9.8181598384e+00    3.9119389012e+00    8.0678117008e+00    7.0352112452e+00   -2.5629785337e+01    7.0860255274e-01    1.3440000000e+03    7.5116372221e-01    5.5258184524e-01
       324   -5.9145070974e+00    3.5034316540e+01   -9.8810454225e+00    3.9665383251e+00    8.0757470933e+00    7.0352112452e+00   -2.5705926708e+01    7.1392294721e-01    1.3440000000e+03    7.5270346187e-01    5.5318824405e-01
       325   -5.9117411864e+00    3.4995637517e+01   -9.8922966848e+00    3.9805554983e+00    8.0737581738e+00    7.0352112452e+00   -2.5716041104e+01    7.1477499991e-01    1.3440000000e+03    7.5192582372e-01    5.5317336310e-01
       326   -5.9143043476e+00    3.5036163026e+01   -9.9172701920e+00    4.0029658444e+00    8.0511798722e+00    7.0352112452e+00   -2.5736175064e+01    7.3251375428e-01    1.3440000000e+03    7.5248311141e-01    5.5294456845e-01
       327   -5.9147681235e+00    3.5032340154e+01   -9.9026485751e+00    3.9878804516e+00    8.0541931144e+00    7.0352112452e+00   -2.5708863068e+01    7.1681013355e-01    1.3440000000e+03    7.5166446710e-01    5.5388206845e-01
       328   -5.9155798726e+00    3.5046569296e+01   -9.9080509605e+00    3.9924710879e+00    8.0823227245e+00    7.0352112452e+00   -2.5718039329e+01    6.9245439855e-01    1.3440000000e+03    7.5273034017e-01    5.5265438988e-01
       329   -5.9216657324e+00    3.5295215391e+01   -9.8704839869e+00    3.9488182546e+00    8.0989412180e+00    7.0352112452e+00   -2.5784855020e+01    7.8021856992e-01    1.3440000000e+03    7.5337224442e-01    5.5248139881e-01
       330   -5.9131469081e+00    3.5014517875e+01   -9.9358833495e+00    4.0227364414e+00    8.0625495599e+00    7.0352112452e+00   -2.5748584023e+01    7.1493986820e-01    1.3440000000e+03    7.5169393941e-01    5.5325520833e-01
       331   -5.9094651204e+00    3.4975421057e+01   -9.9005244495e+00    3.9910593291e+00    8.0926781320e+00    7.0352112452e+00   -2.5741080617e+01    7.1266679044e-01    1.3440000000e+03    7.5275080406e-01    5.5263020833e-01
       332   -5.9201290905e+00    3.5096565580e+01   -9.8750237229e+00    3.9548946324e+00    8.0765955868e+00    7.0352112452e+00   -2.5667848731e+01    6.8101817579e-01    1.3440000000e+03    7.5230722327e-01    5.5303013393e-01
       333   -5.9128965185e+00    3.5024546078e+01   -9.9855842726e+00    4.0726877541e+00    8.0666004231e+00    7.0352112452e+00   -2.5781067220e+01    6.9367127870e-01    1.3440000000e+03    7.5246303205e-01    5.5199032738e-01
       334   -5.9172465315e+00    3.5063595905e+01   -9.9094751203e+00    3.9922285888e+00    8.0467657894e+00    7.0352112452e+00   -2.5632627821e+01    6.4117566586e-01    1.3440000000e+03    7.5229652715e-01    5.5264136905e-01
       335   -5.9184407856e+00    3.5083806837e+01   -9.8267553640e+00    3.9083145783e+00    8.0861975152e+00    7.0352112452e+00   -2.5615615597e+01    6.6745147261e-01    1.3440000000e+03    7.5277751001e-01    5.5127418155e-01
       336   -5.9117686027e+00    3.5001863081e+01   -9.8710243335e+00    3.9592557308e+00    8.1194659248e+00    7.0352112452e+00   -2.5718251902e+01    6.9255039803e-01    1.3440000000e+03    7.5313137056e-01    5.5213169643e-01
       337   -5.9015238002e+00    3.4888392308e+01   -9.9115822706e+00    4.0100584703e+00    8.0898642444e+00    7.0352112452e+00   -2.5765325308e+01    7.2866754741e-01    1.3440000000e+03    7.5278183398e-01    5.5355654762e-01
       338   -5.9012551567e+00    3.4982306925e+01   -9.9526910894e+00    4.0514359327e+00    8.0510916912e+00    7.0352112452e+00   -2.5645873387e+01    6.0687936121e-01    1.3440000000e+03    7.5070533362e-01    5.5127232143e-01
       339   -5.9121787863e+00    3.5015655742e+01   -9.8658795861e+00    3.9537007998e+00    8.0480513003e+00    7.0352112452e+00   -2.5650355668e+01    7.0121353670e-01    1.3440000000e+03    7.5186387315e-01    5.5189546131e-01
       340   -5.9145566760e+00    3.5077004593e+01   -9.9660088508e+00    4.0514521749e+00    8.0883468980e+00    7.0352112452e+00   -2.5775119971e+01    6.8555297698e-01    1.3440000000e+03    7.5234051902e-01    5.5351190476e-01
       341   -5.9204827273e+00    3.5112804637e+01   -9.9721359105e+00    4.0516531832e+00    8.0814708897e+00    7.0352112452e+00   -2.5881282166e+01    7.9246412062e-01    1.3440000000e+03    7.5382863208e-01    5.5427827381e-01
       342   -5.9208726846e+00    3.5126381983e+01   -9.9862483852e+00    4.0653757006e+00    8.1205100581e+00    7.0352112452e+00   -2.5861425260e+01    7.1945557153e-01    1.3440000000e+03    7.5371414354e-01    5.5339657738e-01
       343   -5.9012196238e+00    3.4884415139e+01   -9.9874497726e+00    4.0862301487e+00    8.1179633439e+00    7.0352112452e+00   -2.5939356777e+01    7.9873241561e-01    1.3440000000e+03    7.5302649043e-01    5.5344122024e-01
       344   -5.9055995722e+00    3.4940648819e+01   -9.9979939939e+00    4.0923944217e+00    8.0391804182e+00    7.0352112452e+00   -2.5755154459e+01    6.8276880177e-01    1.3440000000e+03    7.5312539227e-01    5.5306733631e-01
       345   -5.9262673787e+00    3.5220454752e+01   -1.0044443677e+01    4.1181762983e+00    8.1074701513e+00    7.0352112452e+00   -2.5879178979e+01    6.9205390492e-01    1.3440000000e+03    7.5253536721e-01    5.5359561012e-01
       346   -5.8955106934e+00    3.4897417893e+01   -9.9502813855e+00    4.0547706920e+00    8.0849815810e+00    7.0352112452e+00   -2.5769004947e+01    6.9853073533e-01    1.3440000000e+03    7.5279614427e-01    5.5349702381e-01
       347   -5.9140962780e+00    3.5028064159e+01   -9.8088903338e+00    3.8947940558e+00    8.0844278658e+00    7.0352112452e+00   -2.5632932532e+01    7.0440308761e-01    1.3440000000e+03    7.5165751782e-01    5.5313802083e-01
       348   -5.9064733692e+00    3.4935042420e+01   -9.9461092258e+00    4.0396358566e+00    8.1264600550e+00    7.0352112452e+00   -2.5833206518e+01    7.2542599202e-01    1.3440000000e+03    7.5274027434e-01    5.5299665179e-01
       349   -5.9067161998e+00    3.4940274314e+01   -9.8815258459e+00    3.9748096462e+00    8.1052653099e+00    7.0352112452e+00   -2.5783093650e+01    7.6109124908e-01    1.3440000000e+03    7.5158446375e-01    5.5309523810e-01
       350   -5.9047423212e+00    3.4932503844e+01   -9.8920311819e+00    3.9872888608e+00    8.0876360486e+00    7.0352112452e+00   -2.5820848342e+01    8.0596986582e-01    1.3440000000e+03    7.5342115642e-01    5.5414992560e-01
       351   -5.9106393737e+00    3.4996650978e+01   -9.8626905325e+00    3.9520511588e+00    8.0707150899e+00    7.0352112452e+00   -2.5718654169e+01    7.5003730125e-01    1.3440000000e+03    7.5292959640e-01    5.5282924107e-01
       352   -5.9151057073e+00    3.5045829705e+01   -9.9090236752e+00    3.9939179679e+00    8.1127979964e+00    7.0352112452e+00   -2.5778770985e+01    7.2173806803e-01    1.3440000000e+03    7.5350020676e-01    5.5162388393e-01
       353   -5.9131631702e+00    3.5012254172e+01   -1.0005064982e+01    4.0919018121e+00    8.0948343252e+00    7.0352112452e+00   -2.5829742667e+01    6.9463211431e-01    1.3440000000e+03    7.5211365293e-01    5.5172061012e-01
       354   -5.9228729855e+00    3.5163064186e+01   -9.9364024570e+00    4.0135294715e+00    8.0870686566e+00    7.0352112452e+00   -2.5794449705e+01    7.3576734631e-01    1.3440000000e+03    7.5190074817e-01    5.5210193452e-01
       355   -5.9058671713e+00    3.4929628711e+01   -9.8665806130e+00    3.9607134417e+00    8.0388642680e+00    7.0352112452e+00   -2.5706394260e+01    7.6573813370e-01    1.3440000000e+03    7.5168847740e-01    5.5258556548e-01
       356   -5.9062478091e+00    3.4937632050e+01   -9.8710161609e+00    3.9647683518e+00    8.0431522466e+00    7.0352112452e+00   -2.5640779255e+01    6.9139960196e-01    1.3440000000e+03    7.5157362755e-01    5.5185825893e-01
       357   -5.9037997069e+00    3.4904869405e+01   -9.8892494984e+00    3.9854497914e+00    8.0642897476e+00    7.0352112452e+00   -2.5718380387e+01    7.2962989628e-01    1.3440000000e+03    7.5147990310e-01    5.5302455357e-01
       358   -5.9208206283e+00    3.5176596221e+01   -9.8706294600e+00    3.9498088317e+00    8.0910533137e+00    7.0352112452e+00   -2.5726374131e+01    7.2948011210e-01    1.3440000000e+03    7.5300844501e-01    5.5360119048e-01
       359   -5.9111176321e+00    3.4993343864e+01   -9.9245163385e+00    4.0133987065e+00    8.0311739580e+00    7.0352112452e+00   -2.5709971353e+01    7.1906981161e-01    1.3440000000e+03    7.5223538049e-01    5.5340215774e-01
       360   -5.9186922766e+00    3.5094728225e+01   -9.9455311088e+00    4.0268388321e+00    8.1175167460e+00    7.0352112452e+00   -2.5856600999e+01    7.5834189887e-01    1.3440000000e+03    7.5261790702e-01    5.5289434524e-01
       361   -5.8979832769e+00    3.4900525486e+01   -1.0036884441e+01    4.1389011642e+00    8.1023496911e+00    7.0352112452e+00   -2.5872535348e+01    6.9808997092e-01    1.3440000000e+03    7.5259395236e-01    5.5354538690e-01
       362   -5.9108105545e+00    3.4980736618e+01   -9.9428349885e+00    4.0320244340e+00    8.0884831578e+00    7.0352112452e+00   -2.5750708710e+01    6.8417931844e-01    1.3440000000e+03    7.5166324955e-01    5.5229538690e-01
       363   -5.9169260006e+00    3.5050177819e+01   -9.9699168595e+00    4.0529908589e+00    8.0754058358e+00    7.0352112452e+00   -2.5759414139e+01    6.7888019892e-01    1.3440000000e+03    7.5266561383e-01    5.5305803571e-01
       364   -5.9237324379e+00    3.5169060469e+01   -9.9164532408e+00    3.9927208028e+00    8.0671811595e+00    7.0352112452e+00   -2.5751039566e+01    7.3219392007e-01    1.3440000000e+03    7.5152096949e-01    5.5388020833e-01
       365   -5.9040014011e+00    3.4894761833e+01   -9.9828185958e+00    4.0788171948e+00    8.0716221321e+00    7.0352112452e+00   -2.5783428338e+01    6.9377636440e-01    1.3440000000e+03    7.5213920858e-01    5.5312500000e-01
       366   -5.9150871212e+00    3.5048747676e+01   -9.8486106232e+00    3.9335235021e+00    8.0716142499e+00    7.0352112452e+00   -2.5699490894e+01    7.4405477520e-01    1.3440000000e+03    7.5185095710e-01    5.5265066964e-01
       367   -5.9163631836e+00    3.5071819384e+01   -9.8148717962e+00    3.8985086126e+00    8.0171260193e+00    7.0352112452e+00   -2.5592099141e+01    7.2489008067e-01    1.3440000000e+03    7.5180541214e-01    5.5315848214e-01
       368   -5.9187851466e+00    3.5088533665e+01   -9.9122433195e+00    3.9934581729e+00    8.0632842466e+00    7.0352112452e+00   -2.5734662747e+01    7.2392393612e-01    1.3440000000e+03    7.5214213245e-01    5.5380580357e-01
       369   -5.9130085450e+00    3.5027173046e+01   -9.9227254084e+00    4.0097168634e+00    8.0751264827e+00    7.0352112452e+00   -2.5637240498e+01    6.0417736176e-01    1.3440000000e+03    7.5198481916e-01    5.5360119048e-01
       370   -5.9099732364e+00    3.4973218886e+01   -9.9202514654e+00    4.0102782290e+00    8.1031720602e+00    7.0352112452e+00   -2.5827708198e+01    7.6907342702e-01    1.3440000000e+03    7.5238223771e-01    5.5302641369e-01
       371   -5.9165365913e+00    3.5052142816e+01   -9.9480945155e+00    4.0315579242e+00    8.0631946229e+00    7.0352112452e+00   -2.5786836354e+01    7.4033597056e-01    1.3440000000e+03    7.5286982616e-01    5.5324218750e-01
       372   -5.9047475509e+00    3.4928183979e+01   -9.8319614589e+00    3.9272139080e+00    8.0422908577e+00    7.0352112452e+00   -2.5703160490e+01    7.9369692844e-01    1.3440000000e+03    7.5085569766e-01    5.5277901786e-01
       373   -5.9161216327e+00    3.5074021427e+01   -9.9129387197e+00    3.9968170870e+00    8.0807571264e+00    7.0352112452e+00   -2.5743974691e+01    7.1506759934e-01    1.3440000000e+03    7.5196117664e-01    5.5390438988e-01
       374   -5.9175276856e+00    3.5148984900e+01   -9.8651400314e+00    3.9476123458e+00    8.1036260147e+00    7.0352112452e+00   -2.5721783604e+01    7.1780631245e-01    1.3440000000e+03    7.5280060532e-01    5.5334449405e-01
       375   -5.9211460558e+00    3.5101724508e+01   -9.9242354500e+00    4.0030893942e+00    8.0856696033e+00    7.0352112452e+00   -2.5780606472e+01    7.3549017379e-01    1.3440000000e+03    7.5237534745e-01    5.5167224702e-01
       376   -5.9174995714e+00    3.5083957782e+01   -9.8820309584e+00    3.9645313869e+00    8.0759018743e+00    7.0352112452e+00   -2.5677416594e+01    6.8427251645e-01    1.3440000000e+03    7.5204485655e-01    5.5178385417e-01
       377   -5.9295135980e+00    3.5200819119e+01   -9.9889352144e+00    4.0594216164e+00    8.0596434064e+00    7.0352112452e+00   -2.5834746062e+01    7.5095619609e-01    1.3440000000e+03    7.5175653884e-01    5.5177641369e-01
       378   -5.9145127204e+00    3.5059754901e+01   -9.9358028574e+00    4.0212901371e+00    8.0746377692e+00    7.0352112452e+00   -2.5764525751e+01    7.1887387885e-01    1.3440000000e+03    7.5120992935e-01    5.5212611607e-01
       379   -5.9093298464e+00    3.4977378265e+01   -9.8737522717e+00    3.9644224253e+00    8.0508337587e+00    7.0352112452e+00   -2.5596773930e+01    6.3697665486e-01    1.3440000000e+03    7.5230671075e-01    5.5239025298e-01
       380   -5.9133764908e+00    3.5012246072e+01   -9.9063553635e+00    3.9929788727e+00    8.0784708730e+00    7.0352112452e+00   -2.5679942972e+01    6.5990549063e-01    1.3440000000e+03    7.5274833946e-01    5.5297247024e-01
       381   -5.9131323419e+00    3.5006740175e+01   -9.9687948219e+00    4.0556624799e+00    8.0926144658e+00    7.0352112452e+00   -2.5797388712e+01    7.0076817862e-01    1.3440000000e+03    7.5217076043e-01    5.5274553571e-01
       382   -5.9106231323e+00    3.4979605819e+01   -9.9701852533e+00    4.0595621210e+00    8.1030370850e+00    7.0352112452e+00   -2.5841373954e+01    7.3294037021e-01    1.3440000000e+03    7.5334636327e-01    5.5297433036e-01
       383   -5.9146773677e+00    3.5032454508e+01   -9.8717170935e+00    3.9570397258e+00    8.1191965035e+00    7.0352112452e+00   -2.5756878730e+01    7.3075388768e-01    1.3440000000e+03    7.5307160725e-01    5.5189174107e-01
       384   -5.9234350394e+00    3.5139413249e+01   -9.9664858634e+00    4.0430508239e+00    8.0597200580e+00    7.0352112452e+00   -2.5823607432e+01    7.6219026488e-01    1.3440000000e+03    7.5189172628e-01    5.5383556548e-01
       385   -5.9137182106e+00    3.5081221490e+01   -9.8973770119e+00    3.9836588013e+00    8.0635944341e+00    7.0352112452e+00   -2.5713826173e+01    7.1764348174e-01    1.3440000000e+03    7.5279073936e-01    5.5249627976e-01
       386   -5.9078647644e+00    3.4986912453e+01   -9.9778203603e+00    4.0699555959e+00    8.0306833414e+00    7.0352112452e+00   -2.5762904855e+01    7.1918990763e-01    1.3440000000e+03    7.5157186685e-01    5.5272321429e-01
       387   -5.9025866977e+00    3.4928009146e+01   -9.9177711920e+00    4.0151844943e+00    8.0918015299e+00    7.0352112452e+00   -2.5868090591e+01    8.2330662352e-01    1.3440000000e+03    7.5256044499e-01    5.5374813988e-01
       388   -5.9101612360e+00    3.4988665040e+01   -9.9707490844e+00    4.0605878484e+00    8.0901090010e+00    7.0352112452e+00   -2.5866974038e+01    7.7090470691e-01    1.3440000000e+03    7.5289803691e-01    5.5225632440e-01
       389   -5.9124036426e+00    3.5003290925e+01   -9.8635467984e+00    3.9511431558e+00    8.0726556136e+00    7.0352112452e+00   -2.5673698931e+01    7.0228527410e-01    1.3440000000e+03    7.5228946360e-01    5.5145833333e-01
       390   -5.8940850990e+00    3.4846733473e+01   -9.8584998623e+00    3.9644147633e+00    8.0971579799e+00    7.0352112452e+00   -2.5749489414e+01    7.5862032687e-01    1.3440000000e+03    7.5302557725e-01    5.5295200893e-01
       391   -5.9140227325e+00    3.5032790023e+01   -9.8698918255e+00    3.9558690931e+00    8.0703171510e+00    7.0352112452e+00   -2.5718633021e+01    7.4321279931e-01    1.3440000000e+03    7.5272457117e-01    5.5171688988e-01
       392   -5.9099516770e+00    3.5004166268e+01   -9.9660038684e+00    4.0560521915e+00    8.0713949580e+00    7.0352112452e+00   -2.5768057059e+01    6.9544698750e-01    1.3440000000e+03    7.5245577676e-01    5.5303943452e-01
       393   -5.9192936806e+00    3.5084075748e+01   -9.9436150548e+00    4.0243213742e+00    8.0723073039e+00    7.0352112452e+00   -2.5766028455e+01    7.1489485080e-01    1.3440000000e+03    7.5211692330e-01    5.5258184524e-01
       394   -5.9224715059e+00    3.5134315663e+01   -9.9507285491e+00    4.0282570432e+00    8.0776523334e+00    7.0352112452e+00   -2.5797065342e+01    7.3347321467e-01    1.3440000000e+03    7.5286926134e-01    5.5347470238e-01
       395   -5.9070436874e+00    3.4963352439e+01   -9.7821633762e+00    3.8751196888e+00    8.0945452647e+00    7.0352112452e+00   -2.5695319173e+01    7.8339928686e-01    1.3440000000e+03    7.5326167363e-01    5.5207217262e-01
       396   -5.9062570154e+00    3.4944282940e+01   -9.8756551061e+00    3.9693980907e+00    8.0743079398e+00    7.0352112452e+00   -2.5717070769e+01    7.3189647836e-01    1.3440000000e+03    7.5301373229e-01    5.5226190476e-01
       397   -5.9141154990e+00    3.5023476411e+01   -9.8910542595e+00    3.9769387605e+00    8.1052152454e+00    7.0352112452e+00   -2.5773580995e+01    7.4210024470e-01    1.3440000000e+03    7.5267057147e-01    5.5408482143e-01
       398   -5.9012262439e+00    3.4892507081e+01   -1.0049454870e+01    4.1482286265e+00    8.0445014697e+00    7.0352112452e+00   -2.5805506374e+01    6.7633878863e-01    1.3440000000e+03    7.5226308841e-01    5.5464471726e-01
       399   -5.9140297228e+00    3.5041351207e+01   -1.0022510378e+01    4.1084806551e+00    8.1122917271e+00    7.0352112452e+00   -2.5891332184e+01    7.2131883391e-01    1.3440000000e+03    7.5237688150e-01    5.5178571429e-01
