#   index    LocalEnergy         LocalEnergy_sq      LocalPotential      Kinetic             ElecElec            IonIon              LocalECP            NonLocalECP         BlockWeight         BlockCPU            AcceptRatio         
         0   -5.9187936520e+00    3.5066506016e+01   -9.6725104160e+00    3.7537167639e+00    7.6905261694e+00    7.0352107511e+00   -2.5168879548e+01    7.7063221159e-01    2.5178680000e+06    1.9108991976e+01    9.9996483548e-01
         1   -5.9231829563e+00    3.5116615274e+01   -9.7199040227e+00    3.7967210664e+00    7.7003220387e+00    7.0352107511e+00   -2.5211239636e+01    7.5580282390e-01    2.5248670000e+06    1.9290806600e+01    9.9996152137e-01
         2   -5.9229190991e+00    3.5113755023e+01   -9.6628000744e+00    3.7398809752e+00    7.6904363164e+00    7.0352107511e+00   -2.5164357324e+01    7.7591018187e-01    2.5292700000e+06    1.9278258209e+01    9.9996529420e-01
         3   -5.9238225496e+00    3.5124514508e+01   -9.6809237709e+00    3.7571012213e+00    7.6600260561e+00    7.0352107511e+00   -2.5153345941e+01    7.7718536259e-01    2.5329740000e+06    1.9307753149e+01    9.9996438045e-01
         4   -5.9236012655e+00    3.5121297029e+01   -9.6950356799e+00    3.7714344145e+00    7.6797749694e+00    7.0352107511e+00   -2.5169340788e+01    7.5931938730e-01    2.5228390000e+06    1.9279529565e+01    9.9996299250e-01
         5   -5.9274838063e+00    3.5168313087e+01   -9.7156342202e+00    3.7881504139e+00    7.6789639657e+00    7.0352107511e+00   -2.5187796673e+01    7.5798773650e-01    2.5389570000e+06    1.9253052883e+01    9.9996257766e-01
         6   -5.9255985817e+00    3.5145381353e+01   -9.7345526876e+00    3.8089541058e+00    7.6752247029e+00    7.0352107511e+00   -2.5209455051e+01    7.6446690919e-01    2.5283150000e+06    1.9429148561e+01    9.9996405251e-01
         7   -5.9294892007e+00    3.5188452263e+01   -9.6937974484e+00    3.7643082476e+00    7.6637962020e+00    7.0352107511e+00   -2.5105254561e+01    7.1245015985e-01    2.5249020000e+06    1.8852829684e+01    9.9996447018e-01
         8   -5.9279553990e+00    3.5172884614e+01   -9.7138063253e+00    3.7858509263e+00    7.6609900125e+00    7.0352107511e+00   -2.5178893121e+01    7.6888603258e-01    2.5417590000e+06    1.9237117933e+01    9.9996256521e-01
         9   -5.9239051255e+00    3.5125108041e+01   -9.6729121626e+00    3.7490070371e+00    7.6782301777e+00    7.0352107511e+00   -2.5159280314e+01    7.7292722269e-01    2.5370250000e+06    1.9114076687e+01    9.9996537240e-01
        10   -5.9256511149e+00    3.5146974055e+01   -9.6642125010e+00    3.7385613860e+00    7.6836607105e+00    7.0352107511e+00   -2.5166886192e+01    7.8380222942e-01    2.5295940000e+06    1.8931156444e+01    9.9996341701e-01
        11   -5.9256353793e+00    3.5146075366e+01   -9.6727022905e+00    3.7470669112e+00    7.6777255159e+00    7.0352107511e+00   -2.5150691540e+01    7.6505298231e-01    2.5367980000e+06    1.9147275101e+01    9.9996316489e-01
        12   -5.9271102277e+00    3.5162555819e+01   -9.6765153890e+00    3.7494051613e+00    7.6645326038e+00    7.0352107511e+00   -2.5119200537e+01    7.4294179271e-01    2.5257120000e+06    1.8921248960e+01    9.9996425391e-01
        13   -5.9265359609e+00    3.5159247633e+01   -9.7176659179e+00    3.7911299570e+00    7.6823983701e+00    7.0352107511e+00   -2.5228872395e+01    7.9359735540e-01    2.5196020000e+06    1.9180383499e+01    9.9996592994e-01
        14   -5.9298898637e+00    3.5197999681e+01   -9.7136454356e+00    3.7837555719e+00    7.6886199401e+00    7.0352107511e+00   -2.5245329112e+01    8.0785298514e-01    2.5337880000e+06    1.9284747978e+01    9.9996230775e-01
        15   -5.9303889973e+00    3.5202342999e+01   -9.7253592628e+00    3.7949702656e+00    7.6728289744e+00    7.0352107511e+00   -2.5211933246e+01    7.7853425765e-01    2.5332810000e+06    1.9249995234e+01    9.9996453407e-01
        16   -5.9297694529e+00    3.5195741133e+01   -9.7497119587e+00    3.8199425058e+00    7.6823166351e+00    7.0352107511e+00   -2.5217287269e+01    7.5004792384e-01    2.5317380000e+06    2.0052941337e+01    9.9996385511e-01
        17   -5.9308555687e+00    3.5208873589e+01   -9.7125671848e+00    3.7817116160e+00    7.7067022754e+00    7.0352107511e+00   -2.5241584047e+01    7.8710383570e-01    2.5369420000e+06    1.9013412302e+01    9.9996240994e-01
        18   -5.9288328663e+00    3.5183227796e+01   -9.7094734207e+00    3.7806405544e+00    7.7027808655e+00    7.0352107511e+00   -2.5204417134e+01    7.5695209664e-01    2.5349740000e+06    1.9295022475e+01    9.9996519897e-01
        19   -5.9288768213e+00    3.5184289968e+01   -9.7060952281e+00    3.7772184068e+00    7.7085743783e+00    7.0352107511e+00   -2.5263428243e+01    8.1354788510e-01    2.5266430000e+06    1.9465497843e+01    9.9996199166e-01
        20   -5.9298223646e+00    3.5194970692e+01   -9.6839054289e+00    3.7540830643e+00    7.6973487895e+00    7.0352107511e+00   -2.5213327930e+01    7.9686296072e-01    2.5241370000e+06    1.9096001404e+01    9.9996237171e-01
        21   -5.9284072621e+00    3.5179187447e+01   -9.6590145257e+00    3.7306072637e+00    7.7027454537e+00    7.0352107511e+00   -2.5176139001e+01    7.7916827053e-01    2.5100760000e+06    1.9122117060e+01    9.9996758679e-01
        22   -5.9226640984e+00    3.5110432126e+01   -9.6891170331e+00    3.7664529348e+00    7.7073006408e+00    7.0352107511e+00   -2.5206222788e+01    7.7459436325e-01    2.5039790000e+06    1.9215872279e+01    9.9996171180e-01
        23   -5.9279461793e+00    3.5174795946e+01   -9.6243468381e+00    3.6964006588e+00    7.7056195510e+00    7.0352107511e+00   -2.5178852136e+01    8.1367499612e-01    2.5181120000e+06    1.9102517896e+01    9.9996419582e-01
        24   -5.9268247942e+00    3.5160542443e+01   -9.6511858596e+00    3.7243610654e+00    7.6896222578e+00    7.0352107511e+00   -2.5172838460e+01    7.9681959125e-01    2.5265750000e+06    1.9147083937e+01    9.9996206932e-01
        25   -5.9278269186e+00    3.5170376948e+01   -9.7226183097e+00    3.7947913912e+00    7.6804800739e+00    7.0352107511e+00   -2.5175321085e+01    7.3701195062e-01    2.5243080000e+06    1.9130547876e+01    9.9996447217e-01
        26   -5.9269997293e+00    3.5160712852e+01   -9.6762943092e+00    3.7492945799e+00    7.6557606139e+00    7.0352107511e+00   -2.5125179581e+01    7.5791390699e-01    2.5167850000e+06    1.9038884768e+01    9.9996309389e-01
        27   -5.9228713612e+00    3.5112113411e+01   -9.6694428353e+00    3.7465714741e+00    7.6679873065e+00    7.0352107511e+00   -2.5108236699e+01    7.3559580621e-01    2.4978640000e+06    1.9247111620e+01    9.9996401880e-01
        28   -5.9273454877e+00    3.5166520118e+01   -9.6336981094e+00    3.7063526217e+00    7.6805975115e+00    7.0352107511e+00   -2.5094789837e+01    7.4528346517e-01    2.5107950000e+06    1.9058184903e+01    9.9996521315e-01
        29   -5.9259012170e+00    3.5147879590e+01   -9.6682966021e+00    3.7423953850e+00    7.6741537941e+00    7.0352107511e+00   -2.5154829850e+01    7.7716870299e-01    2.5262970000e+06    1.9157216322e+01    9.9996662129e-01
        30   -5.9264050294e+00    3.5154731630e+01   -9.6298651386e+00    3.7034601092e+00    7.6766429430e+00    7.0352107511e+00   -2.5138832893e+01    7.9711406056e-01    2.5213600000e+06    1.9493860502e+01    9.9996478037e-01
        31   -5.9244686236e+00    3.5131554260e+01   -9.6282214061e+00    3.7037527826e+00    7.6713076791e+00    7.0352107511e+00   -2.5103583303e+01    7.6884346648e-01    2.5097740000e+06    1.9004509437e+01    9.9996290373e-01
        32   -5.9251814630e+00    3.5143191240e+01   -9.6392311263e+00    3.7140496633e+00    7.6769913072e+00    7.0352107511e+00   -2.5125781487e+01    7.7434830267e-01    2.5004720000e+06    1.9055096937e+01    9.9996615990e-01
        33   -5.9295275705e+00    3.5190841504e+01   -9.6754513331e+00    3.7459237626e+00    7.6766907752e+00    7.0352107511e+00   -2.5143190319e+01    7.5583745955e-01    2.5121650000e+06    1.9164936181e+01    9.9996314005e-01
        34   -5.9301703180e+00    3.5200393938e+01   -9.6722132139e+00    3.7420428959e+00    7.7029787999e+00    7.0352107511e+00   -2.5234924734e+01    8.2452196881e-01    2.5298980000e+06    1.9105345912e+01    9.9996438452e-01
        35   -5.9279853344e+00    3.5175327386e+01   -9.6642350859e+00    3.7362497515e+00    7.6829203590e+00    7.0352107511e+00   -2.5169456905e+01    7.8709070899e-01    2.5354900000e+06    1.8864812742e+01    9.9996302635e-01
        36   -5.9292253292e+00    3.5189957955e+01   -9.6475174905e+00    3.7182921613e+00    7.6682590157e+00    7.0352107511e+00   -2.5132291006e+01    7.8130374860e-01    2.5044660000e+06    1.9175324393e+01    9.9996509572e-01
        37   -5.9317231342e+00    3.5219359304e+01   -9.6726321777e+00    3.7409090436e+00    7.7007115587e+00    7.0352107511e+00   -2.5222248240e+01    8.1369375233e-01    2.5183250000e+06    1.9118557670e+01    9.9996409523e-01
        38   -5.9292902189e+00    3.5189166124e+01   -9.6956061880e+00    3.7663159692e+00    7.7058620809e+00    7.0352107511e+00   -2.5223027748e+01    7.8634872778e-01    2.5336410000e+06    1.9177736824e+01    9.9996189193e-01
        39   -5.9230939493e+00    3.5115243607e+01   -9.6434338160e+00    3.7203398667e+00    7.6773695966e+00    7.0352107511e+00   -2.5143837311e+01    7.8782314723e-01    2.5221330000e+06    1.9076773220e+01    9.9996494743e-01
        40   -5.9291636781e+00    3.5187883795e+01   -9.7012796457e+00    3.7721159676e+00    7.6607023771e+00    7.0352107511e+00   -2.5154318405e+01    7.5712563072e-01    2.5174970000e+06    1.8963050447e+01    9.9996375442e-01
        41   -5.9300491568e+00    3.5198103669e+01   -9.7021796823e+00    3.7721305255e+00    7.6871578797e+00    7.0352107511e+00   -2.5177267712e+01    7.5271939918e-01    2.5099000000e+06    1.8941830776e+01    9.9996558286e-01
        42   -5.9273177109e+00    3.5165911464e+01   -9.6774100741e+00    3.7500923632e+00    7.7152753808e+00    7.0352107511e+00   -2.5255166097e+01    8.2726989106e-01    2.5118320000e+06    1.9258116318e+01    9.9996177423e-01
        43   -5.9269437781e+00    3.5162809925e+01   -9.6736560941e+00    3.7467123160e+00    7.7092398920e+00    7.0352107511e+00   -2.5195523315e+01    7.7741657735e-01    2.5160120000e+06    1.9137989341e+01    9.9996408322e-01
        44   -5.9253365093e+00    3.5144967351e+01   -9.7068799003e+00    3.7815433911e+00    7.7065442388e+00    7.0352107511e+00   -2.5229311593e+01    7.8067670275e-01    2.5346290000e+06    1.9080860282e+01    9.9996405645e-01
        45   -5.9270574273e+00    3.5162648862e+01   -9.6895839984e+00    3.7625265711e+00    7.7033220398e+00    7.0352107511e+00   -2.5206293941e+01    7.7817715169e-01    2.5372660000e+06    1.9315228069e+01    9.9996624135e-01
        46   -5.9265954495e+00    3.5156388619e+01   -9.6773204078e+00    3.7507249583e+00    7.6957983035e+00    7.0352107511e+00   -2.5165632732e+01    7.5730326916e-01    2.5299530000e+06    1.9120930877e+01    9.9996048112e-01
        47   -5.9255438984e+00    3.5142885423e+01   -9.7035599119e+00    3.7780160136e+00    7.6998826364e+00    7.0352107511e+00   -2.5192542941e+01    7.5388964158e-01    2.5261190000e+06    1.9332869489e+01    9.9996159866e-01
        48   -5.9273951388e+00    3.5169942218e+01   -9.6624834962e+00    3.7350883574e+00    7.6867987672e+00    7.0352107511e+00   -2.5153863299e+01    7.6937028492e-01    2.5211590000e+06    1.9222463590e+01    9.9996238168e-01
        49   -5.9228269004e+00    3.5114459364e+01   -9.6872042654e+00    3.7643773650e+00    7.6846606709e+00    7.0352107511e+00   -2.5170501684e+01    7.6342599610e-01    2.5095410000e+06    1.9028098858e+01    9.9996458280e-01
        50   -5.9256587323e+00    3.5145220516e+01   -9.7077494732e+00    3.7820907409e+00    7.6882153239e+00    7.0352107511e+00   -2.5223312592e+01    7.9213704392e-01    2.5152950000e+06    1.9023290836e+01    9.9996267028e-01
        51   -5.9250727600e+00    3.5137255794e+01   -9.6878610493e+00    3.7627882893e+00    7.6983901166e+00    7.0352107511e+00   -2.5209972370e+01    7.8851045302e-01    2.5052460000e+06    1.8815327800e+01    9.9996381907e-01
        52   -5.9245197771e+00    3.5131058077e+01   -9.7107471425e+00    3.7862273654e+00    7.6977083593e+00    7.0352107511e+00   -2.5198950806e+01    7.5528455268e-01    2.5168230000e+06    1.8956565693e+01    9.9996060933e-01
        53   -5.9272533385e+00    3.5168748103e+01   -9.7227070712e+00    3.7954537328e+00    7.6839739912e+00    7.0352107511e+00   -2.5201595017e+01    7.5970320392e-01    2.5227300000e+06    1.9073738013e+01    9.9996530930e-01
        54   -5.9260421938e+00    3.5150191440e+01   -9.7137288621e+00    3.7876866683e+00    7.6672970236e+00    7.0352107511e+00   -2.5180945667e+01    7.6470902997e-01    2.5120950000e+06    1.9278645287e+01    9.9996443021e-01
        55   -5.9296815693e+00    3.5193425984e+01   -9.7130165234e+00    3.7833349541e+00    7.6806481228e+00    7.0352107511e+00   -2.5203984265e+01    7.7510886734e-01    2.5136360000e+06    1.9422675598e+01    9.9996428217e-01
        56   -5.9277174105e+00    3.5169843310e+01   -9.7332500441e+00    3.8055326335e+00    7.7030721557e+00    7.0352107511e+00   -2.5272949320e+01    8.0141636901e-01    2.5170280000e+06    1.9254991474e+01    9.9996261579e-01
        57   -5.9276412736e+00    3.5169093181e+01   -9.6800638759e+00    3.7524226022e+00    7.6839326034e+00    7.0352107511e+00   -2.5156644219e+01    7.5743698878e-01    2.5236070000e+06    1.9193240794e+01    9.9996204507e-01
        58   -5.9255535749e+00    3.5144070967e+01   -9.7100730310e+00    3.7845194561e+00    7.6905068219e+00    7.0352107511e+00   -2.5207572982e+01    7.7178237784e-01    2.5256540000e+06    1.9224090343e+01    9.9996569397e-01
        59   -5.9253898355e+00    3.5142155996e+01   -9.7093309025e+00    3.7839410670e+00    7.6922554478e+00    7.0352107511e+00   -2.5192078903e+01    7.5528180116e-01    2.5273120000e+06    1.9352131468e+01    9.9996636072e-01
        60   -5.9273544934e+00    3.5166366727e+01   -9.6821709904e+00    3.7548164970e+00    7.7050009299e+00    7.0352107511e+00   -2.5164928609e+01    7.4254593773e-01    2.5419800000e+06    1.9057523511e+01    9.9996608737e-01
        61   -5.9272466230e+00    3.5164559567e+01   -9.6684451688e+00    3.7411985458e+00    7.6932753711e+00    7.0352107511e+00   -2.5133057942e+01    7.3612665061e-01    2.5307020000e+06    1.9440924334e+01    9.9996305976e-01
        62   -5.9248942102e+00    3.5135496121e+01   -9.6934793291e+00    3.7685851189e+00    7.6836461691e+00    7.0352107511e+00   -2.5163657985e+01    7.5132173593e-01    2.5244190000e+06    1.9137722820e+01    9.9996377958e-01
        63   -5.9304710141e+00    3.5202339351e+01   -9.7150518272e+00    3.7845808132e+00    7.6836358488e+00    7.0352107511e+00   -2.5214326461e+01    7.8042803365e-01    2.5278360000e+06    1.9065308911e+01    9.9996534153e-01
        64   -5.9280244215e+00    3.5178908717e+01   -9.7282683082e+00    3.8002438867e+00    7.6989335759e+00    7.0352107511e+00   -2.5235650655e+01    7.7323802009e-01    2.5263610000e+06    1.8962016915e+01    9.9996289964e-01
        65   -5.9276525622e+00    3.5169277248e+01   -9.7460264594e+00    3.8183738972e+00    7.6934467082e+00    7.0352107511e+00   -2.5255553758e+01    7.8086983893e-01    2.5205860000e+06    1.9144202202e+01    9.9996413483e-01
        66   -5.9266814708e+00    3.5156714029e+01   -9.7081338260e+00    3.7814523552e+00    7.6917506581e+00    7.0352107511e+00   -2.5203227365e+01    7.6813213026e-01    2.5075110000e+06    1.9073680302e+01    9.9996275312e-01
        67   -5.9290348053e+00    3.5187820477e+01   -9.7074069141e+00    3.7783721087e+00    7.7157545291e+00    7.0352107511e+00   -2.5277977689e+01    8.1960549437e-01    2.5111510000e+06    1.9144584146e+01    9.9996348259e-01
        68   -5.9267301866e+00    3.5158817375e+01   -9.6910682685e+00    3.7643380819e+00    7.7138689401e+00    7.0352107511e+00   -2.5209073126e+01    7.6892516608e-01    2.5253470000e+06    1.9527762773e+01    9.9996291351e-01
        69   -5.9267420019e+00    3.5161205245e+01   -9.7028989277e+00    3.7761569258e+00    7.6919261429e+00    7.0352107511e+00   -2.5227507484e+01    7.9747166262e-01    2.5304490000e+06    1.9037966364e+01    9.9996376406e-01
        70   -5.9268159088e+00    3.5160330697e+01   -9.6905778526e+00    3.7637619438e+00    7.6675499004e+00    7.0352107511e+00   -2.5138966256e+01    7.4562775220e-01    2.5243920000e+06    1.9328449674e+01    9.9996432724e-01
        71   -5.9255974318e+00    3.5143813511e+01   -9.7029676489e+00    3.7773702171e+00    7.6730121143e+00    7.0352107511e+00   -2.5162508526e+01    7.5131801160e-01    2.5251010000e+06    1.9422217110e+01    9.9996463468e-01
        72   -5.9241230751e+00    3.5128666535e+01   -9.6733183012e+00    3.7491952261e+00    7.6872349799e+00    7.0352107511e+00   -2.5181998032e+01    7.8623400006e-01    2.5239150000e+06    1.9134877352e+01    9.9996350795e-01
        73   -5.9223894715e+00    3.5107670001e+01   -9.6790462312e+00    3.7566567598e+00    7.6767088939e+00    7.0352107511e+00   -2.5155117419e+01    7.6415154285e-01    2.5064910000e+06    1.8776043810e+01    9.9996398956e-01
        74   -5.9240152882e+00    3.5126200822e+01   -9.7085394256e+00    3.7845241374e+00    7.7096039815e+00    7.0352107511e+00   -2.5212322577e+01    7.5896841911e-01    2.5003090000e+06    1.9097277863e+01    9.9996551063e-01
        75   -5.9235092806e+00    3.5124139031e+01   -9.6656952436e+00    3.7421859630e+00    7.6958544215e+00    7.0352107511e+00   -2.5191663129e+01    7.9490271287e-01    2.4816510000e+06    1.8893736109e+01    9.9996377889e-01
        76   -5.9248860961e+00    3.5135882191e+01   -9.6212219114e+00    3.6963358153e+00    7.6638779503e+00    7.0352107511e+00   -2.5110187427e+01    7.8987681399e-01    2.4984330000e+06    1.9310225896e+01    9.9996607579e-01
        77   -5.9295866163e+00    3.5190633233e+01   -9.6740897232e+00    3.7445031069e+00    7.6541859272e+00    7.0352107511e+00   -2.5102936881e+01    7.3945047906e-01    2.5232690000e+06    1.9034768559e+01    9.9996195425e-01
        78   -5.9277784014e+00    3.5170578315e+01   -9.6502912151e+00    3.7225128136e+00    7.6417670091e+00    7.0352107511e+00   -2.5089991683e+01    7.6272270792e-01    2.5250490000e+06    1.8801056890e+01    9.9996472489e-01
        79   -5.9291029870e+00    3.5187228001e+01   -9.6875310995e+00    3.7584281125e+00    7.6656405169e+00    7.0352107511e+00   -2.5152773556e+01    7.6439118830e-01    2.5257680000e+06    1.8781414549e+01    9.9996517920e-01
        80   -5.9295090727e+00    3.5192060461e+01   -9.7012496311e+00    3.7717405584e+00    7.6569702876e+00    7.0352107511e+00   -2.5176952008e+01    7.8352133805e-01    2.5386740000e+06    1.9766749888e+01    9.9996424366e-01
        81   -5.9243703927e+00    3.5131329389e+01   -9.7420699160e+00    3.8176995233e+00    7.6822135324e+00    7.0352107511e+00   -2.5243092099e+01    7.8359789946e-01    2.5301140000e+06    1.9414081065e+01    9.9996340818e-01
        82   -5.9258735382e+00    3.5149720974e+01   -9.7220760686e+00    3.7962025303e+00    7.7000586842e+00    7.0352107511e+00   -2.5234169722e+01    7.7682421783e-01    2.5290710000e+06    1.8995539759e+01    9.9996118482e-01
        83   -5.9262488195e+00    3.5153562661e+01   -9.7113576951e+00    3.7851088756e+00    7.7037067240e+00    7.0352107511e+00   -2.5253277280e+01    8.0300210971e-01    2.5220730000e+06    1.8821490839e+01    9.9996358257e-01
        84   -5.9258041807e+00    3.5148886683e+01   -9.7239049647e+00    3.7981007839e+00    7.7037738923e+00    7.0352107511e+00   -2.5242251306e+01    7.7936169777e-01    2.5128580000e+06    1.9115229347e+01    9.9996478124e-01
        85   -5.9288502733e+00    3.5183295325e+01   -9.7480709378e+00    3.8192206645e+00    7.7353675422e+00    7.0352107511e+00   -2.5295885869e+01    7.7723663774e-01    2.5299780000e+06    1.8984482583e+01    9.9996143623e-01
        86   -5.9232747424e+00    3.5118151357e+01   -9.6907495416e+00    3.7674747992e+00    7.6991108587e+00    7.0352107511e+00   -2.5184686647e+01    7.5961549545e-01    2.5247850000e+06    1.9004092425e+01    9.9996382564e-01
        87   -5.9288217704e+00    3.5186275102e+01   -9.7004301715e+00    3.7716084011e+00    7.6917872761e+00    7.0352107511e+00   -2.5202686733e+01    7.7525853405e-01    2.5212740000e+06    1.9223060103e+01    9.9996388685e-01
        88   -5.9299963305e+00    3.5195733317e+01   -9.6628696224e+00    3.7328732920e+00    7.6750978183e+00    7.0352107511e+00   -2.5129736868e+01    7.5655867583e-01    2.5254390000e+06    1.9542576333e+01    9.9996472321e-01
        89   -5.9286319610e+00    3.5180042451e+01   -9.6496692826e+00    3.7210373217e+00    7.6562711109e+00    7.0352107511e+00   -2.5080667116e+01    7.3951597161e-01    2.5216410000e+06    1.9091325983e+01    9.9996511078e-01
        90   -5.9288081447e+00    3.5184856279e+01   -9.6345763596e+00    3.7057682149e+00    7.6729006808e+00    7.0352107511e+00   -2.5094068014e+01    7.5138022272e-01    2.4974210000e+06    1.9154995557e+01    9.9996306582e-01
        91   -5.9285760935e+00    3.5182662708e+01   -9.6827036001e+00    3.7541275066e+00    7.6654236508e+00    7.0352107511e+00   -2.5134686420e+01    7.5134841815e-01    2.5065340000e+06    1.8977256617e+01    9.9996509717e-01
        92   -5.9285977086e+00    3.5178737123e+01   -9.7664237667e+00    3.8378260581e+00    7.6583183168e+00    7.0352107511e+00   -2.5186032699e+01    7.2607986476e-01    2.5321890000e+06    1.9196987386e+01    9.9996507629e-01
        93   -5.9290475667e+00    3.5183785313e+01   -9.7039380089e+00    3.7748904422e+00    7.6487869991e+00    7.0352107511e+00   -2.5136993126e+01    7.4905736644e-01    2.5359830000e+06    1.9219057790e+01    9.9996303274e-01
        94   -5.9277904266e+00    3.5172233931e+01   -9.6989245217e+00    3.7711340951e+00    7.6616977224e+00    7.0352107511e+00   -2.5148167284e+01    7.5233428887e-01    2.5326640000e+06    1.9058946182e+01    9.9996273757e-01
        95   -5.9296653520e+00    3.5195026909e+01   -9.7360614619e+00    3.8063961099e+00    7.6784532470e+00    7.0352107511e+00   -2.5218121928e+01    7.6839646838e-01    2.5370710000e+06    1.9079925350e+01    9.9996544751e-01
        96   -5.9294533703e+00    3.5192197958e+01   -9.7066243926e+00    3.7771710222e+00    7.6938432672e+00    7.0352107511e+00   -2.5209298062e+01    7.7361965155e-01    2.5422520000e+06    1.9034511266e+01    9.9995929948e-01
        97   -5.9266853481e+00    3.5159228202e+01   -9.6973227313e+00    3.7706373833e+00    7.6870545783e+00    7.0352107511e+00   -2.5164061245e+01    7.4447318431e-01    2.5274470000e+06    1.9353377317e+01    9.9996385937e-01
        98   -5.9284885998e+00    3.5177715082e+01   -9.7082564446e+00    3.7797678448e+00    7.7067585420e+00    7.0352107511e+00   -2.5218472331e+01    7.6824659293e-01    2.5266590000e+06    1.9177738855e+01    9.9996200689e-01
        99   -5.9238391559e+00    3.5125191561e+01   -9.7162772007e+00    3.7924380449e+00    7.6779659495e+00    7.0352107511e+00   -2.5225688894e+01    7.9623499261e-01    2.5254060000e+06    1.8957927384e+01    9.9996142404e-01
       100   -5.9270669217e+00    3.5164171743e+01   -9.6649850932e+00    3.7379181715e+00    7.6611108949e+00    7.0352107511e+00   -2.5139297787e+01    7.7799104775e-01    2.5162740000e+06    1.9202500028e+01    9.9996173143e-01
       101   -5.9248142268e+00    3.5135620939e+01   -9.6341718024e+00    3.7093575757e+00    7.6519756744e+00    7.0352107511e+00   -2.5100789521e+01    7.7943129274e-01    2.5404810000e+06    1.8983664517e+01    9.9996422926e-01
       102   -5.9243532454e+00    3.5131632099e+01   -9.6429987332e+00    3.7186454878e+00    7.6571530385e+00    7.0352107511e+00   -2.5119435395e+01    7.8407287254e-01    2.5346800000e+06    1.9352531695e+01    9.9995861626e-01
       103   -5.9250691395e+00    3.5137746670e+01   -9.6886777538e+00    3.7636086143e+00    7.6581932441e+00    7.0352107511e+00   -2.5155424463e+01    7.7334271409e-01    2.5112650000e+06    1.9354214355e+01    9.9996207509e-01
       104   -5.9269629934e+00    3.5159789744e+01   -9.6520298762e+00    3.7250668828e+00    7.6399061019e+00    7.0352107511e+00   -2.5113375949e+01    7.8622921945e-01    2.5342800000e+06    1.9201955737e+01    9.9996424684e-01
       105   -5.9282585038e+00    3.5176265105e+01   -9.6814636731e+00    3.7532051693e+00    7.6482332106e+00    7.0352107511e+00   -2.5137638374e+01    7.7273073876e-01    2.5337710000e+06    1.9167541945e+01    9.9996299237e-01
       106   -5.9308882750e+00    3.5206170060e+01   -9.6716573975e+00    3.7407691226e+00    7.6808083896e+00    7.0352107511e+00   -2.5175800919e+01    7.8812438119e-01    2.5356500000e+06    1.9538488552e+01    9.9996457627e-01
       107   -5.9279501182e+00    3.5174084088e+01   -9.6885491998e+00    3.7605990816e+00    7.6634136316e+00    7.0352107511e+00   -2.5158465746e+01    7.7129216301e-01    2.5251790000e+06    1.9628273919e+01    9.9996337896e-01
       108   -5.9292912600e+00    3.5186361096e+01   -9.6445780716e+00    3.7152868116e+00    7.6468789888e+00    7.0352107511e+00   -2.5054604280e+01    7.2793646893e-01    2.5250070000e+06    1.9127450522e+01    9.9996363606e-01
       109   -5.9312461552e+00    3.5211795965e+01   -9.6672069080e+00    3.7359607529e+00    7.6505434414e+00    7.0352107511e+00   -2.5140414667e+01    7.8745356607e-01    2.5226690000e+06    1.9092584967e+01    9.9996347858e-01
       110   -5.9282056262e+00    3.5175787482e+01   -9.6851810172e+00    3.7569753910e+00    7.6511743668e+00    7.0352107511e+00   -2.5128050862e+01    7.5648472710e-01    2.5321490000e+06    1.8950538882e+01    9.9996475121e-01
       111   -5.9272769673e+00    3.5166541231e+01   -9.6893853306e+00    3.7621083634e+00    7.6704087826e+00    7.0352107511e+00   -2.5189884766e+01    7.9487990207e-01    2.5314670000e+06    1.9346785792e+01    9.9996399756e-01
       112   -5.9253679609e+00    3.5141420054e+01   -9.6924043584e+00    3.7670363975e+00    7.6803136212e+00    7.0352107511e+00   -2.5181525865e+01    7.7359713466e-01    2.5104520000e+06    1.9079678362e+01    9.9996330136e-01
       113   -5.9286294402e+00    3.5179973281e+01   -9.7007594650e+00    3.7721300248e+00    7.6696726814e+00    7.0352107511e+00   -2.5161409624e+01    7.5576672617e-01    2.5184300000e+06    1.9059982071e+01    9.9996206576e-01
       114   -5.9262344279e+00    3.5152618590e+01   -9.6960407076e+00    3.7698062797e+00    7.6821184823e+00    7.0352107511e+00   -2.5180462939e+01    7.6709299797e-01    2.5124500000e+06    1.8865155343e+01    9.9996345093e-01
       115   -5.9269426943e+00    3.5161527538e+01   -9.7154207668e+00    3.7884780725e+00    7.6959128436e+00    7.0352107511e+00   -2.5217035604e+01    7.7049124198e-01    2.5099300000e+06    1.9135152764e+01    9.9996223463e-01
       116   -5.9268972685e+00    3.5160270180e+01   -9.6908472559e+00    3.7639499873e+00    7.6779655952e+00    7.0352107511e+00   -2.5201902756e+01    7.9787915338e-01    2.5156000000e+06    1.9316897001e+01    9.9996479734e-01
       117   -5.9256555494e+00    3.5145763440e+01   -9.6874027624e+00    3.7617472129e+00    7.6749521338e+00    7.0352107511e+00   -2.5173576044e+01    7.7601039640e-01    2.4958790000e+06    1.9120887047e+01    9.9996333949e-01
       118   -5.9291591971e+00    3.5191834681e+01   -9.7511967990e+00    3.8220376019e+00    7.7032429764e+00    7.0352107511e+00   -2.5284155852e+01    7.9450532557e-01    2.5055110000e+06    1.9067625742e+01    9.9996135559e-01
       119   -5.9284474800e+00    3.5181397731e+01   -9.7336023437e+00    3.8051548637e+00    7.6912710984e+00    7.0352107511e+00   -2.5237361189e+01    7.7727699613e-01    2.5101940000e+06    1.9313831653e+01    9.9996439474e-01
       120   -5.9279738404e+00    3.5174424333e+01   -9.7229087982e+00    3.7949349578e+00    7.6839080808e+00    7.0352107511e+00   -2.5209099829e+01    7.6707219917e-01    2.5029080000e+06    1.9015574673e+01    9.9996183898e-01
       121   -5.9290648018e+00    3.5188382012e+01   -9.7084730724e+00    3.7794082705e+00    7.6751638703e+00    7.0352107511e+00   -2.5188866306e+01    7.7001861266e-01    2.5053900000e+06    1.8957109957e+01    9.9996163048e-01
       122   -5.9293506758e+00    3.5190009656e+01   -9.6426882356e+00    3.7133375598e+00    7.6655909572e+00    7.0352107511e+00   -2.5116754419e+01    7.7326447509e-01    2.5206570000e+06    1.9178780038e+01    9.9996244136e-01
       123   -5.9280477414e+00    3.5175672633e+01   -9.7017508697e+00    3.7737031282e+00    7.6494252373e+00    7.0352107511e+00   -2.5136313729e+01    7.4992687080e-01    2.5431690000e+06    1.8874401201e+01    9.9996354245e-01
       124   -5.9292978196e+00    3.5189606357e+01   -9.6568858487e+00    3.7275880291e+00    7.6413431963e+00    7.0352107511e+00   -2.5063272764e+01    7.2983296824e-01    2.5413990000e+06    1.9028928437e+01    9.9996213699e-01
       125   -5.9308110992e+00    3.5205913302e+01   -9.6721464699e+00    3.7413353707e+00    7.6551341818e+00    7.0352107511e+00   -2.5142545057e+01    7.8005365436e-01    2.5408570000e+06    1.9006260610e+01    9.9996484713e-01
       126   -5.9281099295e+00    3.5177896181e+01   -9.6997326748e+00    3.7716227452e+00    7.6780240289e+00    7.0352107511e+00   -2.5185156929e+01    7.7218947457e-01    2.5340820000e+06    1.9121478508e+01    9.9996222135e-01
       127   -5.9265492616e+00    3.5156554758e+01   -9.6709286887e+00    3.7443794271e+00    7.6885210657e+00    7.0352107511e+00   -2.5173942185e+01    7.7928167907e-01    2.5255400000e+06    1.9066196690e+01    9.9996626927e-01
       128   -5.9284594960e+00    3.5178105075e+01   -9.6874646546e+00    3.7590051587e+00    7.6812677828e+00    7.0352107511e+00   -2.5162761079e+01    7.5881789062e-01    2.5198310000e+06    1.9355389993e+01    9.9996372879e-01
       129   -5.9315453643e+00    3.5217316422e+01   -9.7001843641e+00    3.7686389999e+00    7.7044889622e+00    7.0352107511e+00   -2.5232617865e+01    7.9273378793e-01    2.5110880000e+06    1.9000402757e+01    9.9996210168e-01
       130   -5.9298024007e+00    3.5197011541e+01   -9.7038627467e+00    3.7740603460e+00    7.7094021907e+00    7.0352107511e+00   -2.5270779471e+01    8.2230378268e-01    2.5280180000e+06    1.9323731436e+01    9.9996552228e-01
       131   -5.9260980480e+00    3.5152866402e+01   -9.6716834481e+00    3.7455854001e+00    7.7001440667e+00    7.0352107511e+00   -2.5213380090e+01    8.0634182453e-01    2.5149860000e+06    1.9144743553e+01    9.9996510332e-01
       132   -5.9283008866e+00    3.5176684834e+01   -9.6828457335e+00    3.7545448469e+00    7.6705065090e+00    7.0352107511e+00   -2.5166439065e+01    7.7787607110e-01    2.5121320000e+06    1.8756641729e+01    9.9996316623e-01
       133   -5.9274783503e+00    3.5170747770e+01   -9.7315719841e+00    3.8040936338e+00    7.6862634446e+00    7.0352107511e+00   -2.5267771157e+01    8.1472497693e-01    2.5218250000e+06    1.9089998708e+01    9.9996128063e-01
       134   -5.9296512037e+00    3.5194169540e+01   -9.7301662194e+00    3.8005150157e+00    7.6921506598e+00    7.0352107511e+00   -2.5227901842e+01    7.7037421203e-01    2.5318360000e+06    1.9066412195e+01    9.9996416766e-01
       135   -5.9299759224e+00    3.5196655094e+01   -9.7062952769e+00    3.7763193545e+00    7.6883935724e+00    7.0352107511e+00   -2.5206093600e+01    7.7619399977e-01    2.5342620000e+06    1.9085832010e+01    9.9996258594e-01
       136   -5.9286255090e+00    3.5180550298e+01   -9.6693123056e+00    3.7406867966e+00    7.6880130712e+00    7.0352107511e+00   -2.5171921596e+01    7.7938546765e-01    2.5289880000e+06    1.9325552054e+01    9.9996285952e-01
       137   -5.9289573352e+00    3.5185636811e+01   -9.6596210128e+00    3.7306636776e+00    7.6841100821e+00    7.0352107511e+00   -2.5170694190e+01    7.9175234350e-01    2.5356940000e+06    1.9259828614e+01    9.9996398926e-01
       138   -5.9263749820e+00    3.5153592186e+01   -9.6704606377e+00    3.7440856556e+00    7.6700074947e+00    7.0352107511e+00   -2.5141662980e+01    7.6598409630e-01    2.5186490000e+06    1.9020334265e+01    9.9996397452e-01
       139   -5.9276005084e+00    3.5173835354e+01   -9.6882727051e+00    3.7606721967e+00    7.6688182740e+00    7.0352107511e+00   -2.5174784068e+01    7.8248233799e-01    2.5301250000e+06    1.9074673341e+01    9.9996369884e-01
       140   -5.9281841521e+00    3.5180457169e+01   -9.6811565268e+00    3.7529723747e+00    7.6626214535e+00    7.0352107511e+00   -2.5167006927e+01    7.8801819583e-01    2.5203540000e+06    1.8957697409e+01    9.9996403167e-01
       141   -5.9296596636e+00    3.5192815373e+01   -9.6574170195e+00    3.7277573558e+00    7.6588579123e+00    7.0352107511e+00   -2.5104718331e+01    7.5323264820e-01    2.5387900000e+06    1.9259387096e+01    9.9996455678e-01
       142   -5.9275478501e+00    3.5167067132e+01   -9.6610534655e+00    3.7335056155e+00    7.6850616933e+00    7.0352107511e+00   -2.5158744577e+01    7.7741866723e-01    2.5355530000e+06    1.9197256420e+01    9.9996156154e-01
       143   -5.9302010333e+00    3.5199715822e+01   -9.6683895858e+00    3.7381885525e+00    7.6718393787e+00    7.0352107511e+00   -2.5120294948e+01    7.4485523213e-01    2.5235440000e+06    1.9189471128e+01    9.9996562072e-01
       144   -5.9293182605e+00    3.5188999840e+01   -9.6865765025e+00    3.7572582420e+00    7.6747444412e+00    7.0352107511e+00   -2.5166723733e+01    7.7019203827e-01    2.5119880000e+06    1.9599424445e+01    9.9996364509e-01
       145   -5.9286986889e+00    3.5181284706e+01   -9.7167534917e+00    3.7880548029e+00    7.6788888078e+00    7.0352107511e+00   -2.5170930322e+01    7.4007727174e-01    2.5169890000e+06    1.9213991422e+01    9.9996252032e-01
       146   -5.9274584819e+00    3.5167352233e+01   -9.7217057611e+00    3.7942472792e+00    7.6626194246e+00    7.0352107511e+00   -2.5182794207e+01    7.6325827032e-01    2.5225730000e+06    1.9069327153e+01    9.9995990454e-01
       147   -5.9247937958e+00    3.5134056804e+01   -9.7092081205e+00    3.7844143247e+00    7.6707357793e+00    7.0352107511e+00   -2.5177973896e+01    7.6281924512e-01    2.5169410000e+06    1.9025073326e+01    9.9996383779e-01
       148   -5.9283766667e+00    3.5179801931e+01   -9.6953673140e+00    3.7669906474e+00    7.6952878112e+00    7.0352107511e+00   -2.5192648202e+01    7.6678232575e-01    2.5242880000e+06    1.9046192196e+01    9.9996414499e-01
       149   -5.9266435244e+00    3.5157088029e+01   -9.7218577415e+00    3.7952142171e+00    7.6949478360e+00    7.0352107511e+00   -2.5209108396e+01    7.5709206712e-01    2.5397560000e+06    1.9203649988e+01    9.9996038876e-01
       150   -5.9246221260e+00    3.5133031854e+01   -9.7037742309e+00    3.7791521050e+00    7.6922532155e+00    7.0352107511e+00   -2.5191838768e+01    7.6060057010e-01    2.5459610000e+06    1.9519539305e+01    9.9996269124e-01
       151   -5.9248682130e+00    3.5135197251e+01   -9.6915759163e+00    3.7667077034e+00    7.6802383055e+00    7.0352107511e+00   -2.5174830595e+01    7.6780562222e-01    2.5310610000e+06    1.9292863582e+01    9.9996309536e-01
       152   -5.9254608015e+00    3.5143330952e+01   -9.7052170904e+00    3.7797562888e+00    7.6590420422e+00    7.0352107511e+00   -2.5156840605e+01    7.5737072148e-01    2.5285740000e+06    1.9131105680e+01    9.9996628680e-01
       153   -5.9281710567e+00    3.5175678142e+01   -9.6878948686e+00    3.7597238120e+00    7.6743966171e+00    7.0352107511e+00   -2.5196195104e+01    7.9869286674e-01    2.5220950000e+06    1.9031394510e+01    9.9996124297e-01
       154   -5.9254128774e+00    3.5143575795e+01   -9.6431826745e+00    3.7177697972e+00    7.6808787867e+00    7.0352107511e+00   -2.5128023001e+01    7.6875078916e-01    2.5219580000e+06    1.8916619918e+01    9.9996267812e-01
       155   -5.9276952624e+00    3.5169848701e+01   -9.6716370997e+00    3.7439418373e+00    7.6884795363e+00    7.0352107511e+00   -2.5177616716e+01    7.8228932869e-01    2.5095410000e+06    1.9056376807e+01    9.9996169284e-01
       156   -5.9288887689e+00    3.5186842621e+01   -9.6797502725e+00    3.7508615036e+00    7.6680470137e+00    7.0352107511e+00   -2.5164064721e+01    7.8105668413e-01    2.5079100000e+06    1.9333618073e+01    9.9996397567e-01
       157   -5.9265252103e+00    3.5156317579e+01   -9.6709730697e+00    3.7444478595e+00    7.6396078560e+00    7.0352107511e+00   -2.5075892290e+01    7.3010061321e-01    2.5205200000e+06    1.9131292092e+01    9.9996256564e-01
       158   -5.9271339310e+00    3.5162830242e+01   -9.6329151166e+00    3.7057811856e+00    7.6706303992e+00    7.0352107511e+00   -2.5093195602e+01    7.5443933532e-01    2.5034990000e+06    1.9133488019e+01    9.9996480758e-01
       159   -5.9246601333e+00    3.5133823970e+01   -9.6888991840e+00    3.7642390507e+00    7.7002705584e+00    7.0352107511e+00   -2.5243458251e+01    8.1907775708e-01    2.4981940000e+06    1.8946213093e+01    9.9996288323e-01
       160   -5.9252792544e+00    3.5141677796e+01   -9.7049982556e+00    3.7797190012e+00    7.7211500640e+00    7.0352107511e+00   -2.5238367800e+01    7.7700872881e-01    2.5059390000e+06    1.9070595741e+01    9.9996448975e-01
       161   -5.9277770932e+00    3.5172106737e+01   -9.6787668381e+00    3.7509897449e+00    7.7207220206e+00    7.0352107511e+00   -2.5247254539e+01    8.1255492900e-01    2.5038840000e+06    1.9160695592e+01    9.9996236284e-01
       162   -5.9269725687e+00    3.5163640679e+01   -9.7145335389e+00    3.7875609702e+00    7.7056865010e+00    7.0352107511e+00   -2.5265107544e+01    8.0967675273e-01    2.5005640000e+06    1.8825099969e+01    9.9996335325e-01
       163   -5.9250573817e+00    3.5139876335e+01   -9.7189739963e+00    3.7939166147e+00    7.7031636910e+00    7.0352107511e+00   -2.5229716366e+01    7.7236792763e-01    2.5055360000e+06    1.8993666166e+01    9.9996414732e-01
       164   -5.9262094048e+00    3.5151595000e+01   -9.6913247428e+00    3.7651153380e+00    7.7006320637e+00    7.0352107511e+00   -2.5203099444e+01    7.7593188679e-01    2.5061820000e+06    1.9080428643e+01    9.9996344946e-01
       165   -5.9262352440e+00    3.5150846336e+01   -9.6505846348e+00    3.7243493908e+00    7.7128539115e+00    7.0352107511e+00   -2.5157330404e+01    7.5868110697e-01    2.5119190000e+06    1.9299011927e+01    9.9996373295e-01
       166   -5.9267037115e+00    3.5157941365e+01   -9.7083170039e+00    3.7816132924e+00    7.6837639264e+00    7.0352107511e+00   -2.5203407264e+01    7.7611558277e-01    2.5344350000e+06    1.9139876327e+01    9.9996202770e-01
       167   -5.9267798503e+00    3.5159432689e+01   -9.7365950024e+00    3.8098151521e+00    7.6980939525e+00    7.0352107511e+00   -2.5246875410e+01    7.7697570407e-01    2.5334790000e+06    1.9055547590e+01    9.9996496319e-01
       168   -5.9271330551e+00    3.5166054394e+01   -9.7260399703e+00    3.7989069152e+00    7.6853832273e+00    7.0352107511e+00   -2.5217086503e+01    7.7045255431e-01    2.5343100000e+06    1.9092918007e+01    9.9996334613e-01
       169   -5.9283246311e+00    3.5179073618e+01   -9.6835607638e+00    3.7552361326e+00    7.6781017897e+00    7.0352107511e+00   -2.5192824110e+01    7.9595080539e-01    2.5337520000e+06    1.9074061899e+01    9.9996263676e-01
       170   -5.9274870321e+00    3.5170536285e+01   -9.6870932509e+00    3.7596062188e+00    7.6589441444e+00    7.0352107511e+00   -2.5162737315e+01    7.8148916819e-01    2.5345470000e+06    1.8993763253e+01    9.9996413418e-01
       171   -5.9284266649e+00    3.5179242636e+01   -9.6619481324e+00    3.7335214674e+00    7.6793032184e+00    7.0352107511e+00   -2.5150273394e+01    7.7381129210e-01    2.5431900000e+06    1.9149179157e+01    9.9996233131e-01
       172   -5.9300739261e+00    3.5198486380e+01   -9.6972250338e+00    3.7671511078e+00    7.6911348823e+00    7.0352107511e+00   -2.5189343619e+01    7.6577295148e-01    2.5470310000e+06    1.8940176081e+01    9.9996073217e-01
       173   -5.9271139575e+00    3.5167058020e+01   -9.6716796899e+00    3.7445657324e+00    7.6781954813e+00    7.0352107511e+00   -2.5180996745e+01    7.9591082287e-01    2.5194860000e+06    1.9073564914e+01    9.9996285210e-01
       174   -5.9304190719e+00    3.5202242207e+01   -9.6864444707e+00    3.7560253988e+00    7.6944007342e+00    7.0352107511e+00   -2.5217655750e+01    8.0159979428e-01    2.5197460000e+06    1.8987111236e+01    9.9996596718e-01
       175   -5.9287270376e+00    3.5181577792e+01   -9.6533215454e+00    3.7245945078e+00    7.6944949366e+00    7.0352107511e+00   -2.5165267678e+01    7.8224044474e-01    2.5238030000e+06    1.9038477751e+01    9.9996313338e-01
       176   -5.9243062069e+00    3.5131093624e+01   -9.6742152805e+00    3.7499090736e+00    7.6903199558e+00    7.0352107511e+00   -2.5156707998e+01    7.5696201051e-01    2.5301060000e+06    1.8947857572e+01    9.9996551129e-01
       177   -5.9258873051e+00    3.5150233113e+01   -9.6441788433e+00    3.7182915381e+00    7.7034939865e+00    7.0352107511e+00   -2.5163564038e+01    7.8068045736e-01    2.5055060000e+06    1.9031773309e+01    9.9996366657e-01
       178   -5.9283917338e+00    3.5178229488e+01   -9.6511687268e+00    3.7227769929e+00    7.6912296968e+00    7.0352107511e+00   -2.5161989963e+01    7.8438078829e-01    2.5117710000e+06    1.9199508057e+01    9.9996206303e-01
       179   -5.9268445749e+00    3.5163214548e+01   -9.7231500092e+00    3.7963054343e+00    7.6950038826e+00    7.0352107511e+00   -2.5205673637e+01    7.5230899372e-01    2.5141410000e+06    1.8875914652e+01    9.9996300159e-01
       180   -5.9280557940e+00    3.5173963605e+01   -9.7236087554e+00    3.7955529614e+00    7.6914396724e+00    7.0352107511e+00   -2.5199357374e+01    7.4909819532e-01    2.5192080000e+06    1.9103196226e+01    9.9996521159e-01
       181   -5.9295354372e+00    3.5190272304e+01   -9.6922373973e+00    3.7627019601e+00    7.6733541150e+00    7.0352107511e+00   -2.5151800985e+01    7.5099872135e-01    2.5045340000e+06    1.9211264431e+01    9.9996512392e-01
       182   -5.9289059154e+00    3.5185357729e+01   -9.6918868696e+00    3.7629809542e+00    7.6894554140e+00    7.0352107511e+00   -2.5188580740e+01    7.7202770559e-01    2.5110630000e+06    1.9218030997e+01    9.9996297720e-01
       183   -5.9278729499e+00    3.5172034028e+01   -9.6815057626e+00    3.7536328126e+00    7.6750313605e+00    7.0352107511e+00   -2.5176668497e+01    7.8492062276e-01    2.5193820000e+06    1.9266952182e+01    9.9996349153e-01
       184   -5.9272825876e+00    3.5165507327e+01   -9.6942408902e+00    3.7669583026e+00    7.6869346322e+00    7.0352107511e+00   -2.5205734085e+01    7.8934781171e-01    2.5361570000e+06    1.9026447025e+01    9.9996313910e-01
       185   -5.9255691640e+00    3.5143830004e+01   -9.6284348820e+00    3.7028657180e+00    7.6777131560e+00    7.0352107511e+00   -2.5130910230e+01    7.8955144086e-01    2.5342770000e+06    1.9303455974e+01    9.9996403401e-01
       186   -5.9293290877e+00    3.5191836072e+01   -9.6510874794e+00    3.7217583917e+00    7.6624031875e+00    7.0352107511e+00   -2.5155747710e+01    8.0704629166e-01    2.5323700000e+06    1.9074348548e+01    9.9996348632e-01
       187   -5.9254290338e+00    3.5145193976e+01   -9.6953040623e+00    3.7698750285e+00    7.6811549307e+00    7.0352107511e+00   -2.5193168806e+01    7.8149906161e-01    2.5320450000e+06    1.8946357510e+01    9.9996443049e-01
       188   -5.9279980145e+00    3.5173955961e+01   -9.6996027028e+00    3.7716046883e+00    7.6896258742e+00    7.0352107511e+00   -2.5201239224e+01    7.7679989609e-01    2.5200530000e+06    1.9079332205e+01    9.9996394535e-01
       189   -5.9255908615e+00    3.5146362400e+01   -9.6767100870e+00    3.7511192254e+00    7.6905125925e+00    7.0352107511e+00   -2.5184881848e+01    7.8244841730e-01    2.5054930000e+06    1.9203033360e+01    9.9996442134e-01
       190   -5.9294694680e+00    3.5190665964e+01   -9.6901968183e+00    3.7607273503e+00    7.7027148747e+00    7.0352107511e+00   -2.5208716404e+01    7.8059395980e-01    2.5047290000e+06    1.9215721929e+01    9.9996408279e-01
       191   -5.9298028738e+00    3.5195080213e+01   -9.6861009304e+00    3.7562980567e+00    7.7028506345e+00    7.0352107511e+00   -2.5252366309e+01    8.2820399281e-01    2.5241760000e+06    1.9191067802e+01    9.9996383637e-01
       192   -5.9264554711e+00    3.5154269949e+01   -9.7180797512e+00    3.7916242800e+00    7.6882437900e+00    7.0352107511e+00   -2.5212088251e+01    7.7055395845e-01    2.5216640000e+06    1.9019391298e+01    9.9996445029e-01
       193   -5.9245974575e+00    3.5133787032e+01   -9.7135484122e+00    3.7889509547e+00    7.6881797876e+00    7.0352107511e+00   -2.5194381370e+01    7.5744241951e-01    2.5014990000e+06    1.9107030990e+01    9.9996398357e-01
       194   -5.9282307941e+00    3.5174715766e+01   -9.6900998718e+00    3.7618690777e+00    7.6996075114e+00    7.0352107511e+00   -2.5197641367e+01    7.7272323273e-01    2.4908000000e+06    1.9128126644e+01    9.9996515975e-01
       195   -5.9255102182e+00    3.5142869208e+01   -9.6768193922e+00    3.7513091741e+00    7.6896118181e+00    7.0352107511e+00   -2.5172778782e+01    7.7113682096e-01    2.5062070000e+06    1.9192147529e+01    9.9996672471e-01
       196   -5.9330588941e+00    3.5234407023e+01   -9.6667927916e+00    3.7337338975e+00    7.6771811520e+00    7.0352107511e+00   -2.5146001369e+01    7.6681667398e-01    2.5127790000e+06    1.8948566986e+01    9.9996327383e-01
       197   -5.9287157205e+00    3.5182323350e+01   -9.7133102801e+00    3.7845945596e+00    7.7003312723e+00    7.0352107511e+00   -2.5244341798e+01    7.9548949457e-01    2.5412770000e+06    1.9211857552e+01    9.9996163638e-01
       198   -5.9311000369e+00    3.5209578747e+01   -9.6962132865e+00    3.7651132496e+00    7.6947172788e+00    7.0352107511e+00   -2.5195652273e+01    7.6951095638e-01    2.5325720000e+06    1.9007822497e+01    9.9996276548e-01
       199   -5.9309925243e+00    3.5208756190e+01   -9.7048276442e+00    3.7738351199e+00    7.6989748730e+00    7.0352107511e+00   -2.5232793492e+01    7.9378022370e-01    2.5172800000e+06    1.9192099418e+01    9.9996269303e-01
       200   -5.9265658759e+00    3.5155130478e+01   -9.7082635653e+00    3.7816976893e+00    7.6810174891e+00    7.0352107511e+00   -2.5180177113e+01    7.5568530731e-01    2.5094370000e+06    1.9001185394e+01    9.9996393390e-01
       201   -5.9259869704e+00    3.5150128415e+01   -9.6366424684e+00    3.7106554980e+00    7.7006169290e+00    7.0352107511e+00   -2.5155764109e+01    7.8329396065e-01    2.5214900000e+06    1.9022617404e+01    9.9996450418e-01
       202   -5.9273768332e+00    3.5166758676e+01   -9.6205181209e+00    3.6931412877e+00    7.6717803725e+00    7.0352107511e+00   -2.5092272601e+01    7.6476335662e-01    2.5161360000e+06    1.8941043158e+01    9.9996209181e-01
       203   -5.9289192663e+00    3.5186007076e+01   -9.6615982416e+00    3.7326789753e+00    7.6917686529e+00    7.0352107511e+00   -2.5185795210e+01    7.9721756409e-01    2.5162960000e+06    1.8976104023e+01    9.9996334379e-01
       204   -5.9274957625e+00    3.5166915155e+01   -9.6762938839e+00    3.7487981214e+00    7.6801697309e+00    7.0352107511e+00   -2.5159832327e+01    7.6815796119e-01    2.5169940000e+06    1.9227069652e+01    9.9996408726e-01
       205   -5.9257668241e+00    3.5149230496e+01   -9.6593522173e+00    3.7335853932e+00    7.6673296056e+00    7.0352107511e+00   -2.5117178372e+01    7.5528579759e-01    2.5263490000e+06    1.9036426987e+01    9.9996162263e-01
       206   -5.9279498090e+00    3.5172765363e+01   -9.6703126713e+00    3.7423628622e+00    7.6803953931e+00    7.0352107511e+00   -2.5151408856e+01    7.6549004088e-01    2.5251460000e+06    1.9074267667e+01    9.9996407896e-01
       207   -5.9268105998e+00    3.5159530931e+01   -9.6505522994e+00    3.7237416996e+00    7.6919715321e+00    7.0352107511e+00   -2.5138009613e+01    7.6027502995e-01    2.5114880000e+06    1.9103426669e+01    9.9996173121e-01
       208   -5.9291596134e+00    3.5187134570e+01   -9.6964877774e+00    3.7673281640e+00    7.6963373154e+00    7.0352107511e+00   -2.5175225141e+01    7.4718929753e-01    2.5087630000e+06    1.9085766239e+01    9.9996267965e-01
       209   -5.9280437967e+00    3.5174508416e+01   -9.7055911377e+00    3.7775473410e+00    7.6782589120e+00    7.0352107511e+00   -2.5173130264e+01    7.5406946355e-01    2.5104910000e+06    1.9490766490e+01    9.9996209535e-01
       210   -5.9306718793e+00    3.5204290533e+01   -9.6846419818e+00    3.7539701024e+00    7.6910315678e+00    7.0352107511e+00   -2.5147847344e+01    7.3696304342e-01    2.5317560000e+06    1.9132961577e+01    9.9996450296e-01
       211   -5.9296792301e+00    3.5194115494e+01   -9.7130669025e+00    3.7833876724e+00    7.6821520433e+00    7.0352107511e+00   -2.5217536282e+01    7.8710658458e-01    2.5339890000e+06    1.9185815820e+01    9.9996258898e-01
       212   -5.9284028732e+00    3.5177842979e+01   -9.6679352722e+00    3.7395323990e+00    7.6738667004e+00    7.0352107511e+00   -2.5173117774e+01    7.9610504990e-01    2.5311480000e+06    1.8958392009e+01    9.9996354168e-01
       213   -5.9261450173e+00    3.5150755733e+01   -9.6701914207e+00    3.7440464034e+00    7.6865093945e+00    7.0352107511e+00   -2.5161628315e+01    7.6971674907e-01    2.5256620000e+06    1.9087799051e+01    9.9996449302e-01
       214   -5.9287946314e+00    3.5184006908e+01   -9.6517088238e+00    3.7229141924e+00    7.7093211336e+00    7.0352107511e+00   -2.5186937762e+01    7.9069705357e-01    2.5283130000e+06    1.9246027448e+01    9.9996401214e-01
       215   -5.9277484410e+00    3.5172809343e+01   -9.6985946225e+00    3.7708461815e+00    7.7142728269e+00    7.0352107511e+00   -2.5262336447e+01    8.1425824670e-01    2.5152010000e+06    1.9109133841e+01    9.9996272790e-01
       216   -5.9286456939e+00    3.5182727543e+01   -9.6433221257e+00    3.7146764318e+00    7.6987556500e+00    7.0352107511e+00   -2.5137069996e+01    7.5978146939e-01    2.5262500000e+06    1.9392647725e+01    9.9996451174e-01
       217   -5.9261042719e+00    3.5152704082e+01   -9.6795694212e+00    3.7534651493e+00    7.6897094660e+00    7.0352107511e+00   -2.5152540992e+01    7.4805135341e-01    2.5177800000e+06    1.9154904036e+01    9.9996393975e-01
       218   -5.9236469695e+00    3.5121103768e+01   -9.7196319233e+00    3.7959849538e+00    7.6923082957e+00    7.0352107511e+00   -2.5225083804e+01    7.7793283411e-01    2.5239270000e+06    1.8993760025e+01    9.9996269942e-01
       219   -5.9271231575e+00    3.5163301741e+01   -9.7108420269e+00    3.7837188693e+00    7.6985160678e+00    7.0352107511e+00   -2.5201190161e+01    7.5662131510e-01    2.5106090000e+06    1.8737529380e+01    9.9996552542e-01
       220   -5.9276571554e+00    3.5168417330e+01   -9.7205518892e+00    3.7928947338e+00    7.7056892569e+00    7.0352107511e+00   -2.5225426254e+01    7.6397435676e-01    2.5175450000e+06    1.9323564898e+01    9.9996501251e-01
       221   -5.9271468693e+00    3.5161926262e+01   -9.6859454527e+00    3.7587985834e+00    7.7091285450e+00    7.0352107511e+00   -2.5192462479e+01    7.6217773005e-01    2.5320770000e+06    1.8937097817e+01    9.9996321803e-01
       222   -5.9231778763e+00    3.5120697449e+01   -9.6760915852e+00    3.7529137089e+00    7.7129435237e+00    7.0352107511e+00   -2.5230250430e+01    8.0600457034e-01    2.5262260000e+06    1.9163985907e+01    9.9996225786e-01
       223   -5.9257381838e+00    3.5147462213e+01   -9.7038259021e+00    3.7780877183e+00    7.6902944645e+00    7.0352107511e+00   -2.5235417877e+01    8.0608675884e-01    2.5266670000e+06    1.9196263933e+01    9.9996116050e-01
       224   -5.9251617040e+00    3.5142921302e+01   -9.6757331352e+00    3.7505714312e+00    7.6783164662e+00    7.0352107511e+00   -2.5157154055e+01    7.6789370213e-01    2.5233580000e+06    1.9290179554e+01    9.9996247904e-01
       225   -5.9245947747e+00    3.5137714964e+01   -9.6702159150e+00    3.7456211403e+00    7.6808395748e+00    7.0352107511e+00   -2.5154567447e+01    7.6830120588e-01    2.5378980000e+06    1.9088295594e+01    9.9996332704e-01
       226   -5.9260829377e+00    3.5150639834e+01   -9.6521732451e+00    3.7260903073e+00    7.6765484871e+00    7.0352107511e+00   -2.5145517433e+01    7.8158494964e-01    2.5345340000e+06    1.9025928140e+01    9.9996522485e-01
       227   -5.9269741745e+00    3.5160737006e+01   -9.6715336048e+00    3.7445594303e+00    7.6733289141e+00    7.0352107511e+00   -2.5163754381e+01    7.8368111127e-01    2.5399860000e+06    1.9228493627e+01    9.9996412422e-01
       228   -5.9227747200e+00    3.5112261491e+01   -9.7172695193e+00    3.7944947993e+00    7.6778569898e+00    7.0352107511e+00   -2.5228262673e+01    7.9792541239e-01    2.5366590000e+06    1.9304902035e+01    9.9996250663e-01
       229   -5.9268808477e+00    3.5160389483e+01   -9.6893527630e+00    3.7624719153e+00    7.6852938081e+00    7.0352107511e+00   -2.5208181305e+01    7.9832398277e-01    2.5124990000e+06    1.9053005178e+01    9.9996469251e-01
       230   -5.9260460732e+00    3.5150365237e+01   -9.7552562561e+00    3.8292101829e+00    7.6803661063e+00    7.0352107511e+00   -2.5238142027e+01    7.6730891323e-01    2.5141750000e+06    1.8819473680e+01    9.9996187221e-01
       231   -5.9251843751e+00    3.5140426431e+01   -9.6971994157e+00    3.7720150405e+00    7.6664782800e+00    7.0352107511e+00   -2.5170401686e+01    7.7151323926e-01    2.5112790000e+06    1.8958234998e+01    9.9996438858e-01
       232   -5.9260606182e+00    3.5150634149e+01   -9.6720617892e+00    3.7460011710e+00    7.6646732788e+00    7.0352107511e+00   -2.5155151630e+01    7.8320581052e-01    2.5153840000e+06    1.9004893917e+01    9.9996210210e-01
       233   -5.9240263170e+00    3.5129314743e+01   -9.6655561832e+00    3.7415298663e+00    7.6902396694e+00    7.0352107511e+00   -2.5157835463e+01    7.6682885959e-01    2.5103200000e+06    1.8944001844e+01    9.9996035779e-01
       234   -5.9216903807e+00    3.5100805439e+01   -9.6672160500e+00    3.7455256693e+00    7.6987947339e+00    7.0352107511e+00   -2.5187596634e+01    7.8637509855e-01    2.5122060000e+06    1.9191598415e+01    9.9996319334e-01
       235   -5.9272418272e+00    3.5163642617e+01   -9.6573075298e+00    3.7300657026e+00    7.6649292742e+00    7.0352107511e+00   -2.5133856662e+01    7.7640910655e-01    2.5116620000e+06    1.9051497245e+01    9.9996550311e-01
       236   -5.9252568917e+00    3.5144199553e+01   -9.6510238990e+00    3.7257670073e+00    7.6615546429e+00    7.0352107511e+00   -2.5121233933e+01    7.7344463999e-01    2.5052610000e+06    1.9223623088e+01    9.9996467364e-01
       237   -5.9284349076e+00    3.5180109112e+01   -9.6582005708e+00    3.7297656632e+00    7.6574184682e+00    7.0352107511e+00   -2.5129837644e+01    7.7900785344e-01    2.5084740000e+06    1.8911476250e+01    9.9996458910e-01
       238   -5.9253550790e+00    3.5141610082e+01   -9.6900917843e+00    3.7647367054e+00    7.6646734252e+00    7.0352107511e+00   -2.5155024172e+01    7.6504821160e-01    2.5165700000e+06    1.8943963286e+01    9.9996069877e-01
       239   -5.9254693064e+00    3.5142251799e+01   -9.6740011591e+00    3.7485318527e+00    7.6909011344e+00    7.0352107511e+00   -2.5151137656e+01    7.5102461126e-01    2.5096620000e+06    1.9190555788e+01    9.9996265749e-01
       240   -5.9268582910e+00    3.5161732600e+01   -9.6985250363e+00    3.7716667453e+00    7.6922255871e+00    7.0352107511e+00   -2.5195183955e+01    7.6922258020e-01    2.5001280000e+06    1.9056639028e+01    9.9996546212e-01
       241   -5.9265619804e+00    3.5157513600e+01   -9.6487717447e+00    3.7222097643e+00    7.6475652817e+00    7.0352107511e+00   -2.5123039725e+01    7.9149194742e-01    2.5058610000e+06    1.9151525201e+01    9.9996204028e-01
       242   -5.9275768831e+00    3.5169362610e+01   -9.6359750327e+00    3.7083981496e+00    7.6444868039e+00    7.0352107511e+00   -2.5079088099e+01    7.6341551101e-01    2.5253530000e+06    1.9031274005e+01    9.9996291811e-01
       243   -5.9263125071e+00    3.5153068072e+01   -9.6562416908e+00    3.7299291837e+00    7.6574477311e+00    7.0352107511e+00   -2.5141901106e+01    7.9300093282e-01    2.5135550000e+06    1.9233546138e+01    9.9996357078e-01
       244   -5.9252045166e+00    3.5138979117e+01   -9.6753480216e+00    3.7501435050e+00    7.6469077837e+00    7.0352107511e+00   -2.5122428133e+01    7.6496157661e-01    2.5193360000e+06    1.9039223770e+01    9.9996250019e-01
       245   -5.9280712023e+00    3.5175399790e+01   -9.6868870947e+00    3.7588158925e+00    7.6563659637e+00    7.0352107511e+00   -2.5142513812e+01    7.6405000234e-01    2.5243750000e+06    1.8900794951e+01    9.9996539693e-01
       246   -5.9267358071e+00    3.5159881508e+01   -9.6534626566e+00    3.7267268495e+00    7.6712890021e+00    7.0352107511e+00   -2.5129388123e+01    7.6942571289e-01    2.5185520000e+06    1.8727692561e+01    9.9996367620e-01
       247   -5.9291467945e+00    3.5186857908e+01   -9.6723763027e+00    3.7432295082e+00    7.6691719025e+00    7.0352107511e+00   -2.5159844053e+01    7.8308509679e-01    2.5195610000e+06    1.9041035599e+01    9.9996309748e-01
       248   -5.9259561251e+00    3.5151229653e+01   -9.6345907973e+00    3.7086346722e+00    7.6781221887e+00    7.0352107511e+00   -2.5139670225e+01    7.9174648743e-01    2.5102190000e+06    1.9193791296e+01    9.9996557140e-01
       249   -5.9242538670e+00    3.5130535023e+01   -9.6392082077e+00    3.7149543407e+00    7.6719405853e+00    7.0352107511e+00   -2.5129922733e+01    7.8356318860e-01    2.5174840000e+06    1.9190655871e+01    9.9996316971e-01
       250   -5.9240294308e+00    3.5125526297e+01   -9.6876378596e+00    3.7636084288e+00    7.6811827188e+00    7.0352107511e+00   -2.5147914301e+01    7.4388297104e-01    2.5173020000e+06    1.9197932111e+01    9.9996419972e-01
       251   -5.9259004737e+00    3.5152208440e+01   -9.6441834887e+00    3.7182830150e+00    7.6933496744e+00    7.0352107511e+00   -2.5177028695e+01    8.0428478064e-01    2.5188870000e+06    1.9089199352e+01    9.9996379186e-01
       252   -5.9232715596e+00    3.5118940472e+01   -9.6914778617e+00    3.7682063021e+00    7.7084277607e+00    7.0352107511e+00   -2.5215721697e+01    7.8060532397e-01    2.5250280000e+06    1.8851862079e+01    9.9996406390e-01
       253   -5.9249326916e+00    3.5137399173e+01   -9.6896388233e+00    3.7647061317e+00    7.7044752471e+00    7.0352107511e+00   -2.5209268105e+01    7.7994328321e-01    2.5175740000e+06    1.9243402905e+01    9.9996365892e-01
       254   -5.9296779337e+00    3.5194682912e+01   -9.6965488197e+00    3.7668708860e+00    7.6943956454e+00    7.0352107511e+00   -2.5193968005e+01    7.6781278922e-01    2.5200980000e+06    1.9135591171e+01    9.9996097047e-01
       255   -5.9278617999e+00    3.5171524929e+01   -9.6839969088e+00    3.7561351089e+00    7.6965912730e+00    7.0352107511e+00   -2.5178333634e+01    7.6253470057e-01    2.5256600000e+06    1.9234514435e+01    9.9996410067e-01
       256   -5.9255888572e+00    3.5145718780e+01   -9.6954810293e+00    3.7698921721e+00    7.6771221963e+00    7.0352107511e+00   -2.5175893391e+01    7.6807941385e-01    2.5159950000e+06    1.9286807325e+01    9.9996398618e-01
       257   -5.9261935341e+00    3.5153896992e+01   -9.7065111875e+00    3.7803176534e+00    7.6919247345e+00    7.0352107511e+00   -2.5202713774e+01    7.6906710074e-01    2.5091330000e+06    1.9510950717e+01    9.9996328437e-01
       258   -5.9270783808e+00    3.5163445972e+01   -9.7007192440e+00    3.7736408632e+00    7.6809123406e+00    7.0352107511e+00   -2.5173548912e+01    7.5670657650e-01    2.5046360000e+06    1.9006002488e+01    9.9996410945e-01
       259   -5.9263529028e+00    3.5155742151e+01   -9.6975804209e+00    3.7712275180e+00    7.6687431170e+00    7.0352107511e+00   -2.5133356526e+01    7.3182223743e-01    2.5052670000e+06    1.8952977156e+01    9.9996397082e-01
       260   -5.9240169454e+00    3.5126795726e+01   -9.7025925877e+00    3.7785756423e+00    7.6820336359e+00    7.0352107511e+00   -2.5187295135e+01    7.6745816049e-01    2.5072750000e+06    1.9649781709e+01    9.9996535698e-01
       261   -5.9264198154e+00    3.5153588493e+01   -9.7189075610e+00    3.7924877456e+00    7.6826768608e+00    7.0352107511e+00   -2.5185358124e+01    7.4856295112e-01    2.5171490000e+06    1.9096179693e+01    9.9996619149e-01
       262   -5.9269829195e+00    3.5161506983e+01   -9.7357707714e+00    3.8087878519e+00    7.6872305026e+00    7.0352107511e+00   -2.5226368034e+01    7.6815600851e-01    2.5198330000e+06    1.9193492539e+01    9.9996627446e-01
       263   -5.9262160670e+00    3.5152321182e+01   -9.6904505130e+00    3.7642344461e+00    7.6985365013e+00    7.0352107511e+00   -2.5190902643e+01    7.6670487708e-01    2.5105280000e+06    1.9113088315e+01    9.9996555847e-01
       264   -5.9260667291e+00    3.5152569673e+01   -9.7147799302e+00    3.7887132011e+00    7.7203314418e+00    7.0352107511e+00   -2.5241794534e+01    7.7147241103e-01    2.5136420000e+06    1.9297651372e+01    9.9996378502e-01
       265   -5.9252122209e+00    3.5142568493e+01   -9.7358354868e+00    3.8106232659e+00    7.7192286628e+00    7.0352107511e+00   -2.5253511386e+01    7.6323648547e-01    2.4951430000e+06    1.9499149840e+01    9.9996312722e-01
       266   -5.9266850667e+00    3.5159236029e+01   -9.7224553764e+00    3.7957703098e+00    7.6971963284e+00    7.0352107511e+00   -2.5235276821e+01    7.8041436473e-01    2.5085290000e+06    1.9195485173e+01    9.9996462332e-01
       267   -5.9264135728e+00    3.5157546714e+01   -9.6991927248e+00    3.7727791521e+00    7.6817865804e+00    7.0352107511e+00   -2.5198807497e+01    7.8261744049e-01    2.5416840000e+06    1.9103495789e+01    9.9996104508e-01
       268   -5.9257253568e+00    3.5146770832e+01   -9.6943786951e+00    3.7686533383e+00    7.6846447433e+00    7.0352107511e+00   -2.5185065528e+01    7.7083133807e-01    2.5406390000e+06    1.9054933379e+01    9.9996190841e-01
       269   -5.9253237223e+00    3.5140863299e+01   -9.7048623966e+00    3.7795386743e+00    7.7006484764e+00    7.0352107511e+00   -2.5204871790e+01    7.6415016559e-01    2.5394500000e+06    1.9169621712e+01    9.9996408207e-01
       270   -5.9273594113e+00    3.5169908873e+01   -9.7049834635e+00    3.7776240522e+00    7.7130723821e+00    7.0352107511e+00   -2.5255452387e+01    8.0218578997e-01    2.5359330000e+06    1.9116291373e+01    9.9996435733e-01
       271   -5.9264313729e+00    3.5155949009e+01   -9.7234070986e+00    3.7969757257e+00    7.7006269043e+00    7.0352107511e+00   -2.5244321730e+01    7.8507697624e-01    2.5191160000e+06    1.9255824754e+01    9.9996527991e-01
       272   -5.9260854596e+00    3.5151297076e+01   -9.7040092404e+00    3.7779237808e+00    7.6912769836e+00    7.0352107511e+00   -2.5214467072e+01    7.8397009657e-01    2.5030220000e+06    1.8902670644e+01    9.9996504498e-01
       273   -5.9269440332e+00    3.5169290284e+01   -9.6989374428e+00    3.7719934096e+00    7.7015296670e+00    7.0352107511e+00   -2.5206254830e+01    7.7057696888e-01    2.5129730000e+06    1.9052569124e+01    9.9996065599e-01
       274   -5.9274931539e+00    3.5167892320e+01   -9.7056263769e+00    3.7781332230e+00    7.7131051264e+00    7.0352107511e+00   -2.5237278574e+01    7.8333632002e-01    2.5211980000e+06    1.9091453089e+01    9.9996433109e-01
       275   -5.9294657549e+00    3.5189950108e+01   -9.7524367607e+00    3.8229710058e+00    7.7066525885e+00    7.0352107511e+00   -2.5222469720e+01    7.2816961978e-01    2.5147640000e+06    1.9021568213e+01    9.9996261153e-01
       276   -5.9289550579e+00    3.5186480635e+01   -9.6958991011e+00    3.7669440433e+00    7.7079463819e+00    7.0352107511e+00   -2.5187880323e+01    7.4882408916e-01    2.5400140000e+06    1.8925267901e+01    9.9996257707e-01
       277   -5.9251686641e+00    3.5139710412e+01   -9.6631985026e+00    3.7380298385e+00    7.7013519339e+00    7.0352107511e+00   -2.5160914008e+01    7.6115282017e-01    2.5299980000e+06    1.9181023252e+01    9.9996371306e-01
       278   -5.9242352657e+00    3.5129299956e+01   -9.7022860639e+00    3.7780507982e+00    7.7018839175e+00    7.0352107511e+00   -2.5220116584e+01    7.8073585188e-01    2.5291080000e+06    1.9031660884e+01    9.9996161192e-01
       279   -5.9219869872e+00    3.5102793091e+01   -9.7056514895e+00    3.7836645023e+00    7.6966819604e+00    7.0352107511e+00   -2.5199919608e+01    7.6237540686e-01    2.5174730000e+06    1.9504511785e+01    9.9996406852e-01
       280   -5.9288131574e+00    3.5185779691e+01   -9.7224359343e+00    3.7936227768e+00    7.6893946823e+00    7.0352107511e+00   -2.5213582118e+01    7.6654074992e-01    2.5081420000e+06    1.8970225298e+01    9.9996480192e-01
       281   -5.9310991044e+00    3.5211889901e+01   -9.7579189755e+00    3.8268198710e+00    7.6839548758e+00    7.0352107511e+00   -2.5263580515e+01    7.8649591210e-01    2.5043190000e+06    1.9035951817e+01    9.9996071715e-01
       282   -5.9271883062e+00    3.5163481504e+01   -9.7039564619e+00    3.7767681558e+00    7.6969775539e+00    7.0352107511e+00   -2.5215272899e+01    7.7912813186e-01    2.5188200000e+06    1.9366399650e+01    9.9996463661e-01
       283   -5.9267667777e+00    3.5160564323e+01   -9.7038081542e+00    3.7770413765e+00    7.6714237143e+00    7.0352107511e+00   -2.5160019339e+01    7.4957671923e-01    2.5235930000e+06    1.9152545189e+01    9.9996490704e-01
       284   -5.9301793525e+00    3.5203100385e+01   -9.7032741180e+00    3.7730947655e+00    7.6775479062e+00    7.0352107511e+00   -2.5167161918e+01    7.5112914320e-01    2.5329240000e+06    1.9388062486e+01    9.9996239885e-01
       285   -5.9265717670e+00    3.5158319607e+01   -9.7130452958e+00    3.7864735288e+00    7.6691265983e+00    7.0352107511e+00   -2.5201876677e+01    7.8449403163e-01    2.5233790000e+06    1.8972940061e+01    9.9996181312e-01
       286   -5.9284400022e+00    3.5179821687e+01   -9.6835607876e+00    3.7551207853e+00    7.6840596551e+00    7.0352107511e+00   -2.5186056080e+01    7.8322488575e-01    2.5081230000e+06    1.9146236515e+01    9.9996414951e-01
       287   -5.9284023671e+00    3.5176166922e+01   -9.7082237133e+00    3.7798213462e+00    7.6956397450e+00    7.0352107511e+00   -2.5200217862e+01    7.6114365301e-01    2.5100540000e+06    1.9234106775e+01    9.9996379436e-01
       288   -5.9293821739e+00    3.5189474503e+01   -9.7037317451e+00    3.7743495712e+00    7.6788895242e+00    7.0352107511e+00   -2.5190840358e+01    7.7300833742e-01    2.5198220000e+06    1.9155276488e+01    9.9996228249e-01
       289   -5.9297494329e+00    3.5192531774e+01   -9.7131980718e+00    3.7834486390e+00    7.6753889212e+00    7.0352107511e+00   -2.5180579905e+01    7.5678216072e-01    2.5335940000e+06    1.9313523828e+01    9.9996650184e-01
       290   -5.9306985935e+00    3.5202748733e+01   -9.6296568586e+00    3.6989582652e+00    7.6491495097e+00    7.0352107511e+00   -2.5058050405e+01    7.4403328564e-01    2.5394070000e+06    1.9252583349e+01    9.9996489188e-01
       291   -5.9306150350e+00    3.5205939429e+01   -9.6504499799e+00    3.7198349449e+00    7.6677121771e+00    7.0352107511e+00   -2.5156136763e+01    8.0276385447e-01    2.5399840000e+06    1.9065636777e+01    9.9996294607e-01
       292   -5.9305063319e+00    3.5202749591e+01   -9.6773598504e+00    3.7468535186e+00    7.6684317401e+00    7.0352107511e+00   -2.5146067474e+01    7.6506513267e-01    2.5525670000e+06    1.9006795591e+01    9.9996526930e-01
       293   -5.9271481788e+00    3.5163964670e+01   -9.6904432765e+00    3.7632950977e+00    7.6638610688e+00    7.0352107511e+00   -2.5154589712e+01    7.6507461568e-01    2.5431630000e+06    1.9017603481e+01    9.9996221858e-01
       294   -5.9278844362e+00    3.5173117693e+01   -9.6737842785e+00    3.7458998423e+00    7.6957063036e+00    7.0352107511e+00   -2.5177687974e+01    7.7298664120e-01    2.5223680000e+06    1.8916151595e+01    9.9996739134e-01
       295   -5.9296122423e+00    3.5192092411e+01   -9.7287257867e+00    3.7991135444e+00    7.6786475622e+00    7.0352107511e+00   -2.5162912578e+01    7.2032847771e-01    2.5202920000e+06    1.8916931274e+01    9.9996447292e-01
       296   -5.9268579831e+00    3.5159141504e+01   -9.6905091140e+00    3.7636511309e+00    7.6750459419e+00    7.0352107511e+00   -2.5161026158e+01    7.6026035058e-01    2.5238210000e+06    1.8877599526e+01    9.9996310951e-01
       297   -5.9265019288e+00    3.5155131970e+01   -9.7233104108e+00    3.7968084820e+00    7.6695525430e+00    7.0352107511e+00   -2.5174151593e+01    7.4607788834e-01    2.5346720000e+06    1.9076622569e+01    9.9996491923e-01
       298   -5.9285492742e+00    3.5180788788e+01   -9.7085363226e+00    3.7799870483e+00    7.6878338740e+00    7.0352107511e+00   -2.5215524675e+01    7.8394372767e-01    2.5334340000e+06    1.9365587840e+01    9.9996476887e-01
       299   -5.9264233481e+00    3.5155061746e+01   -9.7074407023e+00    3.7810173542e+00    7.6827772877e+00    7.0352107511e+00   -2.5195403002e+01    7.6997426133e-01    2.5306620000e+06    1.9119278068e+01    9.9996422480e-01
       300   -5.9277620488e+00    3.5172777055e+01   -9.7082911419e+00    3.7805290931e+00    7.6807667071e+00    7.0352107511e+00   -2.5188203236e+01    7.6393463565e-01    2.5156930000e+06    1.8973199505e+01    9.9995936012e-01
       301   -5.9300217046e+00    3.5200534441e+01   -9.6976727636e+00    3.7676510590e+00    7.7022691888e+00    7.0352107511e+00   -2.5244713115e+01    8.0956041172e-01    2.5211090000e+06    1.9062751354e+01    9.9996484003e-01
       302   -5.9283951709e+00    3.5178522090e+01   -9.7017657685e+00    3.7733705976e+00    7.6963414024e+00    7.0352107511e+00   -2.5187988016e+01    7.5467009395e-01    2.5194540000e+06    1.9119102148e+01    9.9996328471e-01
       303   -5.9269505344e+00    3.5161878361e+01   -9.6945167830e+00    3.7675662486e+00    7.7025780447e+00    7.0352107511e+00   -2.5242983469e+01    8.1067789037e-01    2.5082500000e+06    1.9064273324e+01    9.9996421225e-01
       304   -5.9242958996e+00    3.5127948770e+01   -9.6928452694e+00    3.7685493697e+00    7.6815431182e+00    7.0352107511e+00   -2.5150616465e+01    7.4101732672e-01    2.5090640000e+06    1.9130418700e+01    9.9996441876e-01
       305   -5.9250734944e+00    3.5136778703e+01   -9.7035107337e+00    3.7784372393e+00    7.6761190581e+00    7.0352107511e+00   -2.5151293407e+01    7.3645286436e-01    2.5295150000e+06    1.9257800267e+01    9.9996752350e-01
       306   -5.9267145081e+00    3.5158653405e+01   -9.6391611387e+00    3.7124466306e+00    7.6787895668e+00    7.0352107511e+00   -2.5110338097e+01    7.5717663994e-01    2.5347560000e+06    1.8948235213e+01    9.9996404760e-01
       307   -5.9226749106e+00    3.5108998781e+01   -9.6833768527e+00    3.7607019421e+00    7.6504922242e+00    7.0352107511e+00   -2.5141798251e+01    7.7271842309e-01    2.5316660000e+06    1.9265414930e+01    9.9996459857e-01
       308   -5.9269936467e+00    3.5164192282e+01   -9.6442524611e+00    3.7172588144e+00    7.6630387239e+00    7.0352107511e+00   -2.5123063294e+01    7.8056135815e-01    2.5296980000e+06    1.9007120036e+01    9.9996202542e-01
       309   -5.9306034011e+00    3.5204589912e+01   -9.6694593856e+00    3.7388559845e+00    7.6742121534e+00    7.0352107511e+00   -2.5159856419e+01    7.8097412890e-01    2.5323850000e+06    1.9120986956e+01    9.9996433113e-01
       310   -5.9273817931e+00    3.5165306496e+01   -9.7083083597e+00    3.7809265666e+00    7.6750559295e+00    7.0352107511e+00   -2.5197552560e+01    7.7897751963e-01    2.5183550000e+06    1.9093971491e+01    9.9996373470e-01
       311   -5.9264355794e+00    3.5155595522e+01   -9.7322499093e+00    3.8058143299e+00    7.6974583043e+00    7.0352107511e+00   -2.5215467605e+01    7.5054864024e-01    2.5254600000e+06    2.0020350659e+01    9.9996398888e-01
       312   -5.9282865204e+00    3.5179536687e+01   -9.7172032896e+00    3.7889167692e+00    7.6903226215e+00    7.0352107511e+00   -2.5247880655e+01    8.0514399282e-01    2.5303430000e+06    1.9347031402e+01    9.9996213006e-01
       313   -5.9285211602e+00    3.5179674994e+01   -9.7020891312e+00    3.7735679711e+00    7.6752663973e+00    7.0352107511e+00   -2.5211977336e+01    7.9941105598e-01    2.5249190000e+06    1.9283858317e+01    9.9996349607e-01
       314   -5.9271529789e+00    3.5162578396e+01   -9.6759850689e+00    3.7488320899e+00    7.6642066707e+00    7.0352107511e+00   -2.5158809331e+01    7.8340684000e-01    2.5285100000e+06    1.9001084205e+01    9.9996248366e-01
       315   -5.9286336393e+00    3.5183334888e+01   -9.6244413816e+00    3.6958077423e+00    7.6721813878e+00    7.0352107511e+00   -2.5150268659e+01    8.1843513886e-01    2.5186040000e+06    1.9127168918e+01    9.9996547156e-01
       316   -5.9264632146e+00    3.5154959880e+01   -9.6729210482e+00    3.7464578337e+00    7.6594458323e+00    7.0352107511e+00   -2.5139041563e+01    7.7146393138e-01    2.5352440000e+06    1.9273404617e+01    9.9996511657e-01
       317   -5.9276760300e+00    3.5173563199e+01   -9.7125478058e+00    3.7848717758e+00    7.6573247210e+00    7.0352107511e+00   -2.5181562482e+01    7.7647920358e-01    2.5206800000e+06    1.9209554322e+01    9.9996223483e-01
       318   -5.9282343588e+00    3.5176838777e+01   -9.6613471989e+00    3.7331128401e+00    7.6678000791e+00    7.0352107511e+00   -2.5114549501e+01    7.5019147232e-01    2.5415110000e+06    1.9201444455e+01    9.9996368039e-01
       319   -5.9275072947e+00    3.5167250939e+01   -9.6748064575e+00    3.7472991628e+00    7.6846963618e+00    7.0352107511e+00   -2.5153270993e+01    7.5855742228e-01    2.5453830000e+06    1.9046596057e+01    9.9996281932e-01
       320   -5.9276363562e+00    3.5169466497e+01   -9.7005567948e+00    3.7729204386e+00    7.6841947764e+00    7.0352107511e+00   -2.5175042118e+01    7.5507979544e-01    2.5256010000e+06    1.9208731879e+01    9.9996316866e-01
       321   -5.9257965044e+00    3.5145427302e+01   -9.7277799060e+00    3.8019834017e+00    7.6636347214e+00    7.0352107511e+00   -2.5175663121e+01    7.4903774223e-01    2.5330800000e+06    1.9074180013e+01    9.9996275241e-01
       322   -5.9236024262e+00    3.5120914510e+01   -9.6821033777e+00    3.7585009515e+00    7.6888191324e+00    7.0352107511e+00   -2.5179421966e+01    7.7328870431e-01    2.5112320000e+06    1.9170146273e+01    9.9996490910e-01
       323   -5.9281015877e+00    3.5179822378e+01   -9.7121701554e+00    3.7840685677e+00    7.6818978908e+00    7.0352107511e+00   -2.5223444901e+01    7.9416610385e-01    2.5092570000e+06    1.9088492351e+01    9.9996346605e-01
       324   -5.9299992387e+00    3.5197799914e+01   -9.7021489806e+00    3.7721497419e+00    7.6763010430e+00    7.0352107511e+00   -2.5202263362e+01    7.8860258739e-01    2.5188620000e+06    1.8777892331e+01    9.9996042721e-01
       325   -5.9266629932e+00    3.5156616306e+01   -9.7005138737e+00    3.7738508805e+00    7.6709465267e+00    7.0352107511e+00   -2.5172378939e+01    7.6570778767e-01    2.5284190000e+06    1.9073068400e+01    9.9996503896e-01
       326   -5.9263233628e+00    3.5155070795e+01   -9.6589406922e+00    3.7326173295e+00    7.6752278432e+00    7.0352107511e+00   -2.5143184898e+01    7.7380561132e-01    2.5218890000e+06    1.9252943403e+01    9.9996467603e-01
       327   -5.9265718164e+00    3.5159520752e+01   -9.6711074326e+00    3.7445356162e+00    7.6697253621e+00    7.0352107511e+00   -2.5186879088e+01    8.1083554189e-01    2.5267340000e+06    1.9171866436e+01    9.9996317140e-01
       328   -5.9278842072e+00    3.5173228359e+01   -9.6572666354e+00    3.7293824282e+00    7.6696646813e+00    7.0352107511e+00   -2.5127292456e+01    7.6515038786e-01    2.5161740000e+06    1.8809588079e+01    9.9996377330e-01
       329   -5.9305266688e+00    3.5204462461e+01   -9.6503569715e+00    3.7198303027e+00    7.6704102819e+00    7.0352107511e+00   -2.5154134612e+01    7.9815660699e-01    2.5131790000e+06    1.9210731102e+01    9.9996240681e-01
       330   -5.9262718121e+00    3.5154081597e+01   -9.6727820169e+00    3.7465102048e+00    7.6847263412e+00    7.0352107511e+00   -2.5141551950e+01    7.4883284059e-01    2.5172640000e+06    1.8836522661e+01    9.9996278281e-01
       331   -5.9265656289e+00    3.5156996776e+01   -9.7321191972e+00    3.8055535683e+00    7.6874615535e+00    7.0352107511e+00   -2.5198431318e+01    7.4363981574e-01    2.5144940000e+06    1.9083097308e+01    9.9996320391e-01
       332   -5.9283007429e+00    3.5176629691e+01   -9.6968015917e+00    3.7685008488e+00    7.6859815862e+00    7.0352107511e+00   -2.5183695185e+01    7.6570125618e-01    2.5293640000e+06    1.9104407861e+01    9.9996545501e-01
       333   -5.9240731920e+00    3.5127164425e+01   -9.7165786806e+00    3.7925054886e+00    7.6964476896e+00    7.0352107511e+00   -2.5257313066e+01    8.0907594488e-01    2.5253440000e+06    1.9392127635e+01    9.9996335210e-01
       334   -5.9295037898e+00    3.5190732072e+01   -9.7436220742e+00    3.8141182844e+00    7.7212174439e+00    7.0352107511e+00   -2.5292377437e+01    7.9232716745e-01    2.5229260000e+06    1.9281037208e+01    9.9996105177e-01
       335   -5.9265546205e+00    3.5158349530e+01   -9.6699575720e+00    3.7434029514e+00    7.7139288027e+00    7.0352107511e+00   -2.5228002496e+01    8.0890537067e-01    2.5286810000e+06    1.9432909318e+01    9.9996238335e-01
       336   -5.9290433709e+00    3.5186388839e+01   -9.6589859635e+00    3.7299425927e+00    7.6762224294e+00    7.0352107511e+00   -2.5131987675e+01    7.6156853111e-01    2.5196650000e+06    1.8960561010e+01    9.9996470815e-01
       337   -5.9286361821e+00    3.5181126103e+01   -9.6761266191e+00    3.7474904370e+00    7.6598996945e+00    7.0352107511e+00   -2.5145250972e+01    7.7401390768e-01    2.5262530000e+06    1.9108894161e+01    9.9996370944e-01
       338   -5.9271755438e+00    3.5162429495e+01   -9.6749085546e+00    3.7477330109e+00    7.6589361759e+00    7.0352107511e+00   -2.5117668492e+01    7.4861300997e-01    2.5196960000e+06    1.8994264731e+01    9.9996191192e-01
       339   -5.9313160276e+00    3.5215330144e+01   -9.7033387172e+00    3.7720226897e+00    7.6792443241e+00    7.0352107511e+00   -2.5200137416e+01    7.8234362368e-01    2.5340730000e+06    1.9111286887e+01    9.9995997183e-01
       340   -5.9259269079e+00    3.5150343352e+01   -9.7023540990e+00    3.7764271911e+00    7.6884430460e+00    7.0352107511e+00   -2.5194585737e+01    7.6857784054e-01    2.5449060000e+06    1.9005052373e+01    9.9996462474e-01
       341   -5.9265940116e+00    3.5157440613e+01   -9.6856508143e+00    3.7590568027e+00    7.7083742464e+00    7.0352107511e+00   -2.5201003249e+01    7.7176743675e-01    2.5390170000e+06    1.9262778131e+01    9.9996321616e-01
       342   -5.9275750418e+00    3.5168688763e+01   -9.6943721900e+00    3.7667971483e+00    7.7210312828e+00    7.0352107511e+00   -2.5235463639e+01    7.8484941480e-01    2.5142300000e+06    1.9805187165e+01    9.9996435490e-01
       343   -5.9273103947e+00    3.5166597717e+01   -9.7098697579e+00    3.7825593632e+00    7.7031537162e+00    7.0352107511e+00   -2.5245783474e+01    7.9754924891e-01    2.5099580000e+06    1.9465474918e+01    9.9996164665e-01
       344   -5.9256326430e+00    3.5147229641e+01   -9.6652017691e+00    3.7395691261e+00    7.6874143309e+00    7.0352107511e+00   -2.5187511101e+01    7.9968424982e-01    2.5099690000e+06    1.9414878468e+01    9.9996571874e-01
       345   -5.9278772508e+00    3.5172696188e+01   -9.6428741605e+00    3.7149969097e+00    7.6807918574e+00    7.0352107511e+00   -2.5126088965e+01    7.6721219583e-01    2.5265420000e+06    1.9095516554e+01    9.9996412483e-01
       346   -5.9289539228e+00    3.5190905186e+01   -9.6524805385e+00    3.7235266157e+00    7.6621254756e+00    7.0352107511e+00   -2.5128044117e+01    7.7822735225e-01    2.5453970000e+06    1.9006909737e+01    9.9996503450e-01
       347   -5.9289865056e+00    3.5186011788e+01   -9.6855971267e+00    3.7566106211e+00    7.6656873989e+00    7.0352107511e+00   -2.5179230655e+01    7.9273537874e-01    2.5368080000e+06    1.9296524584e+01    9.9996430944e-01
       348   -5.9223003832e+00    3.5108461093e+01   -9.6800264251e+00    3.7577260418e+00    7.6596744461e+00    7.0352107511e+00   -2.5152058694e+01    7.7714707169e-01    2.5210420000e+06    1.9136740673e+01    9.9996220544e-01
       349   -5.9267944291e+00    3.5158992181e+01   -9.7256840130e+00    3.7988895840e+00    7.6854380594e+00    7.0352107511e+00   -2.5245905604e+01    7.9957278055e-01    2.5204430000e+06    1.9239766791e+01    9.9996054686e-01
       350   -5.9284562549e+00    3.5178693824e+01   -9.7222581578e+00    3.7938019029e+00    7.6899951937e+00    7.0352107511e+00   -2.5226181946e+01    7.7871784382e-01    2.5440680000e+06    1.9766581735e+01    9.9996290679e-01
       351   -5.9299866196e+00    3.5196803450e+01   -9.7313082917e+00    3.8013216721e+00    7.6896003398e+00    7.0352107511e+00   -2.5263202383e+01    8.0708300047e-01    2.5413260000e+06    1.9252103108e+01    9.9996472248e-01
       352   -5.9289278713e+00    3.5185680784e+01   -9.7056097361e+00    3.7766818649e+00    7.6789426123e+00    7.0352107511e+00   -2.5178169624e+01    7.5840652421e-01    2.5387370000e+06    1.9382360070e+01    9.9996387698e-01
       353   -5.9272483872e+00    3.5162915340e+01   -9.6952752035e+00    3.7680268163e+00    7.7001199021e+00    7.0352107511e+00   -2.5176977979e+01    7.4637212259e-01    2.5318080000e+06    1.9057885931e+01    9.9996314730e-01
       354   -5.9264575304e+00    3.5155991152e+01   -9.7217272806e+00    3.7952697502e+00    7.7043866269e+00    7.0352107511e+00   -2.5234414552e+01    7.7308989360e-01    2.5127120000e+06    1.9019813014e+01    9.9996116720e-01
       355   -5.9254355127e+00    3.5142833035e+01   -9.7277582302e+00    3.8023227175e+00    7.7094099507e+00    7.0352107511e+00   -2.5257122578e+01    7.8474364620e-01    2.5137450000e+06    1.9166771155e+01    9.9996358744e-01
       356   -5.9266839491e+00    3.5157614824e+01   -9.6805382098e+00    3.7538542606e+00    7.6979816013e+00    7.0352107511e+00   -2.5185940017e+01    7.7220945486e-01    2.5362320000e+06    1.9260227762e+01    9.9996322304e-01
       357   -5.9248934940e+00    3.5137304720e+01   -9.7246092524e+00    3.7997157584e+00    7.7044350687e+00    7.0352107511e+00   -2.5249077281e+01    7.8482220870e-01    2.5170830000e+06    1.9151811063e+01    9.9996284418e-01
       358   -5.9247074244e+00    3.5137312110e+01   -9.7523782755e+00    3.8276708511e+00    7.6917980010e+00    7.0352107511e+00   -2.5296655034e+01    8.1726800665e-01    2.5126210000e+06    1.9126807325e+01    9.9996284861e-01
       359   -5.9306586619e+00    3.5208623815e+01   -9.7147610985e+00    3.7841024366e+00    7.6775616568e+00    7.0352107511e+00   -2.5224078678e+01    7.9654517148e-01    2.5243900000e+06    1.9125389443e+01    9.9996453332e-01
       360   -5.9285637094e+00    3.5181011983e+01   -9.6664456548e+00    3.7378819455e+00    7.6706583366e+00    7.0352107511e+00   -2.5149741476e+01    7.7742673311e-01    2.5255270000e+06    1.9089703822e+01    9.9996276885e-01
       361   -5.9257323952e+00    3.5146637048e+01   -9.6372226341e+00    3.7114902389e+00    7.6608107207e+00    7.0352107511e+00   -2.5109286658e+01    7.7604255209e-01    2.5143310000e+06    1.8792926630e+01    9.9996584600e-01
       362   -5.9290978313e+00    3.5186332896e+01   -9.7175479528e+00    3.7884501215e+00    7.6684863973e+00    7.0352107511e+00   -2.5195760127e+01    7.7451502598e-01    2.5105250000e+06    1.8982975568e+01    9.9996566171e-01
       363   -5.9275302304e+00    3.5168085460e+01   -9.7170967426e+00    3.7895665123e+00    7.6722287653e+00    7.0352107511e+00   -2.5189778184e+01    7.6524192519e-01    2.5029640000e+06    1.8854196890e+01    9.9996347921e-01
       364   -5.9253603242e+00    3.5144344093e+01   -9.7723027876e+00    3.8469424633e+00    7.6930574413e+00    7.0352107511e+00   -2.5277853782e+01    7.7728280194e-01    2.5179950000e+06    1.9005055222e+01    9.9996013336e-01
       365   -5.9270038155e+00    3.5160379292e+01   -9.7491912966e+00    3.8221874811e+00    7.6788427397e+00    7.0352107511e+00   -2.5211367840e+01    7.4812305243e-01    2.5081750000e+06    1.8820889117e+01    9.9996555968e-01
       366   -5.9223853754e+00    3.5106092490e+01   -9.6814060239e+00    3.7590206485e+00    7.6509407553e+00    7.0352107511e+00   -2.5123507483e+01    7.5594995228e-01    2.4985760000e+06    1.9216283077e+01    9.9996362134e-01
       367   -5.9251092704e+00    3.5138933474e+01   -9.6775483729e+00    3.7524391025e+00    7.6668853907e+00    7.0352107511e+00   -2.5153786058e+01    7.7414154288e-01    2.5078990000e+06    1.8903793815e+01    9.9996570856e-01
       368   -5.9287374994e+00    3.5183246085e+01   -9.6523609070e+00    3.7236234077e+00    7.6781977637e+00    7.0352107511e+00   -2.5124592498e+01    7.5882307628e-01    2.5160530000e+06    1.8730271500e+01    9.9996422795e-01
