#   index    LocalEnergy         LocalEnergy_sq      LocalPotential      Kinetic             ElecElec            IonIon              LocalECP            NonLocalECP         BlockWeight         BlockCPU            AcceptRatio         
         0   -5.9185372239e+00    3.5059603480e+01   -9.6152201122e+00    3.6966828883e+00    7.6901086477e+00    7.0352107511e+00   -2.5152339619e+01    8.1180010807e-01    1.3440000000e+03    2.7986149830e-02    5.7306919643e-01
         1   -5.9148573994e+00    3.5013536790e+01   -9.7226965448e+00    3.8078391455e+00    7.6558764851e+00    7.0352107511e+00   -2.5180270665e+01    7.6648688398e-01    1.3440000000e+03    2.7841998324e-02    5.7249255952e-01
         2   -5.9204772027e+00    3.5087306226e+01   -9.6093663655e+00    3.6888891629e+00    7.7020863423e+00    7.0352107511e+00   -2.5158616410e+01    8.1195295146e-01    1.3440000000e+03    2.7895728707e-02    5.7159040179e-01
         3   -5.9193882135e+00    3.5069023709e+01   -9.6715346854e+00    3.7521464719e+00    7.7306873573e+00    7.0352107511e+00   -2.5167089617e+01    7.2965682331e-01    1.3440000000e+03    2.7887234094e-02    5.7254092262e-01
         4   -5.9127221127e+00    3.4986823313e+01   -9.6299398586e+00    3.7172177459e+00    7.6676896686e+00    7.0352107511e+00   -2.5116804675e+01    7.8396439628e-01    1.3440000000e+03    2.7899482563e-02    5.7273809524e-01
         5   -5.9177215115e+00    3.5051705077e+01   -9.7963670359e+00    3.8786455244e+00    7.6974247286e+00    7.0352107511e+00   -2.5266051917e+01    7.3704940141e-01    1.3440000000e+03    2.7928215328e-02    5.7221726190e-01
         6   -5.9248625978e+00    3.5135931102e+01   -9.6318438743e+00    3.7069812765e+00    7.7313448390e+00    7.0352107511e+00   -2.5227321265e+01    8.2892180020e-01    1.3440000000e+03    2.7904286845e-02    5.7172061012e-01
         7   -5.9085060820e+00    3.4943429366e+01   -9.6135174111e+00    3.7050113291e+00    7.6928454175e+00    7.0352107511e+00   -2.5112119146e+01    7.7054556649e-01    1.3440000000e+03    2.7950928349e-02    5.7268787202e-01
         8   -5.9102492660e+00    3.4959136337e+01   -9.8089042359e+00    3.8986549699e+00    7.6908447563e+00    7.0352107511e+00   -2.5185881563e+01    6.5092181963e-01    1.3440000000e+03    2.7938527150e-02    5.7140811012e-01
         9   -5.9158389603e+00    3.5032224705e+01   -9.7133198776e+00    3.7974809173e+00    7.7372252436e+00    7.0352107511e+00   -2.5283374970e+01    7.9761909785e-01    1.3440000000e+03    2.7928767920e-02    5.7160156250e-01
        10   -5.9195657666e+00    3.5071961834e+01   -9.7845647829e+00    3.8649990163e+00    7.6734994911e+00    7.0352107511e+00   -2.5230800894e+01    7.3752586887e-01    1.3440000000e+03    2.7906893945e-02    5.7226376488e-01
        11   -5.9196054201e+00    3.5073232022e+01   -9.6455837261e+00    3.7259783059e+00    7.7177012714e+00    7.0352107511e+00   -2.5193152272e+01    7.9465652296e-01    1.3440000000e+03    2.7892700005e-02    5.7270833333e-01
        12   -5.9101128412e+00    3.4961448542e+01   -9.6192094836e+00    3.7090966424e+00    7.7185014132e+00    7.0352107511e+00   -2.5112247646e+01    7.3932599808e-01    1.3440000000e+03    2.7915337655e-02    5.7289620536e-01
        13   -5.9134868371e+00    3.4998428734e+01   -9.7928685506e+00    3.8793817135e+00    7.6946657464e+00    7.0352107511e+00   -2.5308554261e+01    7.8580921293e-01    1.3440000000e+03    2.7945096344e-02    5.7294084821e-01
        14   -5.9282943972e+00    3.5177559204e+01   -9.6377856698e+00    3.7094912726e+00    7.6949374123e+00    7.0352107511e+00   -2.5097926649e+01    7.2999281535e-01    1.3440000000e+03    2.7896211389e-02    5.7335193452e-01
        15   -5.9220617835e+00    3.5099541033e+01   -9.7550878370e+00    3.8330260535e+00    7.7023027858e+00    7.0352107511e+00   -2.5215948147e+01    7.2334677316e-01    1.3440000000e+03    2.7935091532e-02    5.7236979167e-01
        16   -5.9191283008e+00    3.5066958870e+01   -9.6836480689e+00    3.7645197681e+00    7.6926137195e+00    7.0352107511e+00   -2.5152920539e+01    7.4144799959e-01    1.3440000000e+03    2.7963429042e-02    5.7223028274e-01
        17   -5.9175529967e+00    3.5049782433e+01   -9.7069240741e+00    3.7893710774e+00    7.6925955309e+00    7.0352107511e+00   -2.5222764977e+01    7.8803462088e-01    1.3440000000e+03    2.7886778192e-02    5.7171316964e-01
        18   -5.9118802795e+00    3.4991049391e+01   -9.6025243905e+00    3.6906441110e+00    7.6802307928e+00    7.0352107511e+00   -2.5157336118e+01    8.3937018314e-01    1.3440000000e+03    2.7908923293e-02    5.7282924107e-01
        19   -5.9177221205e+00    3.5046837363e+01   -9.6918814460e+00    3.7741593255e+00    7.6817681425e+00    7.0352107511e+00   -2.5117108034e+01    7.0824769396e-01    1.3440000000e+03    2.7943562840e-02    5.7119233631e-01
        20   -5.9173249032e+00    3.5042498759e+01   -9.7289131575e+00    3.8115882543e+00    7.7271179300e+00    7.0352107511e+00   -2.5198477320e+01    7.0723548155e-01    1.3440000000e+03    2.7938994841e-02    5.7306547619e-01
        21   -5.9187741225e+00    3.5060628578e+01   -9.5922486700e+00    3.6734745475e+00    7.6540576309e+00    7.0352107511e+00   -2.5070250404e+01    7.8873335170e-01    1.3440000000e+03    2.7905480814e-02    5.7162760417e-01
        22   -5.9149364536e+00    3.5015734415e+01   -9.6488838175e+00    3.7339473640e+00    7.7123880450e+00    7.0352107511e+00   -2.5144268314e+01    7.4778570064e-01    1.3440000000e+03    2.7924398732e-02    5.7116257440e-01
        23   -5.9144255273e+00    3.5010493335e+01   -9.6925299487e+00    3.7781044215e+00    7.6812864251e+00    7.0352107511e+00   -2.5176462639e+01    7.6743551392e-01    1.3440000000e+03    2.7905372489e-02    5.7237165179e-01
        24   -5.9149724872e+00    3.5019341916e+01   -9.6331641895e+00    3.7181917023e+00    7.6905943790e+00    7.0352107511e+00   -2.5104409804e+01    7.4544048472e-01    1.3440000000e+03    2.7921216476e-02    5.7195870536e-01
        25   -5.9245825640e+00    3.5131126324e+01   -9.6801965716e+00    3.7556140076e+00    7.6200511573e+00    7.0352107511e+00   -2.5039298458e+01    7.0383997803e-01    1.3440000000e+03    2.7869126707e-02    5.7182291667e-01
        26   -5.9141945880e+00    3.5011823391e+01   -9.6673511984e+00    3.7531566104e+00    7.6870725952e+00    7.0352107511e+00   -2.5125903965e+01    7.3626942078e-01    1.3440000000e+03    2.7897141640e-02    5.7131882440e-01
        27   -5.9278518162e+00    3.5194762107e+01   -9.6737223576e+00    3.7458705414e+00    7.6994340531e+00    7.0352107511e+00   -2.5096574036e+01    6.8820687418e-01    1.3440000000e+03    2.7886902932e-02    5.7286458333e-01
        28   -5.9146593721e+00    3.5016350038e+01   -9.7420363479e+00    3.8273769758e+00    7.6489751597e+00    7.0352107511e+00   -2.5208509473e+01    7.8228721439e-01    1.3440000000e+03    2.7884541248e-02    5.7108816964e-01
        29   -5.9168429428e+00    3.5041247955e+01   -9.7276805869e+00    3.8108376441e+00    7.6933108159e+00    7.0352107511e+00   -2.5241540013e+01    7.8533785953e-01    1.3440000000e+03    2.7915219481e-02    5.7146019345e-01
        30   -5.9108469344e+00    3.4970840330e+01   -9.6783433385e+00    3.7674964041e+00    7.7346912660e+00    7.0352107511e+00   -2.5205480442e+01    7.5723508632e-01    1.3440000000e+03    2.7944884115e-02    5.7260416667e-01
        31   -5.9109342559e+00    3.4981113979e+01   -9.5978804654e+00    3.6869462094e+00    7.7206048724e+00    7.0352107511e+00   -2.5121817541e+01    7.6812145211e-01    1.3440000000e+03    2.7943308004e-02    5.7231956845e-01
        32   -5.9159362194e+00    3.5034645686e+01   -9.8254127203e+00    3.9094765009e+00    7.6579691294e+00    7.0352107511e+00   -2.5262845383e+01    7.4425278200e-01    1.3440000000e+03    2.7894516211e-02    5.7195870536e-01
        33   -5.9130978808e+00    3.4998068239e+01   -9.6232446256e+00    3.7101467448e+00    7.6372474028e+00    7.0352107511e+00   -2.5036294339e+01    7.4059155909e-01    1.3440000000e+03    2.7890773573e-02    5.7167038690e-01
        34   -5.9121697983e+00    3.4985486844e+01   -9.6572763858e+00    3.7451065876e+00    7.6400696844e+00    7.0352107511e+00   -2.5117955534e+01    7.8539871274e-01    1.3440000000e+03    2.7905449213e-02    5.7107328869e-01
        35   -5.9232175876e+00    3.5117270744e+01   -9.6330616579e+00    3.7098440703e+00    7.6902859312e+00    7.0352107511e+00   -2.5092439106e+01    7.3388076582e-01    1.3440000000e+03    2.7901148631e-02    5.7166480655e-01
        36   -5.9179302850e+00    3.5058641058e+01   -9.6813872043e+00    3.7634569193e+00    7.6928282042e+00    7.0352107511e+00   -2.5157160408e+01    7.4773424793e-01    1.3440000000e+03    2.7891708248e-02    5.7134672619e-01
        37   -5.9214974099e+00    3.5103274549e+01   -9.6758387190e+00    3.7543413091e+00    7.6662470388e+00    7.0352107511e+00   -2.5122791863e+01    7.4549535441e-01    1.3440000000e+03    2.7890380301e-02    5.7192894345e-01
        38   -5.9147408201e+00    3.5021387349e+01   -9.6093685897e+00    3.6946277696e+00    7.6830483602e+00    7.0352107511e+00   -2.5183472412e+01    8.5584471078e-01    1.3440000000e+03    2.7903586468e-02    5.7198288690e-01
        39   -5.9312807338e+00    3.5208026548e+01   -9.7583326968e+00    3.8270519630e+00    7.6792605423e+00    7.0352107511e+00   -2.5193935468e+01    7.2113147735e-01    1.3440000000e+03    2.7952737264e-02    5.7261346726e-01
        40   -5.9185800337e+00    3.5062702458e+01   -9.6531938417e+00    3.7346138080e+00    7.6990699725e+00    7.0352107511e+00   -2.5133392575e+01    7.4591800939e-01    1.3440000000e+03    2.7922331052e-02    5.7369791667e-01
        41   -5.9206076789e+00    3.5087183999e+01   -9.6972437363e+00    3.7766360574e+00    7.7682408220e+00    7.0352107511e+00   -2.5316554235e+01    8.1585892552e-01    1.3440000000e+03    2.7962139572e-02    5.7283110119e-01
        42   -5.9107307752e+00    3.4960976114e+01   -9.7548272257e+00    3.8440964506e+00    7.6735135753e+00    7.0352107511e+00   -2.5203174638e+01    7.3962308587e-01    1.3440000000e+03    2.7926477696e-02    5.7230654762e-01
        43   -5.9234931289e+00    3.5116799175e+01   -9.7102545027e+00    3.7867613737e+00    7.6485646831e+00    7.0352107511e+00   -2.5113614911e+01    7.1958497412e-01    1.3440000000e+03    2.7890511868e-02    5.7203869048e-01
        44   -5.9176154688e+00    3.5051399454e+01   -9.6373937472e+00    3.7197782784e+00    7.7176355450e+00    7.0352107511e+00   -2.5097149065e+01    7.0690902211e-01    1.3440000000e+03    2.7907722986e-02    5.7244605655e-01
        45   -5.9079033650e+00    3.4938011516e+01   -9.5620374620e+00    3.6541340970e+00    7.6723681861e+00    7.0352107511e+00   -2.5064769199e+01    7.9515280026e-01    1.3440000000e+03    2.7868141830e-02    5.7224330357e-01
        46   -5.9204218145e+00    3.5080019665e+01   -9.7051313036e+00    3.7847094891e+00    7.6613151588e+00    7.0352107511e+00   -2.5152514015e+01    7.5085680116e-01    1.3440000000e+03    2.7893263226e-02    5.7259672619e-01
        47   -5.9185392035e+00    3.5065173823e+01   -9.7291059029e+00    3.8105666994e+00    7.6681557392e+00    7.0352107511e+00   -2.5147395202e+01    7.1492280908e-01    1.3440000000e+03    2.7922170405e-02    5.7286086310e-01
        48   -5.9151519805e+00    3.5019501007e+01   -9.6380856208e+00    3.7229336403e+00    7.6977702447e+00    7.0352107511e+00   -2.5103940135e+01    7.3287351854e-01    1.3440000000e+03    2.7916387136e-02    5.7329799107e-01
        49   -5.9177069590e+00    3.5050741450e+01   -9.6740806074e+00    3.7563736484e+00    7.7282385185e+00    7.0352107511e+00   -2.5239027078e+01    8.0149720123e-01    1.3440000000e+03    2.7943850930e-02    5.7304129464e-01
        50   -5.9039531340e+00    3.4960935746e+01   -9.7008954772e+00    3.7969423432e+00    7.6813371245e+00    7.0352107511e+00   -2.5225932544e+01    8.0848919160e-01    1.3440000000e+03    2.7891924504e-02    5.7243303571e-01
        51   -5.9151288242e+00    3.5019747594e+01   -9.7037894158e+00    3.7886605916e+00    7.7066707430e+00    7.0352107511e+00   -2.5254171246e+01    8.0850033647e-01    1.3440000000e+03    2.7910467717e-02    5.6860119048e-01
        52   -5.9141323957e+00    3.5004065571e+01   -9.6990152664e+00    3.7848828707e+00    7.6887560736e+00    7.0352107511e+00   -2.5178220812e+01    7.5523872032e-01    1.3440000000e+03    2.7927689040e-02    5.7227864583e-01
        53   -5.9172972307e+00    3.5048418228e+01   -9.6846164146e+00    3.7673191839e+00    7.6729652680e+00    7.0352107511e+00   -2.5175108065e+01    7.8231563164e-01    1.3440000000e+03    2.7889843914e-02    5.7351748512e-01
        54   -5.9132372855e+00    3.5002166369e+01   -9.5973193226e+00    3.6840820372e+00    7.6185160459e+00    7.0352107511e+00   -2.5016083096e+01    7.6503697643e-01    1.3440000000e+03    2.7871658429e-02    5.7303199405e-01
        55   -5.9241565555e+00    3.5125358648e+01   -9.5872966563e+00    3.6631401008e+00    7.6607540778e+00    7.0352107511e+00   -2.5026566781e+01    7.4330529574e-01    1.3440000000e+03    2.7871076720e-02    5.7150855655e-01
        56   -5.9106985121e+00    3.4989634695e+01   -9.6394410703e+00    3.7287425582e+00    7.6950959831e+00    7.0352107511e+00   -2.5246786894e+01    8.7703908902e-01    1.3440000000e+03    2.7921755988e-02    5.7292782738e-01
        57   -5.9183474072e+00    3.5053934170e+01   -9.6766000490e+00    3.7582526418e+00    7.7158550049e+00    7.0352107511e+00   -2.5268190584e+01    8.4052477871e-01    1.3440000000e+03    2.7922688397e-02    5.7139508929e-01
        58   -5.9200756786e+00    3.5078326263e+01   -9.6653654437e+00    3.7452897651e+00    7.7244701232e+00    7.0352107511e+00   -2.5152115034e+01    7.2706871572e-01    1.3440000000e+03    2.7950187958e-02    5.7288318452e-01
        59   -5.9129715227e+00    3.4995277371e+01   -9.6033228649e+00    3.6903513422e+00    7.6869013890e+00    7.0352107511e+00   -2.5067784753e+01    7.4234974764e-01    1.3440000000e+03    2.7870086857e-02    5.7071056548e-01
        60   -5.9190786380e+00    3.5067571936e+01   -9.7009062611e+00    3.7818276231e+00    7.7409625812e+00    7.0352107511e+00   -2.5299337218e+01    8.2225762434e-01    1.3440000000e+03    2.7929940414e-02    5.7107142857e-01
        61   -5.9179217931e+00    3.5048086045e+01   -9.6084868238e+00    3.6905650307e+00    7.6744480488e+00    7.0352107511e+00   -2.5089752898e+01    7.7160727380e-01    1.3440000000e+03    2.7903488350e-02    5.7222656250e-01
        62   -5.9167899782e+00    3.5039813481e+01   -9.6495336968e+00    3.7327437186e+00    7.7286676124e+00    7.0352107511e+00   -2.5226530794e+01    8.1311873412e-01    1.3440000000e+03    2.7921877047e-02    5.7249069940e-01
        63   -5.9140320647e+00    3.5005646740e+01   -9.7172338775e+00    3.8032018128e+00    7.6696097786e+00    7.0352107511e+00   -2.5136671166e+01    7.1461675895e-01    1.3440000000e+03    2.7915676144e-02    5.7278273810e-01
        64   -5.9160618933e+00    3.5030916766e+01   -9.6890915434e+00    3.7730296501e+00    7.7157535819e+00    7.0352107511e+00   -2.5210194176e+01    7.7013829915e-01    1.3440000000e+03    2.7909948944e-02    5.7200334821e-01
        65   -5.9195679183e+00    3.5074046424e+01   -9.7193050618e+00    3.7997371434e+00    7.7224379553e+00    7.0352107511e+00   -2.5228748429e+01    7.5179466057e-01    1.3440000000e+03    2.7956077468e-02    5.7176897321e-01
        66   -5.9188288823e+00    3.5062626760e+01   -9.6283711324e+00    3.7095422501e+00    7.6740441624e+00    7.0352107511e+00   -2.5085047869e+01    7.4742182297e-01    1.3440000000e+03    2.7885262980e-02    5.7295572917e-01
        67   -5.9132270814e+00    3.5001949485e+01   -9.6724897816e+00    3.7592627002e+00    7.7252463458e+00    7.0352107511e+00   -2.5286798624e+01    8.5385174538e-01    1.3440000000e+03    2.7927083312e-02    5.7214471726e-01
        68   -5.9230320594e+00    3.5117266096e+01   -9.7066693076e+00    3.7836372482e+00    7.7010772150e+00    7.0352107511e+00   -2.5171998301e+01    7.2904102727e-01    1.3440000000e+03    2.7946654643e-02    5.7138950893e-01
        69   -5.9201936240e+00    3.5082293638e+01   -9.6208464533e+00    3.7006528292e+00    7.6593463779e+00    7.0352107511e+00   -2.5082608809e+01    7.6720522663e-01    1.3440000000e+03    2.7892292411e-02    5.7363281250e-01
        70   -5.9183299282e+00    3.5054779186e+01   -9.7561329083e+00    3.8378029802e+00    7.7341380822e+00    7.0352107511e+00   -2.5211612028e+01    6.8613028663e-01    1.3440000000e+03    2.7944521825e-02    5.7220052083e-01
        71   -5.9145234150e+00    3.5007641943e+01   -9.7052698873e+00    3.7907464723e+00    7.7042506449e+00    7.0352107511e+00   -2.5138990584e+01    6.9425930027e-01    1.3440000000e+03    2.7926982552e-02    5.7145275298e-01
        72   -5.9163669385e+00    3.5034933218e+01   -9.7443514227e+00    3.8279844842e+00    7.7286781309e+00    7.0352107511e+00   -2.5306841411e+01    7.9860110651e-01    1.3440000000e+03    2.7934133128e-02    5.7240327381e-01
        73   -5.9165904655e+00    3.5035162143e+01   -9.6853356277e+00    3.7687451621e+00    7.6322685429e+00    7.0352107511e+00   -2.5076721571e+01    7.2390664973e-01    1.3440000000e+03    2.7870424954e-02    5.7159784226e-01
        74   -5.9148254453e+00    3.5016381144e+01   -9.6147440237e+00    3.6999185784e+00    7.6914674657e+00    7.0352107511e+00   -2.5065924782e+01    7.2450254141e-01    1.3440000000e+03    2.7940805649e-02    5.7182663690e-01
        75   -5.9153818131e+00    3.5026027554e+01   -9.7765878149e+00    3.8612060018e+00    7.7166826426e+00    7.0352107511e+00   -2.5370392699e+01    8.4191149067e-01    1.3440000000e+03    2.7975671115e-02    5.7136532738e-01
        76   -5.9149525258e+00    3.5016586267e+01   -9.7995417510e+00    3.8845892252e+00    7.6982168777e+00    7.0352107511e+00   -2.5277391732e+01    7.4442235189e-01    1.3440000000e+03    2.7929319446e-02    5.7073288690e-01
        77   -5.9118760253e+00    3.4991595859e+01   -9.6388382993e+00    3.7269622740e+00    7.6783466485e+00    7.0352107511e+00   -2.5138955345e+01    7.8655964568e-01    1.3440000000e+03    2.7899584273e-02    5.7255394345e-01
        78   -5.9219235604e+00    3.5095733458e+01   -9.6753455642e+00    3.7534220038e+00    7.7147978482e+00    7.0352107511e+00   -2.5187515350e+01    7.6216118604e-01    1.3440000000e+03    2.7918446734e-02    5.7191220238e-01
        79   -5.9121256050e+00    3.4986075247e+01   -9.5689937056e+00    3.6568681006e+00    7.6955090725e+00    7.0352107511e+00   -2.5087605922e+01    7.8789239278e-01    1.3440000000e+03    2.7917412684e-02    5.7287202381e-01
        80   -5.9261991722e+00    3.5152157718e+01   -9.7219870495e+00    3.7957878773e+00    7.6988724229e+00    7.0352107511e+00   -2.5264808592e+01    8.0873836823e-01    1.3440000000e+03    2.7931120918e-02    5.7112537202e-01
        81   -5.9165290959e+00    3.5028347357e+01   -9.7284976999e+00    3.8119686040e+00    7.7088427272e+00    7.0352107511e+00   -2.5178159651e+01    7.0560847251e-01    1.3440000000e+03    2.7920408139e-02    5.7265811012e-01
        82   -5.9146180378e+00    3.5020130138e+01   -9.7067424575e+00    3.7921244197e+00    7.6804168323e+00    7.0352107511e+00   -2.5253611515e+01    8.3124147371e-01    1.3440000000e+03    2.7904050056e-02    5.7296688988e-01
        83   -5.9142535953e+00    3.5003433678e+01   -9.7489222648e+00    3.8346686695e+00    7.7474287265e+00    7.0352107511e+00   -2.5269763094e+01    7.3820135187e-01    1.3440000000e+03    2.7920069132e-02    5.7248325893e-01
        84   -5.9151465130e+00    3.5024244780e+01   -9.7385572122e+00    3.8234106992e+00    7.7400926643e+00    7.0352107511e+00   -2.5296387013e+01    7.8252638536e-01    1.3440000000e+03    2.7952380115e-02    5.7314546131e-01
        85   -5.9185144271e+00    3.5058590941e+01   -9.6454732448e+00    3.7269588177e+00    7.6968637169e+00    7.0352107511e+00   -2.5114408575e+01    7.3686086198e-01    1.3440000000e+03    2.7963171682e-02    5.7287016369e-01
        86   -5.9240066457e+00    3.5130985581e+01   -9.6370470559e+00    3.7130404101e+00    7.7505547570e+00    7.0352107511e+00   -2.5355823111e+01    9.3301054718e-01    1.3440000000e+03    2.7982750250e-02    5.7313616071e-01
        87   -5.9096729106e+00    3.4964307912e+01   -9.7798618485e+00    3.8701889379e+00    7.6741640719e+00    7.0352107511e+00   -2.5271417173e+01    7.8218050171e-01    1.3440000000e+03    2.7925230006e-02    5.7221168155e-01
        88   -5.9132972374e+00    3.4998009564e+01   -9.6881674313e+00    3.7748701938e+00    7.6846378438e+00    7.0352107511e+00   -2.5145199334e+01    7.3718330827e-01    1.3440000000e+03    2.7902526561e-02    5.7215215774e-01
        89   -5.9198641858e+00    3.5095548580e+01   -9.6733380498e+00    3.7534738641e+00    7.7108632197e+00    7.0352107511e+00   -2.5228571793e+01    8.0915977281e-01    1.3440000000e+03    2.7886189402e-02    5.7215029762e-01
        90   -5.9157927481e+00    3.5026150115e+01   -9.7485792976e+00    3.8327865495e+00    7.7126636912e+00    7.0352107511e+00   -2.5287171795e+01    7.9071805508e-01    1.3440000000e+03    2.7937567315e-02    5.7222842262e-01
        91   -5.9079494788e+00    3.4947956350e+01   -9.6800195520e+00    3.7720700732e+00    7.6991540555e+00    7.0352107511e+00   -2.5214554047e+01    8.0016968832e-01    1.3440000000e+03    2.7937512117e-02    5.7093936012e-01
        92   -5.9319799660e+00    3.5224564074e+01   -9.6404514152e+00    3.7084714493e+00    7.6861313316e+00    7.0352107511e+00   -2.5110010874e+01    7.4821737633e-01    1.3440000000e+03    2.7932770303e-02    5.7308965774e-01
        93   -5.9097842709e+00    3.4958233515e+01   -9.5903489204e+00    3.6805646494e+00    7.7009372960e+00    7.0352107511e+00   -2.5050224263e+01    7.2372729557e-01    1.3440000000e+03    2.7929696872e-02    5.7299107143e-01
        94   -5.9157706681e+00    3.5028502898e+01   -9.7178592272e+00    3.8020885591e+00    7.6806029770e+00    7.0352107511e+00   -2.5281738973e+01    8.4806601729e-01    1.3440000000e+03    2.7906622881e-02    5.7166294643e-01
        95   -5.9159839213e+00    3.5029241218e+01   -9.6875033589e+00    3.7715194375e+00    7.7178944522e+00    7.0352107511e+00   -2.5219199381e+01    7.7859081911e-01    1.3440000000e+03    2.7919184215e-02    5.7239025298e-01
        96   -5.9129402396e+00    3.5000131160e+01   -9.6423585708e+00    3.7294183311e+00    7.6785936739e+00    7.0352107511e+00   -2.5143190710e+01    7.8702771428e-01    1.3440000000e+03    2.7922793321e-02    5.7185825893e-01
        97   -5.9148765356e+00    3.5019201230e+01   -9.6548942103e+00    3.7400176747e+00    7.7152703394e+00    7.0352107511e+00   -2.5220750870e+01    8.1537556898e-01    1.3440000000e+03    2.7945384524e-02    5.7226004464e-01
        98   -5.9252022998e+00    3.5135734701e+01   -9.6447388585e+00    3.7195365587e+00    7.6939041285e+00    7.0352107511e+00   -2.5090619700e+01    7.1676596175e-01    1.3440000000e+03    2.7955349687e-02    5.7140997024e-01
        99   -5.9194618772e+00    3.5067391574e+01   -9.7980179531e+00    3.8785560759e+00    7.6841493181e+00    7.0352107511e+00   -2.5240519336e+01    7.2314131346e-01    1.3440000000e+03    2.7902013828e-02    5.7287388393e-01
       100   -5.9181130278e+00    3.5059689274e+01   -9.7126091682e+00    3.7944961405e+00    7.6788237886e+00    7.0352107511e+00   -2.5172953208e+01    7.4630949989e-01    1.3440000000e+03    2.7942894121e-02    5.7167968750e-01
       101   -5.9170536886e+00    3.5043766667e+01   -9.6584996693e+00    3.7414459808e+00    7.6900879516e+00    7.0352107511e+00   -2.5170565530e+01    7.8676715777e-01    1.3440000000e+03    2.7925252150e-02    5.7148623512e-01
       102   -5.9123253217e+00    3.4980842592e+01   -9.6646852720e+00    3.7523599504e+00    7.6612565995e+00    7.0352107511e+00   -2.5120938757e+01    7.5978613413e-01    1.3440000000e+03    2.7914947426e-02    5.7327566964e-01
       103   -5.9197120983e+00    3.5072303908e+01   -9.7342388820e+00    3.8145267837e+00    7.7191482119e+00    7.0352107511e+00   -2.5234149602e+01    7.4555175725e-01    1.3440000000e+03    2.7926543206e-02    5.7248697917e-01
       104   -5.9097014781e+00    3.4971072889e+01   -9.6859080870e+00    3.7762066089e+00    7.7401562784e+00    7.0352107511e+00   -2.5316880550e+01    8.5560543393e-01    1.3440000000e+03    2.7959592168e-02    5.7174293155e-01
       105   -5.9270489231e+00    3.5168957897e+01   -9.7440200467e+00    3.8169711236e+00    7.6582559966e+00    7.0352107511e+00   -2.5270763046e+01    8.3327625133e-01    1.3440000000e+03    2.7925010770e-02    5.7250186012e-01
       106   -5.9221591199e+00    3.5102464189e+01   -9.7242919689e+00    3.8021328491e+00    7.6450619781e+00    7.0352107511e+00   -2.5121022302e+01    7.1645760397e-01    1.3440000000e+03    2.7904558250e-02    5.7174479167e-01
       107   -5.9136524657e+00    3.5000276997e+01   -9.7466214761e+00    3.8329690104e+00    7.7186115532e+00    7.0352107511e+00   -2.5333516274e+01    8.3307249341e-01    1.3440000000e+03    2.7893015046e-02    5.7099516369e-01
       108   -5.9196369695e+00    3.5069933085e+01   -9.6825425133e+00    3.7629055438e+00    7.6590000258e+00    7.0352107511e+00   -2.5149973799e+01    7.7322050846e-01    1.3440000000e+03    2.7887500472e-02    5.7218005952e-01
       109   -5.9118844645e+00    3.4976744503e+01   -9.6531135190e+00    3.7412290545e+00    7.6759072437e+00    7.0352107511e+00   -2.5059548340e+01    6.9531682625e-01    1.3440000000e+03    2.7903508136e-02    5.7167968750e-01
       110   -5.9128344221e+00    3.4992963828e+01   -9.6545934777e+00    3.7417590556e+00    7.6671076976e+00    7.0352107511e+00   -2.5094605603e+01    7.3769367684e-01    1.3440000000e+03    2.7924632591e-02    5.7236607143e-01
       111   -5.9079504947e+00    3.4933253910e+01   -9.6952064481e+00    3.7872559534e+00    7.7300788141e+00    7.0352107511e+00   -2.5171395840e+01    7.1089982649e-01    1.3440000000e+03    2.7951468777e-02    5.7235305060e-01
       112   -5.9212479612e+00    3.5097053922e+01   -9.7249895807e+00    3.8037416196e+00    7.6779508264e+00    7.0352107511e+00   -2.5137545771e+01    6.9939461275e-01    1.3440000000e+03    2.7860956739e-02    5.7222284226e-01
       113   -5.9213063388e+00    3.5107620623e+01   -9.7076630997e+00    3.7863567609e+00    7.6909381802e+00    7.0352107511e+00   -2.5291296342e+01    8.5748431064e-01    1.3440000000e+03    2.7913684207e-02    5.7127790179e-01
       114   -5.9192381498e+00    3.5075250186e+01   -9.6540021412e+00    3.7347639913e+00    7.6519418242e+00    7.0352107511e+00   -2.5008792622e+01    6.6763790589e-01    1.3440000000e+03    2.7875130919e-02    5.7213169643e-01
       115   -5.9148527063e+00    3.5026814147e+01   -9.6989423981e+00    3.7840896918e+00    7.7316163569e+00    7.0352107511e+00   -2.5263709843e+01    7.9794033731e-01    1.3440000000e+03    2.7953752662e-02    5.7356770833e-01
       116   -5.9154612342e+00    3.5023322135e+01   -9.6516577388e+00    3.7361965046e+00    7.6687843506e+00    7.0352107511e+00   -2.5126675982e+01    7.7102314162e-01    1.3440000000e+03    2.7920009996e-02    5.7353236607e-01
       117   -5.9220330768e+00    3.5103116636e+01   -9.6843835852e+00    3.7623505085e+00    7.6853075028e+00    7.0352107511e+00   -2.5276165588e+01    8.7126374862e-01    1.3440000000e+03    2.7943174798e-02    5.7212053571e-01
       118   -5.9154117711e+00    3.5025127332e+01   -9.7984235072e+00    3.8830117360e+00    7.7169308117e+00    7.0352107511e+00   -2.5359350984e+01    8.0878591363e-01    1.3440000000e+03    2.7947346319e-02    5.7105840774e-01
       119   -5.9179823305e+00    3.5052462996e+01   -9.7625484965e+00    3.8445661660e+00    7.6586941953e+00    7.0352107511e+00   -2.5208131799e+01    7.5167835578e-01    1.3440000000e+03    2.7886439672e-02    5.7078869048e-01
       120   -5.9187177686e+00    3.5065225226e+01   -9.6711697039e+00    3.7524519353e+00    7.7370074380e+00    7.0352107511e+00   -2.5201513335e+01    7.5812544161e-01    1.3440000000e+03    2.7941768752e-02    5.7162946429e-01
       121   -5.9124707477e+00    3.4983838941e+01   -9.7163205530e+00    3.8038498052e+00    7.6957451135e+00    7.0352107511e+00   -2.5163286351e+01    7.1600993312e-01    1.3440000000e+03    2.7910848940e-02    5.7231398810e-01
       122   -5.9122448667e+00    3.4985543900e+01   -9.6166932885e+00    3.7044484218e+00    7.6650262763e+00    7.0352107511e+00   -2.5067045100e+01    7.5011478449e-01    1.3440000000e+03    2.7898423356e-02    5.7263578869e-01
       123   -5.9134385681e+00    3.5019192141e+01   -9.6180471393e+00    3.7046085713e+00    7.6955467166e+00    7.0352107511e+00   -2.5249911086e+01    9.0110647855e-01    1.3440000000e+03    2.7891131609e-02    5.7263020833e-01
       124   -5.9151923280e+00    3.5022049749e+01   -9.6877977835e+00    3.7726054555e+00    7.6517251689e+00    7.0352107511e+00   -2.5122491020e+01    7.4775731628e-01    1.3440000000e+03    2.7873199386e-02    5.7119977679e-01
       125   -5.9132051081e+00    3.4998158992e+01   -9.6251324634e+00    3.7119273553e+00    7.7272631573e+00    7.0352107511e+00   -2.5173273570e+01    7.8566719829e-01    1.3440000000e+03    2.7925930877e-02    5.7177083333e-01
       126   -5.9234484291e+00    3.5116919749e+01   -9.8047126918e+00    3.8812642627e+00    7.6956402868e+00    7.0352107511e+00   -2.5308667961e+01    7.7310423136e-01    1.3440000000e+03    2.7924914159e-02    5.7111235119e-01
       127   -5.9201057672e+00    3.5078072470e+01   -9.6561764587e+00    3.7360706915e+00    7.6345691444e+00    7.0352107511e+00   -2.5059305459e+01    7.3334910459e-01    1.3440000000e+03    2.7864595807e-02    5.7083147321e-01
       128   -5.9117992468e+00    3.4977826082e+01   -9.5826290159e+00    3.6708297691e+00    7.6821240573e+00    7.0352107511e+00   -2.5045902282e+01    7.4593845728e-01    1.3440000000e+03    2.7914529708e-02    5.7248139881e-01
       129   -5.9205861072e+00    3.5084384148e+01   -9.6844263776e+00    3.7638402704e+00    7.6960060832e+00    7.0352107511e+00   -2.5179901260e+01    7.6425804795e-01    1.3440000000e+03    2.7897019117e-02    5.7406994048e-01
       130   -5.9202583377e+00    3.5086306281e+01   -9.7689747858e+00    3.8487164481e+00    7.7039708943e+00    7.0352107511e+00   -2.5203695436e+01    6.9553900493e-01    1.3440000000e+03    2.7931610621e-02    5.7329613095e-01
       131   -5.9200757727e+00    3.5074452976e+01   -9.6710399380e+00    3.7509641653e+00    7.6319001252e+00    7.0352107511e+00   -2.5088545985e+01    7.5039517031e-01    1.3440000000e+03    2.7912335588e-02    5.7245163690e-01
       132   -5.9151799397e+00    3.5020333038e+01   -9.6938909241e+00    3.7787109845e+00    7.6602061845e+00    7.0352107511e+00   -2.5132673044e+01    7.4336518400e-01    1.3440000000e+03    2.7924262056e-02    5.7209821429e-01
       133   -5.9130165221e+00    3.4991381851e+01   -9.7180709559e+00    3.8050544338e+00    7.7045098521e+00    7.0352107511e+00   -2.5255109293e+01    7.9731773407e-01    1.3440000000e+03    2.7931480355e-02    5.7089285714e-01
       134   -5.9147412478e+00    3.5021647597e+01   -9.7451261401e+00    3.8303848923e+00    7.7024821696e+00    7.0352107511e+00   -2.5168598319e+01    6.8577925780e-01    1.3440000000e+03    2.7948079526e-02    5.7202194940e-01
       135   -5.9207349602e+00    3.5084882700e+01   -9.7053151787e+00    3.7845802184e+00    7.7014638435e+00    7.0352107511e+00   -2.5205917385e+01    7.6392761219e-01    1.3440000000e+03    2.7937113212e-02    5.7287388393e-01
       136   -5.9152011177e+00    3.5019399855e+01   -9.6926767824e+00    3.7774756646e+00    7.6445803468e+00    7.0352107511e+00   -2.5115656873e+01    7.4318899303e-01    1.3440000000e+03    2.7909503129e-02    5.7217447917e-01
       137   -5.9231255914e+00    3.5111737244e+01   -9.7219385927e+00    3.7988130012e+00    7.7029936339e+00    7.0352107511e+00   -2.5231100941e+01    7.7095796353e-01    1.3440000000e+03    2.7922629066e-02    5.7328869048e-01
       138   -5.9134706763e+00    3.4998746448e+01   -9.6020810070e+00    3.6886103307e+00    7.6566847214e+00    7.0352107511e+00   -2.5002372395e+01    7.0839591527e-01    1.3440000000e+03    2.7915841473e-02    5.7204799107e-01
       139   -5.9185124346e+00    3.5059800733e+01   -9.6304862032e+00    3.7119737686e+00    7.7300171429e+00    7.0352107511e+00   -2.5205186071e+01    8.0947197402e-01    1.3440000000e+03    2.7918441366e-02    5.7220982143e-01
       140   -5.9062433973e+00    3.4913549805e+01   -9.7392598199e+00    3.8330164226e+00    7.6498148140e+00    7.0352107511e+00   -2.5116185276e+01    6.9189989084e-01    1.3440000000e+03    2.7907167007e-02    5.7187127976e-01
       141   -5.9151001319e+00    3.5027285451e+01   -9.6060946004e+00    3.6909944685e+00    7.7176561549e+00    7.0352107511e+00   -2.5169366658e+01    8.1040515195e-01    1.3440000000e+03    2.7882053469e-02    5.7273809524e-01
       142   -5.9200852502e+00    3.5077781796e+01   -9.6303008126e+00    3.7102155625e+00    7.6623451535e+00    7.0352107511e+00   -2.5088635180e+01    7.6077846290e-01    1.3440000000e+03    2.7904772391e-02    5.7323846726e-01
       143   -5.9212160904e+00    3.5087034469e+01   -9.6976470077e+00    3.7764309173e+00    7.6816338521e+00    7.0352107511e+00   -2.5155017443e+01    7.4052583208e-01    1.3440000000e+03    2.7917677037e-02    5.7323288690e-01
       144   -5.9149851493e+00    3.5019684449e+01   -9.6291155096e+00    3.7141303603e+00    7.6987765751e+00    7.0352107511e+00   -2.5190775633e+01    8.2767279673e-01    1.3440000000e+03    2.7908230653e-02    5.7150111607e-01
       145   -5.9117724844e+00    3.4974014210e+01   -9.6868314690e+00    3.7750589846e+00    7.7147408322e+00    7.0352107511e+00   -2.5138621754e+01    7.0183870136e-01    1.3440000000e+03    2.7948688324e-02    5.7241815476e-01
       146   -5.9197145922e+00    3.5072059286e+01   -9.7449681425e+00    3.8252535504e+00    7.6904553293e+00    7.0352107511e+00   -2.5205417357e+01    7.3478313362e-01    1.3440000000e+03    2.7919923186e-02    5.7322172619e-01
       147   -5.9199717474e+00    3.5075825167e+01   -9.7280159912e+00    3.8080442438e+00    7.7058987814e+00    7.0352107511e+00   -2.5180526540e+01    7.1140101582e-01    1.3440000000e+03    2.7898146729e-02    5.7249255952e-01
       148   -5.9156957728e+00    3.5022270276e+01   -9.6928368184e+00    3.7771410456e+00    7.6594272284e+00    7.0352107511e+00   -2.5097983752e+01    7.1050895419e-01    1.3440000000e+03    2.7922100094e-02    5.7211495536e-01
       149   -5.9132198416e+00    3.4994239192e+01   -9.7278116291e+00    3.8145917876e+00    7.6701524749e+00    7.0352107511e+00   -2.5265195381e+01    8.3202052611e-01    1.3440000000e+03    2.7923786927e-02    5.7222656250e-01
       150   -5.9138219332e+00    3.5000615232e+01   -9.7155423790e+00    3.8017204458e+00    7.6508011166e+00    7.0352107511e+00   -2.5189380642e+01    7.8782639479e-01    1.3440000000e+03    2.7882324577e-02    5.7309895833e-01
       151   -5.9109687581e+00    3.4969133836e+01   -9.7155960182e+00    3.8046272601e+00    7.7056640507e+00    7.0352107511e+00   -2.5213015993e+01    7.5654517275e-01    1.3440000000e+03    2.7920422135e-02    5.7222284226e-01
       152   -5.9123524717e+00    3.4983816298e+01   -9.6241420340e+00    3.7117895623e+00    7.6375803708e+00    7.0352107511e+00   -2.5120860205e+01    8.2392704919e-01    1.3440000000e+03    2.7884443136e-02    5.7254278274e-01
       153   -5.9029680718e+00    3.4878562642e+01   -9.6155311142e+00    3.7125630424e+00    7.6820342908e+00    7.0352107511e+00   -2.5128174358e+01    7.9539820137e-01    1.3440000000e+03    2.7911407065e-02    5.7179501488e-01
       154   -5.9184438352e+00    3.5065419609e+01   -9.5290451391e+00    3.6106013039e+00    7.7307058890e+00    7.0352107511e+00   -2.5063925522e+01    7.6896374308e-01    1.3440000000e+03    2.7933512459e-02    5.7225632440e-01
       155   -5.9168563547e+00    3.5042595648e+01   -9.7467290231e+00    3.8298726685e+00    7.6260384497e+00    7.0352107511e+00   -2.5202775912e+01    7.9479768811e-01    1.3440000000e+03    2.7909723532e-02    5.7198288690e-01
       156   -5.9263249787e+00    3.5153359087e+01   -9.6861763630e+00    3.7598513843e+00    7.7227048471e+00    7.0352107511e+00   -2.5206041030e+01    7.6194906888e-01    1.3440000000e+03    2.7941922309e-02    5.7260044643e-01
       157   -5.9264899225e+00    3.5157307152e+01   -9.6707958426e+00    3.7443059201e+00    7.7257645332e+00    7.0352107511e+00   -2.5191852540e+01    7.6008141279e-01    1.3440000000e+03    2.7969372938e-02    5.7203497024e-01
       158   -5.9141807649e+00    3.5007355203e+01   -9.7115798945e+00    3.7973991296e+00    7.6943515609e+00    7.0352107511e+00   -2.5176900667e+01    7.3575846057e-01    1.3440000000e+03    2.7910283453e-02    5.7278087798e-01
       159   -5.9137504042e+00    3.5000754795e+01   -9.6294853532e+00    3.7157349490e+00    7.6785977986e+00    7.0352107511e+00   -2.5082986813e+01    7.3969291015e-01    1.3440000000e+03    2.7928110703e-02    5.7155133929e-01
       160   -5.9163824578e+00    3.5032816591e+01   -9.7033086600e+00    3.7869262022e+00    7.6595611901e+00    7.0352107511e+00   -2.5182783378e+01    7.8470277681e-01    1.3440000000e+03    2.7891776698e-02    5.7202008929e-01
       161   -5.9199676782e+00    3.5077269963e+01   -9.6674904321e+00    3.7475227539e+00    7.6609795029e+00    7.0352107511e+00   -2.5143188604e+01    7.7950791815e-01    1.3440000000e+03    2.7906257176e-02    5.7175037202e-01
       162   -5.9227319242e+00    3.5110296425e+01   -9.6893639498e+00    3.7666320255e+00    7.6941993785e+00    7.0352107511e+00   -2.5194975110e+01    7.7620103099e-01    1.3440000000e+03    2.7911777750e-02    5.7232700893e-01
       163   -5.9168263236e+00    3.5055468870e+01   -9.7449132631e+00    3.8280869395e+00    7.6852071756e+00    7.0352107511e+00   -2.5159957159e+01    6.9462596878e-01    1.3440000000e+03    2.7929962495e-02    5.7249255952e-01
       164   -5.9139267096e+00    3.5006440380e+01   -9.6582214791e+00    3.7442947694e+00    7.7038853541e+00    7.0352107511e+00   -2.5170526817e+01    7.7320923289e-01    1.3440000000e+03    2.7923636713e-02    5.7078311012e-01
       165   -5.9084745817e+00    3.4949082690e+01   -9.7113904238e+00    3.8029158422e+00    7.6420818250e+00    7.0352107511e+00   -2.5150249949e+01    7.6156694915e-01    1.3440000000e+03    2.7915597224e-02    5.7255766369e-01
       166   -5.9115555762e+00    3.4977369134e+01   -9.6816731828e+00    3.7701176067e+00    7.7213947450e+00    7.0352107511e+00   -2.5214334902e+01    7.7605622300e-01    1.3440000000e+03    2.7892481504e-02    5.7190662202e-01
       167   -5.9121478205e+00    3.4981729554e+01   -9.7530694750e+00    3.8409216545e+00    7.6892092463e+00    7.0352107511e+00   -2.5230829886e+01    7.5334041352e-01    1.3440000000e+03    2.7875321106e-02    5.7251488095e-01
       168   -5.9189811871e+00    3.5066807825e+01   -9.6630279212e+00    3.7440467341e+00    7.6479858087e+00    7.0352107511e+00   -2.5175458415e+01    8.2923393431e-01    1.3440000000e+03    2.7888448304e-02    5.7197916667e-01
       169   -5.9113742366e+00    3.4981975974e+01   -9.6282802194e+00    3.7169059828e+00    7.7136959589e+00    7.0352107511e+00   -2.5211570485e+01    8.3438355525e-01    1.3440000000e+03    2.7945357295e-02    5.7220052083e-01
       170   -5.9272671960e+00    3.5178800053e+01   -9.6935143368e+00    3.7662471407e+00    7.6697265199e+00    7.0352107511e+00   -2.5192023143e+01    7.9357153557e-01    1.3440000000e+03    2.7915105496e-02    5.7161830357e-01
       171   -5.9262156357e+00    3.5150465720e+01   -9.7205207297e+00    3.7943050939e+00    7.7253534982e+00    7.0352107511e+00   -2.5240050188e+01    7.5896520919e-01    1.3440000000e+03    2.7908116711e-02    5.7164062500e-01
       172   -5.9180258296e+00    3.5046710696e+01   -9.6366534898e+00    3.7186276603e+00    7.7034532929e+00    7.0352107511e+00   -2.5109236268e+01    7.3391873378e-01    1.3440000000e+03    2.7929606855e-02    5.7231398810e-01
       173   -5.9174941364e+00    3.5049184656e+01   -9.5212858251e+00    3.6037916887e+00    7.6993117651e+00    7.0352107511e+00   -2.5104418015e+01    8.4860967365e-01    1.3440000000e+03    2.7928716204e-02    5.7243675595e-01
       174   -5.9201416627e+00    3.5082885744e+01   -9.7274691953e+00    3.8073275326e+00    7.7025432233e+00    7.0352107511e+00   -2.5212352506e+01    7.4712933660e-01    1.3440000000e+03    2.7933825497e-02    5.7268415179e-01
       175   -5.9127278388e+00    3.4993452644e+01   -9.5852965272e+00    3.6725686884e+00    7.6459216940e+00    7.0352107511e+00   -2.5055009491e+01    7.8858051905e-01    1.3440000000e+03    2.7883527944e-02    5.7207775298e-01
       176   -5.9139731029e+00    3.5001224532e+01   -9.7407894962e+00    3.8268163933e+00    7.6948838927e+00    7.0352107511e+00   -2.5207016285e+01    7.3613214538e-01    1.3440000000e+03    2.7932364949e-02    5.7336495536e-01
       177   -5.9101022343e+00    3.4964713799e+01   -9.6318950697e+00    3.7217928354e+00    7.6801499545e+00    7.0352107511e+00   -2.5120848835e+01    7.7359305996e-01    1.3440000000e+03    2.7886772942e-02    5.7263578869e-01
       178   -5.9183554246e+00    3.5061405975e+01   -9.6465473362e+00    3.7281919116e+00    7.6414171389e+00    7.0352107511e+00   -2.5130240434e+01    8.0706520758e-01    1.3440000000e+03    2.7913105889e-02    5.7247953869e-01
       179   -5.9223114769e+00    3.5103126809e+01   -9.7249870216e+00    3.8026755447e+00    7.6857301912e+00    7.0352107511e+00   -2.5169209237e+01    7.2328127277e-01    1.3440000000e+03    2.7947090056e-02    5.7221912202e-01
       180   -5.9136490262e+00    3.5011436288e+01   -9.7060357018e+00    3.7923866756e+00    7.6896581091e+00    7.0352107511e+00   -2.5265879523e+01    8.3497496079e-01    1.3440000000e+03    2.7905563336e-02    5.7299107143e-01
       181   -5.9165207939e+00    3.5032909312e+01   -9.7611747501e+00    3.8446539562e+00    7.7525547069e+00    7.0352107511e+00   -2.5340826918e+01    7.9188670972e-01    1.3440000000e+03    2.7948893417e-02    5.7266927083e-01
       182   -5.9206708807e+00    3.5083043867e+01   -9.6976619581e+00    3.7769910774e+00    7.7175344825e+00    7.0352107511e+00   -2.5268375537e+01    8.1796834540e-01    1.3440000000e+03    2.7927129143e-02    5.7168154762e-01
       183   -5.9164581539e+00    3.5031622898e+01   -9.8390963428e+00    3.9226381890e+00    7.7185391307e+00    7.0352107511e+00   -2.5289693188e+01    6.9684696371e-01    1.3440000000e+03    2.7923107293e-02    5.7197916667e-01
       184   -5.9249058272e+00    3.5139674094e+01   -9.6851299392e+00    3.7602241120e+00    7.7094296950e+00    7.0352107511e+00   -2.5179849446e+01    7.5007906038e-01    1.3440000000e+03    2.7912055413e-02    5.7251302083e-01
       185   -5.9233637733e+00    3.5116014397e+01   -9.7586372841e+00    3.8352735108e+00    7.7406437711e+00    7.0352107511e+00   -2.5298072089e+01    7.6358028238e-01    1.3440000000e+03    2.7954185095e-02    5.7267485119e-01
       186   -5.9119786905e+00    3.4979235541e+01   -9.7374159102e+00    3.8254372197e+00    7.6983586604e+00    7.0352107511e+00   -2.5203547607e+01    7.3256228482e-01    1.3440000000e+03    2.7922011916e-02    5.7174107143e-01
       187   -5.9179988090e+00    3.5052219464e+01   -9.7146347397e+00    3.7966359307e+00    7.6569499771e+00    7.0352107511e+00   -2.5137626525e+01    7.3083105686e-01    1.3440000000e+03    2.7890070085e-02    5.7188430060e-01
       188   -5.9238433623e+00    3.5120884660e+01   -9.6978544227e+00    3.7740110603e+00    7.6917465482e+00    7.0352107511e+00   -2.5211972687e+01    7.8716096539e-01    1.3440000000e+03    2.7893840834e-02    5.7231584821e-01
       189   -5.9150301783e+00    3.5015776399e+01   -9.5921683653e+00    3.6771381870e+00    7.6490016500e+00    7.0352107511e+00   -2.4998792018e+01    7.2241125112e-01    1.3440000000e+03    2.7893991592e-02    5.7309523810e-01
       190   -5.9139391984e+00    3.5002348185e+01   -9.5933202713e+00    3.6793810729e+00    7.6741421846e+00    7.0352107511e+00   -2.5030043347e+01    7.2737014033e-01    1.3440000000e+03    2.7901478319e-02    5.7216145833e-01
       191   -5.9195891838e+00    3.5069730811e+01   -9.6551539397e+00    3.7355647559e+00    7.6795582333e+00    7.0352107511e+00   -2.5148983454e+01    7.7906052970e-01    1.3440000000e+03    2.7908625289e-02    5.7136346726e-01
       192   -5.9142475468e+00    3.5007924669e+01   -9.7056442829e+00    3.7913967361e+00    7.6695878333e+00    7.0352107511e+00   -2.5189611003e+01    7.7916813567e-01    1.3440000000e+03    2.7904082563e-02    5.7118675595e-01
       193   -5.9184498957e+00    3.5056400754e+01   -9.7011055406e+00    3.7826556449e+00    7.7164866825e+00    7.0352107511e+00   -2.5201385350e+01    7.4858237603e-01    1.3440000000e+03    2.7896172060e-02    5.7272507440e-01
       194   -5.9189014660e+00    3.5061070005e+01   -9.7409828769e+00    3.8220814109e+00    7.6768155327e+00    7.0352107511e+00   -2.5224599953e+01    7.7159079200e-01    1.3440000000e+03    2.7907124950e-02    5.7283854167e-01
       195   -5.9095533140e+00    3.4952319680e+01   -9.6168119628e+00    3.7072586487e+00    7.6607507679e+00    7.0352107511e+00   -2.5135320815e+01    8.2254733308e-01    1.3440000000e+03    2.7898062803e-02    5.7167038690e-01
       196   -5.9156056497e+00    3.5029702994e+01   -9.7535903298e+00    3.8379846801e+00    7.7098453344e+00    7.0352107511e+00   -2.5217035345e+01    7.1838892955e-01    1.3440000000e+03    2.7922301685e-02    5.7183593750e-01
       197   -5.9090621249e+00    3.4945654941e+01   -9.7429317883e+00    3.8338696634e+00    7.6807447961e+00    7.0352107511e+00   -2.5213832172e+01    7.5494483610e-01    1.3440000000e+03    2.7892267616e-02    5.7343005952e-01
       198   -5.9141739120e+00    3.5011778400e+01   -9.6870040378e+00    3.7728301258e+00    7.6843388616e+00    7.0352107511e+00   -2.5232817857e+01    8.2626420631e-01    1.3440000000e+03    2.7946522694e-02    5.7283110119e-01
       199   -5.9156251566e+00    3.5022147427e+01   -9.5718724748e+00    3.6562473182e+00    7.7099918455e+00    7.0352107511e+00   -2.5050276079e+01    7.3320100774e-01    1.3440000000e+03    2.7922752783e-02    5.7310081845e-01
       200   -5.9235324115e+00    3.5117603949e+01   -9.6857211998e+00    3.7621887883e+00    7.7280245784e+00    7.0352107511e+00   -2.5229627080e+01    7.8067055054e-01    1.3440000000e+03    2.7930465688e-02    5.7280133929e-01
       201   -5.9278611785e+00    3.5170582613e+01   -9.8079022775e+00    3.8800410990e+00    7.6756591747e+00    7.0352107511e+00   -2.5267779389e+01    7.4900718557e-01    1.3440000000e+03    2.7869457366e-02    5.7071800595e-01
       202   -5.9225282596e+00    3.5107448515e+01   -9.7052098412e+00    3.7826815816e+00    7.7124733920e+00    7.0352107511e+00   -2.5201451545e+01    7.4855756044e-01    1.3440000000e+03    2.7886669030e-02    5.7295386905e-01
       203   -5.9176123604e+00    3.5045176653e+01   -9.6254182712e+00    3.7078059108e+00    7.6416939294e+00    7.0352107511e+00   -2.5032387472e+01    7.3006452004e-01    1.3440000000e+03    2.7895428798e-02    5.7293526786e-01
       204   -5.9229225034e+00    3.5112268388e+01   -9.6968407259e+00    3.7739182225e+00    7.6834811384e+00    7.0352107511e+00   -2.5150336433e+01    7.3480381704e-01    1.3440000000e+03    2.7931979496e-02    5.7096540179e-01
       205   -5.9159799321e+00    3.5031590879e+01   -9.5416765946e+00    3.6256966625e+00    7.7274934676e+00    7.0352107511e+00   -2.5120290329e+01    8.1590951511e-01    1.3440000000e+03    2.7872690251e-02    5.7156063988e-01
       206   -5.9197841223e+00    3.5075263096e+01   -9.7387864773e+00    3.8190023550e+00    7.6734707860e+00    7.0352107511e+00   -2.5222490638e+01    7.7502262393e-01    1.3440000000e+03    2.7926285234e-02    5.7106212798e-01
       207   -5.9226984855e+00    3.5108978018e+01   -9.7340637688e+00    3.8113652833e+00    7.6533738481e+00    7.0352107511e+00   -2.5200294968e+01    7.7764660030e-01    1.3440000000e+03    2.7897086580e-02    5.7299851190e-01
       208   -5.9249485233e+00    3.5133470428e+01   -9.7409832524e+00    3.8160347291e+00    7.7017981820e+00    7.0352107511e+00   -2.5224292244e+01    7.4630005855e-01    1.3440000000e+03    2.7953536352e-02    5.7022507440e-01
       209   -5.9173598098e+00    3.5043480714e+01   -9.7119621606e+00    3.7946023508e+00    7.6604244026e+00    7.0352107511e+00   -2.5125189118e+01    7.1759180349e-01    1.3440000000e+03    2.7903479646e-02    5.7089099702e-01
       210   -5.9097440201e+00    3.4952454674e+01   -9.6044741720e+00    3.6947301519e+00    7.6742879659e+00    7.0352107511e+00   -2.5048857400e+01    7.3488451057e-01    1.3440000000e+03    2.7924464942e-02    5.7365699405e-01
       211   -5.9252609328e+00    3.5146855720e+01   -9.7646061057e+00    3.8393451729e+00    7.6882423910e+00    7.0352107511e+00   -2.5218986715e+01    7.3092746762e-01    1.3440000000e+03    2.7884131146e-02    5.7175409226e-01
       212   -5.9123011083e+00    3.4983800044e+01   -9.7329855616e+00    3.8206844533e+00    7.6524173073e+00    7.0352107511e+00   -2.5140186363e+01    7.1957274294e-01    1.3440000000e+03    2.7856968208e-02    5.7107700893e-01
       213   -5.9173885371e+00    3.5045463183e+01   -9.6307358084e+00    3.7133472713e+00    7.7261205252e+00    7.0352107511e+00   -2.5165221592e+01    7.7315450770e-01    1.3440000000e+03    2.7946402343e-02    5.7191220238e-01
       214   -5.9155099103e+00    3.5025254102e+01   -9.6295197750e+00    3.7140098648e+00    7.7218054461e+00    7.0352107511e+00   -2.5235486200e+01    8.4895022819e-01    1.3440000000e+03    2.7885527857e-02    5.7307663690e-01
       215   -5.9228894392e+00    3.5111358183e+01   -9.5856081475e+00    3.6627187083e+00    7.6589027677e+00    7.0352107511e+00   -2.5108218404e+01    8.2849673741e-01    1.3440000000e+03    2.7895541889e-02    5.7297061012e-01
       216   -5.9127310409e+00    3.4992790961e+01   -9.6707565426e+00    3.7580255017e+00    7.6369604567e+00    7.0352107511e+00   -2.5166651256e+01    8.2372350587e-01    1.3440000000e+03    2.7889508037e-02    5.7353794643e-01
       217   -5.9216473354e+00    3.5095260933e+01   -9.6845735594e+00    3.7629262240e+00    7.6555687249e+00    7.0352107511e+00   -2.5086345860e+01    7.1099282443e-01    1.3440000000e+03    2.7869745844e-02    5.7209077381e-01
       218   -5.9166541543e+00    3.5035597988e+01   -9.6843122215e+00    3.7676580672e+00    7.7318371532e+00    7.0352107511e+00   -2.5160730689e+01    7.0937056322e-01    1.3440000000e+03    2.7938390305e-02    5.7185639881e-01
       219   -5.9202689301e+00    3.5079473637e+01   -9.6480413807e+00    3.7277724506e+00    7.6571329334e+00    7.0352107511e+00   -2.5049501761e+01    7.0911669620e-01    1.3440000000e+03    2.7905773814e-02    5.7171688988e-01
       220   -5.9161308202e+00    3.5031314441e+01   -9.5816000343e+00    3.6654692141e+00    7.6479785171e+00    7.0352107511e+00   -2.5020468437e+01    7.5567913406e-01    1.3440000000e+03    2.7842945468e-02    5.7163876488e-01
       221   -5.9201812475e+00    3.5079528307e+01   -9.7266310552e+00    3.8064498078e+00    7.7141979752e+00    7.0352107511e+00   -2.5294130403e+01    8.1809062168e-01    1.3440000000e+03    2.7907915319e-02    5.7316034226e-01
       222   -5.9146300113e+00    3.5013064298e+01   -9.6936045338e+00    3.7789745225e+00    7.7035242691e+00    7.0352107511e+00   -2.5190989997e+01    7.5865044326e-01    1.3440000000e+03    2.7886767018e-02    5.7229538690e-01
       223   -5.9127015281e+00    3.4998309746e+01   -9.6871938114e+00    3.7744922833e+00    7.5975146559e+00    7.0352107511e+00   -2.5109562898e+01    7.8964367948e-01    1.3440000000e+03    2.7860286198e-02    5.7219494048e-01
       224   -5.9137377584e+00    3.5001599872e+01   -9.7527821877e+00    3.8390444293e+00    7.6817480013e+00    7.0352107511e+00   -2.5252984762e+01    7.8324382206e-01    1.3440000000e+03    2.7921204055e-02    5.7138020833e-01
       225   -5.9175058108e+00    3.5045617752e+01   -9.6871032204e+00    3.7695974096e+00    7.6971384472e+00    7.0352107511e+00   -2.5250445480e+01    8.3099306118e-01    1.3440000000e+03    2.7919017114e-02    5.7249627976e-01
       226   -5.9236471741e+00    3.5121681242e+01   -9.7530780324e+00    3.8294308584e+00    7.7025601444e+00    7.0352107511e+00   -2.5253857558e+01    7.6300863043e-01    1.3440000000e+03    2.7921955716e-02    5.7198660714e-01
       227   -5.9200988681e+00    3.5076339393e+01   -9.7040504667e+00    3.7839515986e+00    7.6472312041e+00    7.0352107511e+00   -2.5125309566e+01    7.3881714404e-01    1.3440000000e+03    2.7907582703e-02    5.7247209821e-01
       228   -5.9155163173e+00    3.5021523329e+01   -9.6535835836e+00    3.7380672663e+00    7.7244410410e+00    7.0352107511e+00   -2.5140995949e+01    7.2776057342e-01    1.3440000000e+03    2.7961605264e-02    5.7284412202e-01
       229   -5.9199469128e+00    3.5074728326e+01   -9.6372046226e+00    3.7172577098e+00    7.6348020121e+00    7.0352107511e+00   -2.5070012565e+01    7.6279517909e-01    1.3440000000e+03    2.7887636798e-02    5.7262834821e-01
       230   -5.9190212396e+00    3.5071937798e+01   -9.5890454639e+00    3.6700242243e+00    7.6418563419e+00    7.0352107511e+00   -2.5110898894e+01    8.4478633705e-01    1.3440000000e+03    2.7909478070e-02    5.7450148810e-01
       231   -5.9193367910e+00    3.5064928111e+01   -9.7415416490e+00    3.8222048580e+00    7.6638348354e+00    7.0352107511e+00   -2.5177807244e+01    7.3722000866e-01    1.3440000000e+03    2.7896954464e-02    5.7275111607e-01
       232   -5.9222529620e+00    3.5121930416e+01   -9.5711411502e+00    3.6488881881e+00    7.7116609115e+00    7.0352107511e+00   -2.5132560885e+01    8.1454807241e-01    1.3440000000e+03    2.7905548127e-02    5.7189174107e-01
       233   -5.9066724009e+00    3.4920459069e+01   -9.7016771300e+00    3.7950047291e+00    7.7417234383e+00    7.0352107511e+00   -2.5277831459e+01    7.9922013977e-01    1.3440000000e+03    2.8000600082e-02    5.7158296131e-01
       234   -5.9209841384e+00    3.5086753127e+01   -9.7072204572e+00    3.7862363189e+00    7.7164006733e+00    7.0352107511e+00   -2.5229576540e+01    7.7074465820e-01    1.3440000000e+03    2.7940258382e-02    5.7111421131e-01
       235   -5.9100934552e+00    3.4959730099e+01   -9.7464297699e+00    3.8363363147e+00    7.6947437410e+00    7.0352107511e+00   -2.5317111982e+01    8.4072771965e-01    1.3440000000e+03    2.7937986561e-02    5.7201822917e-01
       236   -5.9147164568e+00    3.5015488195e+01   -9.7045792987e+00    3.7898628419e+00    7.6395712295e+00    7.0352107511e+00   -2.5118351870e+01    7.3899059103e-01    1.3440000000e+03    2.7889216305e-02    5.7170014881e-01
       237   -5.9109307739e+00    3.4964560602e+01   -9.6793850869e+00    3.7684543129e+00    7.7069712692e+00    7.0352107511e+00   -2.5093461681e+01    6.7189457418e-01    1.3440000000e+03    2.7915177652e-02    5.7259300595e-01
       238   -5.9178149469e+00    3.5063909864e+01   -9.7270065621e+00    3.8091916152e+00    7.7104803435e+00    7.0352107511e+00   -2.5275506158e+01    8.0280850082e-01    1.3440000000e+03    2.7925363702e-02    5.7180617560e-01
       239   -5.9088405363e+00    3.4944721811e+01   -9.6375995901e+00    3.7287590538e+00    7.6449874130e+00    7.0352107511e+00   -2.5100263720e+01    7.8246596603e-01    1.3440000000e+03    2.7902200895e-02    5.7283110119e-01
       240   -5.9224001137e+00    3.5105613338e+01   -9.5682824683e+00    3.6458823546e+00    7.6828331137e+00    7.0352107511e+00   -2.5164743242e+01    8.7841690843e-01    1.3440000000e+03    2.7939711084e-02    5.7168712798e-01
       241   -5.9159288253e+00    3.5033560757e+01   -9.7224034209e+00    3.8064745957e+00    7.6726827968e+00    7.0352107511e+00   -2.5215253875e+01    7.8495690625e-01    1.3440000000e+03    2.7884704864e-02    5.7249441964e-01
       242   -5.9211348621e+00    3.5097294238e+01   -9.6367011660e+00    3.7155663039e+00    7.6385843523e+00    7.0352107511e+00   -2.5106966234e+01    7.9646996427e-01    1.3440000000e+03    2.7873579912e-02    5.7173363095e-01
       243   -5.9149061884e+00    3.5021454877e+01   -9.5556478418e+00    3.6407416534e+00    7.7076540490e+00    7.0352107511e+00   -2.5053604174e+01    7.5509153245e-01    1.3440000000e+03    2.7893122728e-02    5.7158482143e-01
       244   -5.9244706290e+00    3.5133146907e+01   -9.7217034474e+00    3.7972328184e+00    7.6641282961e+00    7.0352107511e+00   -2.5184752162e+01    7.6370966710e-01    1.3440000000e+03    2.7896551891e-02    5.7304501488e-01
       245   -5.9102362067e+00    3.4961865017e+01   -9.6018698757e+00    3.6916336690e+00    7.6631544092e+00    7.0352107511e+00   -2.5084542928e+01    7.8430789207e-01    1.3440000000e+03    2.7914505138e-02    5.7152901786e-01
       246   -5.9113980515e+00    3.4992578434e+01   -9.6044125597e+00    3.6930145082e+00    7.6446604204e+00    7.0352107511e+00   -2.5039119761e+01    7.5483602987e-01    1.3440000000e+03    2.7852282467e-02    5.7271763393e-01
       247   -5.9120542691e+00    3.4982028786e+01   -9.7901522650e+00    3.8780979958e+00    7.7234896665e+00    7.0352107511e+00   -2.5362542543e+01    8.1368986016e-01    1.3440000000e+03    2.7968801161e-02    5.7150855655e-01
       248   -5.9321009997e+00    3.5229236954e+01   -9.6530883288e+00    3.7209873291e+00    7.7140374630e+00    7.0352107511e+00   -2.5282753419e+01    8.8041687624e-01    1.3440000000e+03    2.7955108362e-02    5.7176153274e-01
       249   -5.9144140520e+00    3.5017854361e+01   -9.6228379343e+00    3.7084238823e+00    7.6803957895e+00    7.0352107511e+00   -2.5129008249e+01    7.9056377455e-01    1.3440000000e+03    2.7892573050e-02    5.7246465774e-01
       250   -5.9142089028e+00    3.5007537395e+01   -9.6980289282e+00    3.7838200253e+00    7.6783610992e+00    7.0352107511e+00   -2.5211499755e+01    7.9989897662e-01    1.3440000000e+03    2.7910772652e-02    5.7231956845e-01
       251   -5.9125684460e+00    3.4999185087e+01   -9.7363533763e+00    3.8237849303e+00    7.6917548303e+00    7.0352107511e+00   -2.5245764342e+01    7.8244538420e-01    1.3440000000e+03    2.7932052582e-02    5.7387276786e-01
       252   -5.9113867464e+00    3.4974830257e+01   -9.6802539098e+00    3.7688671634e+00    7.6920537105e+00    7.0352107511e+00   -2.5184187669e+01    7.7666929741e-01    1.3440000000e+03    2.7868345257e-02    5.7151227679e-01
       253   -5.9182628404e+00    3.5051518179e+01   -9.7052399158e+00    3.7869770754e+00    7.6655061426e+00    7.0352107511e+00   -2.5150655645e+01    7.4469883533e-01    1.3440000000e+03    2.7905454627e-02    5.7202566964e-01
       254   -5.9147410497e+00    3.5013431338e+01   -9.6439449477e+00    3.7292038980e+00    7.7062231506e+00    7.0352107511e+00   -2.5136369443e+01    7.5099059310e-01    1.3440000000e+03    2.7889206387e-02    5.7367745536e-01
       255   -5.9106535612e+00    3.4966960335e+01   -9.7625434670e+00    3.8518899058e+00    7.7077041502e+00    7.0352107511e+00   -2.5241846818e+01    7.3638845021e-01    1.3440000000e+03    2.7948432466e-02    5.7339285714e-01
       256   -5.9235555848e+00    3.5122905704e+01   -9.7669541618e+00    3.8433985769e+00    7.6936739368e+00    7.0352107511e+00   -2.5315982439e+01    8.2014358891e-01    1.3440000000e+03    2.7895708065e-02    5.7048363095e-01
       257   -5.9189419712e+00    3.5068604417e+01   -9.6331192988e+00    3.7141773276e+00    7.6762895787e+00    7.0352107511e+00   -2.5100147950e+01    7.5552832193e-01    1.3440000000e+03    2.7877339844e-02    5.7155691964e-01
       258   -5.9192775448e+00    3.5081930729e+01   -9.5862946895e+00    3.6670171447e+00    7.7295254330e+00    7.0352107511e+00   -2.5190692841e+01    8.3966196751e-01    1.3440000000e+03    2.7939908799e-02    5.7197544643e-01
       259   -5.9179272363e+00    3.5054512277e+01   -9.6738587431e+00    3.7559315068e+00    7.6890827115e+00    7.0352107511e+00   -2.5198131618e+01    7.9997941239e-01    1.3440000000e+03    2.7870275494e-02    5.7244791667e-01
       260   -5.9189155446e+00    3.5066939634e+01   -9.6574820033e+00    3.7385664587e+00    7.6885190910e+00    7.0352107511e+00   -2.5085965002e+01    7.0475315670e-01    1.3440000000e+03    2.7869014987e-02    5.7080543155e-01
       261   -5.9134974562e+00    3.4997541673e+01   -9.5816227262e+00    3.6681252700e+00    7.6710033154e+00    7.0352107511e+00   -2.5024246979e+01    7.3641018620e-01    1.3440000000e+03    2.7908299015e-02    5.7370907738e-01
       262   -5.9142807486e+00    3.5017261590e+01   -9.6752568198e+00    3.7609760711e+00    7.7106481632e+00    7.0352107511e+00   -2.5178951554e+01    7.5783582044e-01    1.3440000000e+03    2.7913435317e-02    5.7090401786e-01
       263   -5.9100520896e+00    3.4961578426e+01   -9.7040967159e+00    3.7940446263e+00    7.6971419068e+00    7.0352107511e+00   -2.5248868305e+01    8.1241893155e-01    1.3440000000e+03    2.7935589955e-02    5.7302455357e-01
       264   -5.9203743091e+00    3.5082210741e+01   -9.6563486520e+00    3.7359743429e+00    7.6569662481e+00    7.0352107511e+00   -2.5101993730e+01    7.5346807842e-01    1.3440000000e+03    2.7887007922e-02    5.7225074405e-01
       265   -5.9228517348e+00    3.5118367187e+01   -9.6625631881e+00    3.7397114532e+00    7.6391489638e+00    7.0352107511e+00   -2.5174114717e+01    8.3719181422e-01    1.3440000000e+03    2.7863734654e-02    5.7176711310e-01
       266   -5.9199467289e+00    3.5079251489e+01   -9.7168531336e+00    3.7969064047e+00    7.7355548205e+00    7.0352107511e+00   -2.5250589284e+01    7.6297057914e-01    1.3440000000e+03    2.7924623636e-02    5.7140066964e-01
       267   -5.9139607397e+00    3.5006969988e+01   -9.7860685241e+00    3.8721077844e+00    7.7182096827e+00    7.0352107511e+00   -2.5274025343e+01    7.3453638523e-01    1.3440000000e+03    2.7916685610e-02    5.7321986607e-01
       268   -5.9162781749e+00    3.5032436971e+01   -9.6932880395e+00    3.7770098647e+00    7.6824487397e+00    7.0352107511e+00   -2.5153046714e+01    7.4209918365e-01    1.3440000000e+03    2.7925823510e-02    5.7324218750e-01
       269   -5.9215065964e+00    3.5096225306e+01   -9.6768832160e+00    3.7553766197e+00    7.7030879076e+00    7.0352107511e+00   -2.5227899144e+01    8.1271726958e-01    1.3440000000e+03    2.7909300325e-02    5.7173363095e-01
       270   -5.9120543439e+00    3.4982318833e+01   -9.7108118058e+00    3.7987574619e+00    7.6556864720e+00    7.0352107511e+00   -2.5103469435e+01    7.0176040581e-01    1.3440000000e+03    2.7921207912e-02    5.7165736607e-01
       271   -5.9206937599e+00    3.5081739674e+01   -9.7707090956e+00    3.8500153357e+00    7.6604677208e+00    7.0352107511e+00   -2.5256531953e+01    7.9014438551e-01    1.3440000000e+03    2.7889499326e-02    5.7291294643e-01
       272   -5.9113203328e+00    3.5020815741e+01   -9.6985129171e+00    3.7871925844e+00    7.6697779163e+00    7.0352107511e+00   -2.5188873333e+01    7.8537174837e-01    1.3440000000e+03    2.7898116493e-02    5.7177827381e-01
       273   -5.9175943874e+00    3.5047788250e+01   -9.7484303038e+00    3.8308359163e+00    7.6936390739e+00    7.0352107511e+00   -2.5277116783e+01    7.9983665412e-01    1.3440000000e+03    2.7926459522e-02    5.7202194940e-01
       274   -5.9095748399e+00    3.4955436519e+01   -9.7280478699e+00    3.8184730300e+00    7.7021916798e+00    7.0352107511e+00   -2.5245215889e+01    7.7976558787e-01    1.3440000000e+03    2.7977188601e-02    5.7244791667e-01
       275   -5.9186798853e+00    3.5071532938e+01   -9.8042848484e+00    3.8856049631e+00    7.6421087156e+00    7.0352107511e+00   -2.5343631787e+01    8.6202747141e-01    1.3440000000e+03    2.7896681241e-02    5.7335937500e-01
       276   -5.9081184546e+00    3.4942334348e+01   -9.6371539405e+00    3.7290354858e+00    7.6651980714e+00    7.0352107511e+00   -2.5089725439e+01    7.5216267567e-01    1.3440000000e+03    2.7845257230e-02    5.7229724702e-01
       277   -5.9124590096e+00    3.4994892818e+01   -9.5985409946e+00    3.6860819850e+00    7.6711837516e+00    7.0352107511e+00   -2.5117481256e+01    8.1254575832e-01    1.3440000000e+03    2.7890205091e-02    5.7183779762e-01
       278   -5.9123773926e+00    3.4989108992e+01   -9.6504196289e+00    3.7380422363e+00    7.6953373311e+00    7.0352107511e+00   -2.5200092129e+01    8.1912441789e-01    1.3440000000e+03    2.7877718710e-02    5.7159598214e-01
       279   -5.9199848956e+00    3.5072768822e+01   -9.6890627046e+00    3.7690778090e+00    7.6930786332e+00    7.0352107511e+00   -2.5138065622e+01    7.2071353257e-01    1.3440000000e+03    2.7927221176e-02    5.7180245536e-01
       280   -5.9164736526e+00    3.5044057388e+01   -9.7012326355e+00    3.7847589830e+00    7.7041477532e+00    7.0352107511e+00   -2.5190085160e+01    7.4949401991e-01    1.3440000000e+03    2.7889111876e-02    5.7063244048e-01
       281   -5.9077724045e+00    3.4962400152e+01   -9.7399538609e+00    3.8321814563e+00    7.7094899264e+00    7.0352107511e+00   -2.5264041988e+01    7.7938744949e-01    1.3440000000e+03    2.7938257781e-02    5.7257998512e-01
       282   -5.9172978359e+00    3.5044906341e+01   -9.5918869112e+00    3.6745890754e+00    7.7021893986e+00    7.0352107511e+00   -2.5065364515e+01    7.3607745385e-01    1.3440000000e+03    2.7892437862e-02    5.7236979167e-01
       283   -5.9117968016e+00    3.4986155117e+01   -9.6277812285e+00    3.7159844268e+00    7.6983121372e+00    7.0352107511e+00   -2.5203473794e+01    8.4216967741e-01    1.3440000000e+03    2.7870353450e-02    5.7130208333e-01
       284   -5.9145011171e+00    3.5007267181e+01   -9.7390615814e+00    3.8245604642e+00    7.6831266005e+00    7.0352107511e+00   -2.5226009653e+01    7.6861072013e-01    1.3440000000e+03    2.7925786536e-02    5.7217633929e-01
       285   -5.9193062584e+00    3.5070835289e+01   -9.6749858884e+00    3.7556796300e+00    7.6222084852e+00    7.0352107511e+00   -2.5073832253e+01    7.4142712803e-01    1.3440000000e+03    2.7889402890e-02    5.7279575893e-01
       286   -5.9201630731e+00    3.5077215113e+01   -9.7628980177e+00    3.8427349446e+00    7.6670179377e+00    7.0352107511e+00   -2.5165558651e+01    7.0043194442e-01    1.3440000000e+03    2.7910225713e-02    5.7173177083e-01
       287   -5.9235022509e+00    3.5118416841e+01   -9.6930788183e+00    3.7695765674e+00    7.6433927239e+00    7.0352107511e+00   -2.5100521022e+01    7.2883872861e-01    1.3440000000e+03    2.7896674791e-02    5.7344122024e-01
       288   -5.9209520119e+00    3.5087112976e+01   -9.7357223829e+00    3.8147703711e+00    7.6883812268e+00    7.0352107511e+00   -2.5301620415e+01    8.4230605431e-01    1.3440000000e+03    2.7897444234e-02    5.7142857143e-01
       289   -5.9108140642e+00    3.4969375200e+01   -9.7341611584e+00    3.8233470943e+00    7.7070102407e+00    7.0352107511e+00   -2.5166716852e+01    6.9033470186e-01    1.3440000000e+03    2.7931088084e-02    5.7210193452e-01
       290   -5.9146905903e+00    3.5015943223e+01   -9.6744257232e+00    3.7597351329e+00    7.6932783302e+00    7.0352107511e+00   -2.5232030666e+01    8.2911586142e-01    1.3440000000e+03    2.7905686841e-02    5.7196056548e-01
       291   -5.9131658661e+00    3.5001486574e+01   -9.7243465778e+00    3.8111807118e+00    7.6936879611e+00    7.0352107511e+00   -2.5288353837e+01    8.3510854647e-01    1.3440000000e+03    2.7910692255e-02    5.7232142857e-01
       292   -5.9086708979e+00    3.4948795148e+01   -9.7309953058e+00    3.8223244079e+00    7.6683526396e+00    7.0352107511e+00   -2.5183671131e+01    7.4911243406e-01    1.3440000000e+03    2.7883853792e-02    5.7207775298e-01
       293   -5.9018182490e+00    3.4883139909e+01   -9.6459487778e+00    3.7441305288e+00    7.7146829131e+00    7.0352107511e+00   -2.5234532112e+01    8.3868966976e-01    1.3440000000e+03    2.7943262313e-02    5.7107328869e-01
       294   -5.9106320582e+00    3.4961046624e+01   -9.6796379459e+00    3.7690058878e+00    7.7037581236e+00    7.0352107511e+00   -2.5126279174e+01    7.0767235306e-01    1.3440000000e+03    2.7905235502e-02    5.7234747024e-01
       295   -5.9178425686e+00    3.5047301668e+01   -9.7261010453e+00    3.8082584766e+00    7.6580788144e+00    7.0352107511e+00   -2.5105933710e+01    6.8654309943e-01    1.3440000000e+03    2.7860606588e-02    5.7118675595e-01
       296   -5.9214166620e+00    3.5096794372e+01   -9.7090745004e+00    3.7876578385e+00    7.6993749144e+00    7.0352107511e+00   -2.5236042096e+01    7.9238192977e-01    1.3440000000e+03    2.7906341516e-02    5.7279761905e-01
       297   -5.9120195341e+00    3.4992395017e+01   -9.6340520662e+00    3.7220325321e+00    7.6640570020e+00    7.0352107511e+00   -2.5117164409e+01    7.8384458981e-01    1.3440000000e+03    2.7911615605e-02    5.7182105655e-01
       298   -5.9277077177e+00    3.5168379319e+01   -9.8110215912e+00    3.8833138735e+00    7.6683972092e+00    7.0352107511e+00   -2.5318183736e+01    8.0355418457e-01    1.3440000000e+03    2.7896013980e-02    5.7199032738e-01
       299   -5.9215457886e+00    3.5095354355e+01   -9.6376846953e+00    3.7161389066e+00    7.7236558322e+00    7.0352107511e+00   -2.5120792369e+01    7.2424109029e-01    1.3440000000e+03    2.7918481300e-02    5.7258184524e-01
       300   -5.9112172628e+00    3.4973714745e+01   -9.6737284393e+00    3.7625111765e+00    7.6947385177e+00    7.0352107511e+00   -2.5146311049e+01    7.4263334049e-01    1.3440000000e+03    2.7932329017e-02    5.7240699405e-01
       301   -5.9250748445e+00    3.5153977856e+01   -9.6936077797e+00    3.7685329353e+00    7.6868808984e+00    7.0352107511e+00   -2.5145879291e+01    7.3017986210e-01    1.3440000000e+03    2.7944664386e-02    5.7317336310e-01
       302   -5.9136426516e+00    3.5031435113e+01   -9.7328482301e+00    3.8192055785e+00    7.6814526108e+00    7.0352107511e+00   -2.5226768129e+01    7.7725653698e-01    1.3440000000e+03    2.7906678182e-02    5.7265997024e-01
       303   -5.9081204059e+00    3.4937645356e+01   -9.6729610105e+00    3.7648406046e+00    7.6838432194e+00    7.0352107511e+00   -2.5226148316e+01    8.3413333539e-01    1.3440000000e+03    2.7903422391e-02    5.7128720238e-01
       304   -5.9185221760e+00    3.5070214461e+01   -9.6171125056e+00    3.6985903296e+00    7.7017208230e+00    7.0352107511e+00   -2.5071680906e+01    7.1763682592e-01    1.3440000000e+03    2.7920583594e-02    5.7173921131e-01
       305   -5.9118213567e+00    3.4980823366e+01   -9.6544563954e+00    3.7426350387e+00    7.6693197152e+00    7.0352107511e+00   -2.5131262281e+01    7.7227541903e-01    1.3440000000e+03    2.7901469104e-02    5.7203683036e-01
       306   -5.9136855101e+00    3.4997512118e+01   -9.7333556428e+00    3.8196701328e+00    7.6754316699e+00    7.0352107511e+00   -2.5228835856e+01    7.8483779221e-01    1.3440000000e+03    2.7884491180e-02    5.7203683036e-01
       307   -5.9171142284e+00    3.5043835595e+01   -9.6863877264e+00    3.7692734981e+00    7.6820507962e+00    7.0352107511e+00   -2.5149560936e+01    7.4591166189e-01    1.3440000000e+03    2.7927914824e-02    5.7130952381e-01
       308   -5.9178505157e+00    3.5058850083e+01   -9.6021827708e+00    3.6843322551e+00    7.6988331227e+00    7.0352107511e+00   -2.5132574062e+01    7.9634741703e-01    1.3440000000e+03    2.7963211098e-02    5.7250744048e-01
       309   -5.9116775957e+00    3.4996837722e+01   -9.5758874184e+00    3.6642098227e+00    7.7203439576e+00    7.0352107511e+00   -2.5142392535e+01    8.1095040735e-01    1.3440000000e+03    2.7933791734e-02    5.7341331845e-01
       310   -5.9262421107e+00    3.5150338014e+01   -9.6845960215e+00    3.7583539108e+00    7.6648127149e+00    7.0352107511e+00   -2.5190769657e+01    8.0615016935e-01    1.3440000000e+03    2.7875460813e-02    5.7133370536e-01
       311   -5.9168895970e+00    3.5039074378e+01   -9.6219363241e+00    3.7050467271e+00    7.6835874654e+00    7.0352107511e+00   -2.5145508944e+01    8.0477440320e-01    1.3440000000e+03    2.7892313332e-02    5.7253906250e-01
       312   -5.9169621790e+00    3.5037274254e+01   -9.7417583867e+00    3.8247962077e+00    7.7008219443e+00    7.0352107511e+00   -2.5211365196e+01    7.3357411380e-01    1.3440000000e+03    2.7931318090e-02    5.7259300595e-01
       313   -5.9112559100e+00    3.4973328513e+01   -9.6017138507e+00    3.6904579408e+00    7.7364660512e+00    7.0352107511e+00   -2.5111422882e+01    7.3803222852e-01    1.3440000000e+03    2.7894246741e-02    5.7056733631e-01
       314   -5.9131363458e+00    3.4992208932e+01   -9.7564897808e+00    3.8433534350e+00    7.6833393040e+00    7.0352107511e+00   -2.5251672309e+01    7.7663247278e-01    1.3440000000e+03    2.7947697395e-02    5.7387834821e-01
       315   -5.9054446909e+00    3.4903245695e+01   -9.6936700304e+00    3.7882253395e+00    7.7300105332e+00    7.0352107511e+00   -2.5269320502e+01    8.1042918769e-01    1.3440000000e+03    2.7939553731e-02    5.7207961310e-01
       316   -5.9222075091e+00    3.5101851957e+01   -9.6856235985e+00    3.7634160894e+00    7.6915956219e+00    7.0352107511e+00   -2.5114390504e+01    7.0196053199e-01    1.3440000000e+03    2.7948227633e-02    5.7193266369e-01
       317   -5.9120134016e+00    3.4993943302e+01   -9.7503340822e+00    3.8383206806e+00    7.6675587079e+00    7.0352107511e+00   -2.5214703053e+01    7.6159951181e-01    1.3440000000e+03    2.7880033805e-02    5.7221168155e-01
       318   -5.9157593951e+00    3.5022271338e+01   -9.6547575457e+00    3.7389981507e+00    7.7160888828e+00    7.0352107511e+00   -2.5214742208e+01    8.0868502831e-01    1.3440000000e+03    2.7911113350e-02    5.7186569940e-01
       319   -5.9159155055e+00    3.5028706209e+01   -9.7417693410e+00    3.8258538355e+00    7.6896301973e+00    7.0352107511e+00   -2.5191606312e+01    7.2499602217e-01    1.3440000000e+03    2.7896217708e-02    5.7262462798e-01
       320   -5.9186236389e+00    3.5062310431e+01   -9.7017186100e+00    3.7830949711e+00    7.6472461149e+00    7.0352107511e+00   -2.5161208586e+01    7.7703311022e-01    1.3440000000e+03    2.7875247401e-02    5.7164992560e-01
       321   -5.9195868464e+00    3.5070531754e+01   -9.6992108183e+00    3.7796239719e+00    7.6650964797e+00    7.0352107511e+00   -2.5130833398e+01    7.3131534887e-01    1.3440000000e+03    2.7905017398e-02    5.7319754464e-01
       322   -5.9243387414e+00    3.5144258030e+01   -9.7096117987e+00    3.7852730573e+00    7.6873147731e+00    7.0352107511e+00   -2.5182291892e+01    7.5015456947e-01    1.3440000000e+03    2.7896553841e-02    5.7156808036e-01
       323   -5.9235203143e+00    3.5119853819e+01   -9.7365954979e+00    3.8130751836e+00    7.6975656585e+00    7.0352107511e+00   -2.5279094042e+01    8.0972213404e-01    1.3440000000e+03    2.7907978193e-02    5.7320126488e-01
       324   -5.9181009162e+00    3.5056895835e+01   -9.6572936112e+00    3.7391926950e+00    7.7312951421e+00    7.0352107511e+00   -2.5173074260e+01    7.4927475543e-01    1.3440000000e+03    2.7930089636e-02    5.7009672619e-01
       325   -5.9156772396e+00    3.5024580959e+01   -9.7650686965e+00    3.8493914569e+00    7.7140764838e+00    7.0352107511e+00   -2.5262783096e+01    7.4842716446e-01    1.3440000000e+03    2.7911966458e-02    5.7216517857e-01
       326   -5.9152367158e+00    3.5020385815e+01   -9.7922133112e+00    3.8769765955e+00    7.6959111899e+00    7.0352107511e+00   -2.5272271249e+01    7.4893599622e-01    1.3440000000e+03    2.7917352506e-02    5.7079055060e-01
       327   -5.9127005171e+00    3.4987523263e+01   -9.7148870182e+00    3.8021865011e+00    7.6179178016e+00    7.0352107511e+00   -2.5107412404e+01    7.3939683330e-01    1.3440000000e+03    2.7908321893e-02    5.7360677083e-01
       328   -5.9177293095e+00    3.5050788199e+01   -9.6797938469e+00    3.7620645375e+00    7.6225077217e+00    7.0352107511e+00   -2.5079590900e+01    7.4207858003e-01    1.3440000000e+03    2.7847705738e-02    5.7313244048e-01
       329   -5.9072863270e+00    3.4932493736e+01   -9.7093452243e+00    3.8020588973e+00    7.6963828306e+00    7.0352107511e+00   -2.5248581723e+01    8.0764291731e-01    1.3440000000e+03    2.7917557564e-02    5.7184151786e-01
       330   -5.9165075545e+00    3.5052877836e+01   -9.6300737415e+00    3.7135661870e+00    7.6923050139e+00    7.0352107511e+00   -2.5150961699e+01    7.9337219204e-01    1.3440000000e+03    2.7926500775e-02    5.7282924107e-01
       331   -5.9148067088e+00    3.5012248398e+01   -9.7769445171e+00    3.8621378082e+00    7.6922880995e+00    7.0352107511e+00   -2.5263743786e+01    7.5930041869e-01    1.3440000000e+03    2.7901354559e-02    5.7251860119e-01
       332   -5.9185527499e+00    3.5065445667e+01   -9.6835633887e+00    3.7650106388e+00    7.6979222047e+00    7.0352107511e+00   -2.5159294673e+01    7.4259832846e-01    1.3440000000e+03    2.7876322432e-02    5.7163690476e-01
       333   -5.9200643437e+00    3.5091100344e+01   -9.6983641824e+00    3.7782998387e+00    7.7126294813e+00    7.0352107511e+00   -2.5271472378e+01    8.2526796273e-01    1.3440000000e+03    2.7933628314e-02    5.7255580357e-01
       334   -5.9123531060e+00    3.4985448025e+01   -9.6479195898e+00    3.7355664838e+00    7.6703304032e+00    7.0352107511e+00   -2.5143467961e+01    7.9000721662e-01    1.3440000000e+03    2.7886537685e-02    5.7161644345e-01
       335   -5.9203745683e+00    3.5077810886e+01   -9.7265501771e+00    3.8061756088e+00    7.6688763503e+00    7.0352107511e+00   -2.5117366942e+01    6.8672966324e-01    1.3440000000e+03    2.7902876810e-02    5.7258556548e-01
       336   -5.9182066006e+00    3.5052155681e+01   -9.7198772838e+00    3.8016706832e+00    7.6773502845e+00    7.0352107511e+00   -2.5142626868e+01    7.1018854822e-01    1.3440000000e+03    2.7914820086e-02    5.7171316964e-01
       337   -5.9216603149e+00    3.5096752431e+01   -9.5815065536e+00    3.6598462387e+00    7.6306839739e+00    7.0352107511e+00   -2.4979640105e+01    7.3223882661e-01    1.3440000000e+03    2.7859897184e-02    5.7276599702e-01
       338   -5.9175956841e+00    3.5050036581e+01   -9.7051731711e+00    3.7875774871e+00    7.6871369458e+00    7.0352107511e+00   -2.5186753314e+01    7.5923244596e-01    1.3440000000e+03    2.7893193734e-02    5.7113839286e-01
       339   -5.9146798667e+00    3.5012865250e+01   -9.6571570584e+00    3.7424771916e+00    7.7035412421e+00    7.0352107511e+00   -2.5088040333e+01    6.9213128179e-01    1.3440000000e+03    2.7903637341e-02    5.7257068452e-01
       340   -5.9170293040e+00    3.5048771545e+01   -9.7445213591e+00    3.8274920552e+00    7.6949582334e+00    7.0352107511e+00   -2.5204266670e+01    7.2957632625e-01    1.3440000000e+03    2.7919228766e-02    5.7248511905e-01
       341   -5.9176005981e+00    3.5045378407e+01   -9.7157484032e+00    3.7981478051e+00    7.7025618417e+00    7.0352107511e+00   -2.5193576071e+01    7.4005507505e-01    1.3440000000e+03    2.7912739173e-02    5.7240327381e-01
       342   -5.9120511417e+00    3.4989700626e+01   -9.7765260130e+00    3.8644748713e+00    7.6846359821e+00    7.0352107511e+00   -2.5249147535e+01    7.5277478924e-01    1.3440000000e+03    2.7922294825e-02    5.7184709821e-01
       343   -5.9107627609e+00    3.4971665575e+01   -9.7302347099e+00    3.8194719490e+00    7.7357529652e+00    7.0352107511e+00   -2.5299259180e+01    7.9806075417e-01    1.3440000000e+03    2.7934800742e-02    5.7237909226e-01
       344   -5.9201588974e+00    3.5077353798e+01   -9.7147483993e+00    3.7945895019e+00    7.6666628300e+00    7.0352107511e+00   -2.5200091772e+01    7.8346979158e-01    1.3440000000e+03    2.7902215025e-02    5.7279203869e-01
       345   -5.9178507922e+00    3.5047466506e+01   -9.7218461455e+00    3.8039953533e+00    7.7274994336e+00    7.0352107511e+00   -2.5193027072e+01    7.0847074194e-01    1.3440000000e+03    2.7921162853e-02    5.7145089286e-01
       346   -5.9168996642e+00    3.5038116894e+01   -9.7322103303e+00    3.8153106661e+00    7.7180558373e+00    7.0352107511e+00   -2.5231589045e+01    7.4611212637e-01    1.3440000000e+03    2.7912093973e-02    5.7179129464e-01
       347   -5.9129195027e+00    3.4989705659e+01   -9.7402098710e+00    3.8272903683e+00    7.6305853134e+00    7.0352107511e+00   -2.5164739282e+01    7.5873334633e-01    1.3440000000e+03    2.7859356041e-02    5.7201636905e-01
       348   -5.9197024826e+00    3.5069967407e+01   -9.6909350156e+00    3.7712325330e+00    7.6318250597e+00    7.0352107511e+00   -2.5056395475e+01    6.9842464879e-01    1.3440000000e+03    2.7887521776e-02    5.7134486607e-01
       349   -5.9176926907e+00    3.5051057388e+01   -9.6051413667e+00    3.6874486760e+00    7.6499113630e+00    7.0352107511e+00   -2.5065173766e+01    7.7491028494e-01    1.3440000000e+03    2.7900738672e-02    5.7249441964e-01
       350   -5.9173822524e+00    3.5041777880e+01   -9.6542650150e+00    3.7368827626e+00    7.6607286447e+00    7.0352107511e+00   -2.5051612721e+01    7.0140830996e-01    1.3440000000e+03    2.7917964573e-02    5.7330543155e-01
       351   -5.9135471471e+00    3.4998899764e+01   -9.6989024291e+00    3.7853552819e+00    7.7302400483e+00    7.0352107511e+00   -2.5194490311e+01    7.3013708304e-01    1.3440000000e+03    2.7953312536e-02    5.7253534226e-01
       352   -5.9184640829e+00    3.5060351602e+01   -9.7100163998e+00    3.7915523169e+00    7.6255483576e+00    7.0352107511e+00   -2.5159788622e+01    7.8901311317e-01    1.3440000000e+03    2.7876702865e-02    5.7139508929e-01
       353   -5.9170673498e+00    3.5047994841e+01   -9.6269784231e+00    3.7099110733e+00    7.6725458438e+00    7.0352107511e+00   -2.5065559272e+01    7.3082425370e-01    1.3440000000e+03    2.7887426976e-02    5.7244047619e-01
       354   -5.9130911897e+00    3.4997064952e+01   -9.6708399699e+00    3.7577487803e+00    7.6273014331e+00    7.0352107511e+00   -2.5086140451e+01    7.5278829681e-01    1.3440000000e+03    2.7859767937e-02    5.7186941964e-01
       355   -5.9060957611e+00    3.4906606146e+01   -9.8186175168e+00    3.9125217556e+00    7.6808355815e+00    7.0352107511e+00   -2.5267466762e+01    7.3280291270e-01    1.3440000000e+03    2.7897149622e-02    5.7188430060e-01
       356   -5.9119019685e+00    3.4978497341e+01   -9.7192788136e+00    3.8073768451e+00    7.7079248023e+00    7.0352107511e+00   -2.5208155259e+01    7.4574089224e-01    1.3440000000e+03    2.7928518171e-02    5.7170944940e-01
       357   -5.9123536483e+00    3.4987015581e+01   -9.6845766707e+00    3.7722230224e+00    7.7047439623e+00    7.0352107511e+00   -2.5181057113e+01    7.5652572869e-01    1.3440000000e+03    2.7892251134e-02    5.7169642857e-01
       358   -5.9134363437e+00    3.4996399504e+01   -9.7283200896e+00    3.8148837459e+00    7.6488665614e+00    7.0352107511e+00   -2.5109466692e+01    6.9706929005e-01    1.3440000000e+03    2.7945056230e-02    5.7281250000e-01
       359   -5.9057440191e+00    3.4907093090e+01   -9.7143191527e+00    3.8085751336e+00    7.6709163670e+00    7.0352107511e+00   -2.5170853554e+01    7.5040728305e-01    1.3440000000e+03    2.7904517488e-02    5.7150111607e-01
       360   -5.9184927269e+00    3.5057918562e+01   -9.6876261798e+00    3.7691334530e+00    7.6884831699e+00    7.0352107511e+00   -2.5195412616e+01    7.8409251560e-01    1.3440000000e+03    2.7900737868e-02    5.7202752976e-01
       361   -5.9154449864e+00    3.5023430987e+01   -9.6377742031e+00    3.7223292167e+00    7.6957055995e+00    7.0352107511e+00   -2.5226353808e+01    8.5766325392e-01    1.3440000000e+03    2.7935895997e-02    5.7200892857e-01
       362   -5.9216731582e+00    3.5098297409e+01   -9.6061819769e+00    3.6845088187e+00    7.7232939460e+00    7.0352107511e+00   -2.5161276425e+01    7.9658975051e-01    1.3440000000e+03    2.7930515305e-02    5.7279389881e-01
       363   -5.9172216895e+00    3.5045349635e+01   -9.7114997630e+00    3.7942780734e+00    7.6409678739e+00    7.0352107511e+00   -2.5166007524e+01    7.7832913602e-01    1.3440000000e+03    2.7866057080e-02    5.7205357143e-01
       364   -5.9190446567e+00    3.5061247058e+01   -9.6831963793e+00    3.7641517226e+00    7.7033917145e+00    7.0352107511e+00   -2.5182167484e+01    7.6036863922e-01    1.3440000000e+03    2.7889673042e-02    5.7243675595e-01
       365   -5.9247255216e+00    3.5134399540e+01   -9.6118152703e+00    3.6870897487e+00    7.6852503042e+00    7.0352107511e+00   -2.5094504218e+01    7.6222789204e-01    1.3440000000e+03    2.7906861941e-02    5.7160900298e-01
       366   -5.9226250731e+00    3.5111596119e+01   -9.6272556755e+00    3.7046306024e+00    7.7043578310e+00    7.0352107511e+00   -2.5174625202e+01    8.0780094447e-01    1.3440000000e+03    2.7914779486e-02    5.7203125000e-01
       367   -5.9135880246e+00    3.4998985140e+01   -9.7699401301e+00    3.8563521055e+00    7.6947947367e+00    7.0352107511e+00   -2.5258270611e+01    7.5832499334e-01    1.3440000000e+03    2.7914572257e-02    5.7169084821e-01
       368   -5.9099307035e+00    3.4968870447e+01   -9.7293336775e+00    3.8194029740e+00    7.6980410028e+00    7.0352107511e+00   -2.5191451494e+01    7.2886606245e-01    1.3440000000e+03    2.7916401003e-02    5.7116629464e-01
       369   -5.9090641507e+00    3.4955542854e+01   -9.6684419550e+00    3.7593778043e+00    7.7000343283e+00    7.0352107511e+00   -2.5217750185e+01    8.1406315101e-01    1.3440000000e+03    2.7889804264e-02    5.7159970238e-01
       370   -5.9156448338e+00    3.5023714654e+01   -9.5031846300e+00    3.5875397961e+00    7.6609952720e+00    7.0352107511e+00   -2.5015713839e+01    8.1632318633e-01    1.3440000000e+03    2.7872657477e-02    5.7126488095e-01
       371   -5.9211528997e+00    3.5088923708e+01   -9.6611269479e+00    3.7399740482e+00    7.6987162313e+00    7.0352107511e+00   -2.5151299250e+01    7.5624532003e-01    1.3440000000e+03    2.7930011154e-02    5.7384486607e-01
       372   -5.9161228218e+00    3.5029855460e+01   -9.6651434028e+00    3.7490205809e+00    7.6797239629e+00    7.0352107511e+00   -2.5096312841e+01    7.1623472382e-01    1.3440000000e+03    2.7899547054e-02    5.7295200893e-01
       373   -5.9130298969e+00    3.4991548863e+01   -9.8695181426e+00    3.9564882456e+00    7.6888469142e+00    7.0352107511e+00   -2.5364856180e+01    7.7128037189e-01    1.3440000000e+03    2.7890598026e-02    5.7270275298e-01
       374   -5.9146965298e+00    3.5012705735e+01   -9.7439618459e+00    3.8292653160e+00    7.6969834715e+00    7.0352107511e+00   -2.5207660640e+01    7.3150457197e-01    1.3440000000e+03    2.7937952830e-02    5.7293712798e-01
       375   -5.9159114256e+00    3.5027708597e+01   -9.6075233469e+00    3.6916119212e+00    7.7316799484e+00    7.0352107511e+00   -2.5082498629e+01    7.0808458297e-01    1.3440000000e+03    2.7953161996e-02    5.7363467262e-01
       376   -5.9209218816e+00    3.5096786997e+01   -9.6951152240e+00    3.7741933424e+00    7.7514691094e+00    7.0352107511e+00   -2.5283295593e+01    8.0150050865e-01    1.3440000000e+03    2.7937509150e-02    5.7249441964e-01
       377   -5.9304410797e+00    3.5215677756e+01   -9.5665969050e+00    3.6361558253e+00    7.7002996901e+00    7.0352107511e+00   -2.5153181063e+01    8.5107371713e-01    1.3440000000e+03    2.7912597199e-02    5.7227864583e-01
       378   -5.9093909421e+00    3.4970780249e+01   -9.6282850731e+00    3.7188941311e+00    7.7453306731e+00    7.0352107511e+00   -2.5138053229e+01    7.2922673209e-01    1.3440000000e+03    2.7936145052e-02    5.7273809524e-01
       379   -5.9203193271e+00    3.5084629067e+01   -9.6812187320e+00    3.7608994049e+00    7.7281849139e+00    7.0352107511e+00   -2.5268375348e+01    8.2376095120e-01    1.3440000000e+03    2.7907004987e-02    5.7166480655e-01
       380   -5.9192317310e+00    3.5070159899e+01   -9.7678425249e+00    3.8486107939e+00    7.6921084097e+00    7.0352107511e+00   -2.5248203726e+01    7.5304204069e-01    1.3440000000e+03    2.7899864393e-02    5.7099144345e-01
       381   -5.9163581120e+00    3.5035036210e+01   -9.7468485739e+00    3.8304904619e+00    7.6798541192e+00    7.0352107511e+00   -2.5264477522e+01    8.0256407801e-01    1.3440000000e+03    2.7900261637e-02    5.7173549107e-01
       382   -5.9054460373e+00    3.4908071811e+01   -9.6577073860e+00    3.7522613488e+00    7.7203306049e+00    7.0352107511e+00   -2.5162068233e+01    7.4881949126e-01    1.3440000000e+03    2.7941179796e-02    5.7200706845e-01
       383   -5.9151595882e+00    3.5019879634e+01   -9.5807924233e+00    3.6656328351e+00    7.6868932370e+00    7.0352107511e+00   -2.5117506032e+01    8.1460962102e-01    1.3440000000e+03    2.7889263508e-02    5.7255394345e-01
       384   -5.9231024187e+00    3.5113618524e+01   -9.5913721219e+00    3.6682697032e+00    7.6705957346e+00    7.0352107511e+00   -2.5079774407e+01    7.8259579937e-01    1.3440000000e+03    2.7914423378e-02    5.7218377976e-01
       385   -5.9113151816e+00    3.4973138594e+01   -9.8028909127e+00    3.8915757311e+00    7.7285587106e+00    7.0352107511e+00   -2.5290878113e+01    7.2421773866e-01    1.3440000000e+03    2.7918770271e-02    5.7306175595e-01
       386   -5.9192658454e+00    3.5070273954e+01   -9.6842945346e+00    3.7650286892e+00    7.6997353596e+00    7.0352107511e+00   -2.5179581062e+01    7.6034041645e-01    1.3440000000e+03    2.7955288566e-02    5.7207403274e-01
       387   -5.9107780635e+00    3.4970250840e+01   -9.6712344936e+00    3.7604564301e+00    7.7196398501e+00    7.0352107511e+00   -2.5235215698e+01    8.0913060284e-01    1.3440000000e+03    2.7947526603e-02    5.7317150298e-01
       388   -5.9226985064e+00    3.5118589492e+01   -9.6918162656e+00    3.7691177592e+00    7.6954381390e+00    7.0352107511e+00   -2.5252452058e+01    8.2998690266e-01    1.3440000000e+03    2.7954414615e-02    5.7336867560e-01
       389   -5.9211207710e+00    3.5095488291e+01   -9.7111271900e+00    3.7900064189e+00    7.6983474695e+00    7.0352107511e+00   -2.5237482567e+01    7.9279715687e-01    1.3440000000e+03    2.7942426909e-02    5.7136160714e-01
       390   -5.9140709001e+00    3.5006199984e+01   -9.8065210380e+00    3.8924501379e+00    7.7174931118e+00    7.0352107511e+00   -2.5325034633e+01    7.6580973247e-01    1.3440000000e+03    2.7943185112e-02    5.7357514881e-01
       391   -5.9229783343e+00    3.5116416205e+01   -9.6951747473e+00    3.7721964130e+00    7.7145949272e+00    7.0352107511e+00   -2.5158828972e+01    7.1384854640e-01    1.3440000000e+03    2.7922894838e-02    5.7124627976e-01
       392   -5.9170420031e+00    3.5043442468e+01   -9.6849083566e+00    3.7678663535e+00    7.6779861907e+00    7.0352107511e+00   -2.5165764216e+01    7.6765891768e-01    1.3440000000e+03    2.7882169934e-02    5.7215587798e-01
       393   -5.9198991680e+00    3.5076242074e+01   -9.7420647288e+00    3.8221655608e+00    7.7182336217e+00    7.0352107511e+00   -2.5267397300e+01    7.7188819798e-01    1.3440000000e+03    2.7934814388e-02    5.7191406250e-01
       394   -5.9163740457e+00    3.5043002661e+01   -9.7961165736e+00    3.8797425279e+00    7.6872198484e+00    7.0352107511e+00   -2.5248664654e+01    7.3011748087e-01    1.3440000000e+03    2.7895474218e-02    5.7319940476e-01
       395   -5.9126264609e+00    3.4992598207e+01   -9.6592213099e+00    3.7465948490e+00    7.6209883685e+00    7.0352107511e+00   -2.5089914325e+01    7.7449389518e-01    1.3440000000e+03    2.7832775119e-02    5.7165364583e-01
       396   -5.9162153384e+00    3.5038878706e+01   -9.7091734885e+00    3.7929581501e+00    7.6722361253e+00    7.0352107511e+00   -2.5192807668e+01    7.7618730294e-01    1.3440000000e+03    2.7890194314e-02    5.7215773810e-01
       397   -5.9234205620e+00    3.5118244181e+01   -9.6615439690e+00    3.7381234070e+00    7.7479615541e+00    7.0352107511e+00   -2.5314179072e+01    8.6946279741e-01    1.3440000000e+03    2.7951571908e-02    5.7224144345e-01
       398   -5.9186835377e+00    3.5062841089e+01   -9.6766330484e+00    3.7579495107e+00    7.6706331759e+00    7.0352107511e+00   -2.5124958220e+01    7.4248124480e-01    1.3440000000e+03    2.7925973689e-02    5.7187872024e-01
       399   -5.9168499386e+00    3.5045837716e+01   -9.5614588227e+00    3.6446088841e+00    7.6754087481e+00    7.0352107511e+00   -2.5060844931e+01    7.8876660957e-01    1.3440000000e+03    2.7922834126e-02    5.7230840774e-01
