#  Lmax = 2 nonlocal L channels2
#  Units = bohr hartree 
#  r  -r*V/zeff   Vnl ... 
2.210000000000e-03       8.186881278491e-03       4.118140452119e+01       1.795274924896e+01
1.921000000000e-02       7.106546611794e-02       4.110598363543e+01       1.793544094017e+01
3.621000000000e-02       1.335068476133e-01       4.091174627055e+01       1.789074107250e+01
5.321000000000e-02       1.951916885151e-01       4.060110783711e+01       1.781887786757e+01
7.021000000000e-02       2.558685161654e-01       4.017788678768e+01       1.772021483206e+01
8.721000000000e-02       3.153506555392e-01       3.964721677130e+01       1.759524882898e+01
1.042100000000e-01       3.735105930037e-01       3.901542356148e+01       1.744460568009e+01
1.212100000000e-01       4.302721643051e-01       3.828987296232e+01       1.726903434210e+01
1.382100000000e-01       4.856011397179e-01       3.747880066539e+01       1.706940030300e+01
1.552100000000e-01       5.394947549833e-01       3.659112556861e+01       1.684667783497e+01
1.722100000000e-01       5.919708134743e-01       3.563625461079e+01       1.660194137612e+01
1.892100000000e-01       6.430569588590e-01       3.462388658645e+01       1.633635631369e+01
2.062100000000e-01       6.927806687934e-01       3.356381790384e+01       1.605116887462e+01
2.232100000000e-01       7.411604602280e-01       3.246575962781e+01       1.574769574252e+01
2.402100000000e-01       7.881986959799e-01       3.133916802617e+01       1.542731314849e+01
2.572100000000e-01       8.338762758776e-01       3.019309393218e+01       1.509144571195e+01
2.742100000000e-01       8.781493635156e-01       2.903605453779e+01       1.474155528666e+01
2.912100000000e-01       9.209482061948e-01       2.787592841626e+01       1.437912962263e+01
3.082100000000e-01       9.621779507604e-01       2.671987644854e+01       1.400567134370e+01
3.252100000000e-01       1.001721293407e+00       2.557428767047e+01       1.362268707310e+01
3.422100000000e-01       1.039442691162e+00       2.444474974356e+01       1.323167692894e+01
3.592100000000e-01       1.075193801988e+00       2.333604242622e+01       1.283412457104e+01
3.762100000000e-01       1.108819790452e+00       2.225215159377e+01       1.243148768013e+01
3.932100000000e-01       1.140166100480e+00       2.119630120826e+01       1.202518919472e+01
4.102100000000e-01       1.169085315392e+00       2.017100003953e+01       1.161660918913e+01
4.272100000000e-01       1.195443740641e+00       1.917809992053e+01       1.120707752188e+01
4.442100000000e-01       1.219127399651e+00       1.821886210304e+01       1.079786733688e+01
4.612100000000e-01       1.240047165725e+00       1.729402877886e+01       1.039018933410e+01
4.782100000000e-01       1.258142850824e+00       1.640389653188e+01       9.985186956176e+00
4.952100000000e-01       1.273386106018e+00       1.554838934400e+01       9.583932400013e+00
5.122100000000e-01       1.285782077184e+00       1.472712884309e+01       9.187423487075e+00
5.292100000000e-01       1.295369831174e+00       1.393949990784e+01       8.796581384867e+00
5.462100000000e-01       1.302221589647e+00       1.318471049185e+01       8.412249113582e+00
5.632100000000e-01       1.306440909868e+00       1.246184449032e+01       8.035190843466e+00
5.802100000000e-01       1.308159938327e+00       1.176990731414e+01       7.666091909618e+00
5.972100000000e-01       1.307535920502e+00       1.110786393039e+01       7.305559508046e+00
6.142100000000e-01       1.304747161737e+00       1.047466948539e+01       6.954124010044e+00
6.312100000000e-01       1.299988617645e+00       9.869293000005e+00       6.612240843032e+00
6.482100000000e-01       1.293467318307e+00       9.290734620142e+00       6.280292863354e+00
6.652100000000e-01       1.285397788497e+00       8.738037219000e+00       5.958593167757e+00
6.822100000000e-01       1.275997623962e+00       8.210293120594e+00       5.647388276922e+00
6.992100000000e-01       1.265483352174e+00       7.706646771128e+00       5.346861612349e+00
7.162100000000e-01       1.254066682017e+00       7.226294209266e+00       5.057137233783e+00
7.332100000000e-01       1.241951215986e+00       6.768480086939e+00       4.778283740164e+00
7.502100000000e-01       1.229329676365e+00       6.332492979675e+00       4.510318305671e+00
7.672100000000e-01       1.216381669239e+00       5.917659612992e+00       4.253210787452e+00
7.842100000000e-01       1.203271982351e+00       5.523338538505e+00       4.006887840316e+00
8.012100000000e-01       1.190149410004e+00       5.148913725953e+00       3.771237027893e+00
8.182100000000e-01       1.177146058786e+00       4.793788397397e+00       3.546110848663e+00
8.352100000000e-01       1.164377099890e+00       4.457379385789e+00       3.331330673245e+00
8.522100000000e-01       1.151940911741e+00       4.139112193619e+00       3.126690550922e+00
8.692100000000e-01       1.139919550406e+00       3.838416848190e+00       2.931960847480e+00
8.862100000000e-01       1.128379500383e+00       3.554724634591e+00       2.746891723330e+00
9.032100000000e-01       1.117372633586e+00       3.287465670939e+00       2.571216400523e+00
9.202100000000e-01       1.106937331420e+00       3.036067318820e+00       2.404654233455e+00
9.372100000000e-01       1.097099714534e+00       2.799953354875e+00       2.246913565272e+00
9.542100000000e-01       1.087874931139e+00       2.578543805685e+00       2.097694357048e+00
9.712100000000e-01       1.079268471596e+00       2.371255384856e+00       1.956690610434e+00
9.882100000000e-01       1.071277466364e+00       2.177502392870e+00       1.823592560290e+00
1.005210000000e+00       1.063891946232e+00       1.996698010835e+00       1.698088660888e+00
1.022210000000e+00       1.057096040318e+00       1.828255881342e+00       1.579867364859e+00
1.039210000000e+00       1.050869094354e+00       1.671591876767e+00       1.468618697871e+00
1.056210000000e+00       1.045186701312e+00       1.526126001817e+00       1.364035652657e+00
1.073210000000e+00       1.040021633520e+00       1.391284328713e+00       1.265815396995e+00
1.090210000000e+00       1.035344675650e+00       1.266500928577e+00       1.173660319259e+00
1.107210000000e+00       1.031125357129e+00       1.151219739861e+00       1.087278918815e+00
1.124210000000e+00       1.027332586224e+00       1.044896327491e+00       1.006386550517e+00
1.141210000000e+00       1.023935190387e+00       9.469995177571e-01       9.307060434716e-01
1.158210000000e+00       1.020902368072e+00       8.570128674098e-01       8.599681969239e-01
1.175210000000e+00       1.018204058756e+00       7.744359651151e-01       7.939121717326e-01
1.192210000000e+00       1.015811238199e+00       6.987855502909e-01       7.322857859235e-01
1.209210000000e+00       1.013696146946e+00       6.295964433907e-01       6.748457235897e-01
1.226210000000e+00       1.011832458738e+00       5.664222948903e-01       6.213576710166e-01
1.243210000000e+00       1.010195397410e+00       5.088361500097e-01       5.715963848801e-01
1.260210000000e+00       1.008761808508e+00       4.564308416690e-01       5.253457043345e-01
1.277210000000e+00       1.007510192673e+00       4.088192188348e-01       4.823985134687e-01
1.294210000000e+00       1.006420707608e+00       3.656342219717e-01       4.425566608378e-01
1.311210000000e+00       1.005475143160e+00       3.265288180981e-01       4.056308438485e-01
1.328210000000e+00       1.004656876147e+00       2.911758088216e-01       3.714404621884e-01
1.345210000000e+00       1.003950808453e+00       2.592675244234e-01       3.398134464437e-01
1.362210000000e+00       1.003343292871e+00       2.305154174034e-01       3.105860658731e-01
1.379210000000e+00       1.002822050662e+00       2.046495705505e-01       2.836027193918e-01
1.396210000000e+00       1.002376082863e+00       1.814181292194e-01       2.587157131139e-01
1.413210000000e+00       1.001995579093e+00       1.605866743507e-01       2.357850275550e-01
1.430210000000e+00       1.001671825115e+00       1.419375447355e-01       2.146780768697e-01
1.447210000000e+00       1.001397111232e+00       1.252691205744e-01       1.952694622948e-01
1.464210000000e+00       1.001164643174e+00       1.103950805010e-01       1.774407220870e-01
1.481210000000e+00       1.000968455906e+00       9.714363700709e-02       1.610800787109e-01
1.498210000000e+00       1.000803331925e+00       8.535676401510e-02       1.460821856718e-01
1.515210000000e+00       1.000664724051e+00       7.488942010388e-02       1.323478743212e-01
1.532210000000e+00       1.000548683318e+00       6.560877555520e-02       1.197839018714e-01
1.549210000000e+00       1.000451792300e+00       5.739345086953e-02       1.083027019888e-01
1.566210000000e+00       1.000371103572e+00       5.013276768981e-02       9.782213750891e-02
1.583210000000e+00       1.000304083687e+00       4.372602135946e-02       8.826525730820e-02
1.600210000000e+00       1.000248562220e+00       3.808177496337e-02       7.956005676316e-02
1.617210000000e+00       1.000202685792e+00       3.311717915190e-02       7.163924263067e-02
1.634210000000e+00       1.000164876907e+00       2.875732140455e-02       6.444000329123e-02
1.651210000000e+00       1.000133797094e+00       2.493460317289e-02       5.790378346383e-02
1.668210000000e+00       1.000108314298e+00       2.158815000659e-02       5.197606518483e-02
1.685210000000e+00       1.000087474006e+00       1.866325249115e-02       4.660615417802e-02
1.702210000000e+00       1.000070473865e+00       1.611083945724e-02       4.174697225326e-02
1.719210000000e+00       1.000056641498e+00       1.388698439481e-02       3.735485642019e-02
1.736210000000e+00       1.000045415126e+00       1.195244241401e-02       3.338936374640e-02
1.753210000000e+00       1.000036326789e+00       1.027221992116e-02       2.981308346210e-02
1.770210000000e+00       1.000028987830e+00       8.815174146207e-03       2.659145539065e-02
1.787210000000e+00       1.000023076396e+00       7.553642327737e-03       2.369259516904e-02
1.804210000000e+00       1.000018326741e+00       6.463100022485e-03       2.108712671995e-02
1.821210000000e+00       1.000014520071e+00       5.521845765128e-03       1.874802105238e-02
1.838210000000e+00       1.000011476772e+00       4.710712535324e-03       1.665044253603e-02
1.855210000000e+00       1.000009049810e+00       4.012803312474e-03       1.477160177318e-02
1.872210000000e+00       1.000007119164e+00       3.413249815261e-03       1.309061534637e-02
1.889210000000e+00       1.000005587140e+00       2.898993346379e-03       1.158837268535e-02
1.906210000000e+00       1.000004374436e+00       2.458585384358e-03       1.024740922046e-02
1.923210000000e+00       1.000003416863e+00       2.082007590737e-03       9.051786597193e-03
1.940210000000e+00       1.000002662607e+00       1.760509050444e-03       7.986979159635e-03
1.957210000000e+00       1.000002069957e+00       1.486459721509e-03       7.039766806798e-03
1.974210000000e+00       1.000001605431e+00       1.253219003347e-03       6.198134281666e-03
1.991210000000e+00       1.000001242220e+00       1.055017663470e-03       5.451176168874e-03
2.008210000000e+00       1.000000958921e+00       8.868525637623e-04       4.789008055287e-03
2.025210000000e+00       1.000000738492e+00       7.443926261722e-04       4.202683168327e-03
2.042210000000e+00       1.000000567397e+00       6.238951757033e-04       3.684114465161e-03
2.059210000000e+00       1.000000434919e+00       5.221317905740e-04       3.226002106186e-03
2.076210000000e+00       1.000000332591e+00       4.363224685310e-04       2.821765709974e-03
2.093210000000e+00       1.000000253743e+00       3.640775958295e-04       2.465481607190e-03
2.110210000000e+00       1.000000193134e+00       3.033466997960e-04       2.151824530181e-03
2.127210000000e+00       1.000000146658e+00       2.523733663684e-04       1.876013635356e-03
2.144210000000e+00       1.000000111106e+00       2.096557186586e-04       1.633762726528e-03
2.161210000000e+00       1.000000083975e+00       1.739117143068e-04       1.421234201854e-03
2.178210000000e+00       1.000000063321e+00       1.440488830036e-04       1.234996791919e-03
2.195210000000e+00       1.000000047636e+00       1.191378883459e-04       1.071986650589e-03
2.212210000000e+00       1.000000035752e+00       9.838951630395e-05       9.294716679461e-04
2.229210000000e+00       1.000000026770e+00       8.113471237302e-05       8.050188572584e-04
2.246210000000e+00       1.000000019998e+00       6.680723630096e-05       6.964644572595e-04
2.263210000000e+00       1.000000014905e+00       5.492869065881e-05       6.018867382008e-04
2.280210000000e+00       1.000000011082e+00       4.509557548844e-05       5.195811886489e-04
2.297210000000e+00       1.000000008221e+00       3.696813502641e-05       4.480379575989e-04
2.314210000000e+00       1.000000006085e+00       3.026077876741e-05       3.859214177285e-04
2.331210000000e+00       1.000000004493e+00       2.473384231426e-05       3.320515942948e-04
2.348210000000e+00       1.000000003310e+00       2.018654574127e-05       2.853874165235e-04
2.365210000000e+00       1.000000002432e+00       1.645096508082e-05       2.450115660611e-04
2.382210000000e+00       1.000000001784e+00       1.338688922006e-05       2.101168187951e-04
2.399210000000e+00       1.000000001305e+00       1.087744539214e-05       1.799937735584e-04
2.416210000000e+00       1.000000000952e+00       8.825373226347e-06       1.540197946314e-04
2.433210000000e+00       1.000000000693e+00       7.149870648396e-06       1.316491205344e-04
2.450210000000e+00       1.000000000504e+00       5.783919490679e-06       1.124039893998e-04
2.467210000000e+00       1.000000000365e+00       4.672025547807e-06       9.586670396513e-05
2.484210000000e+00       1.000000000264e+00       3.768314436931e-06       8.167255906886e-05
2.501210000000e+00       1.000000000190e+00       3.034925156867e-06       6.950352021952e-05
2.518210000000e+00       1.000000000137e+00       2.440662740796e-06       5.908261307826e-05
2.535210000000e+00       1.000000000098e+00       1.959866592394e-06       5.016892951584e-05
2.552210000000e+00       1.000000000071e+00       1.571462995369e-06       4.255319718478e-05
2.569210000000e+00       1.000000000050e+00       1.258174182715e-06       3.605386109353e-05
2.586210000000e+00       1.000000000036e+00       1.005857134400e-06       3.051360853534e-05
2.603210000000e+00       1.000000000026e+00       8.029541897773e-07       2.579630824409e-05
2.620210000000e+00       1.000000000018e+00       6.400356908174e-07       2.178430663341e-05
2.637210000000e+00       1.000000000013e+00       5.094206228851e-07       1.837604736954e-05
2.654210000000e+00       1.000000000009e+00       4.048627467199e-07       1.548398164834e-05
2.671210000000e+00       1.000000000006e+00       3.212906051639e-07       1.303272896052e-05
2.688210000000e+00       1.000000000005e+00       2.686266362499e-07       1.156453255807e-05
2.705210000000e+00       1.000000000003e+00       0.000000000000e+00       0.000000000000e+00
2.722210000000e+00       1.000000000002e+00       0.000000000000e+00       0.000000000000e+00
2.739210000000e+00       1.000000000002e+00       0.000000000000e+00       0.000000000000e+00
2.756210000000e+00       1.000000000001e+00       0.000000000000e+00       0.000000000000e+00
2.773210000000e+00       1.000000000001e+00       0.000000000000e+00       0.000000000000e+00
2.790210000000e+00       1.000000000001e+00       0.000000000000e+00       0.000000000000e+00
2.807210000000e+00       1.000000000000e+00       0.000000000000e+00       0.000000000000e+00
2.824210000000e+00       1.000000000000e+00       0.000000000000e+00       0.000000000000e+00
2.841210000000e+00       1.000000000000e+00       0.000000000000e+00       0.000000000000e+00
2.858210000000e+00       1.000000000000e+00       0.000000000000e+00       0.000000000000e+00
2.875210000000e+00       1.000000000000e+00       0.000000000000e+00       0.000000000000e+00
2.892210000000e+00       1.000000000000e+00       0.000000000000e+00       0.000000000000e+00
2.909210000000e+00       1.000000000000e+00       0.000000000000e+00       0.000000000000e+00
2.926210000000e+00       1.000000000000e+00       0.000000000000e+00       0.000000000000e+00
2.943210000000e+00       1.000000000000e+00       0.000000000000e+00       0.000000000000e+00
2.960210000000e+00       1.000000000000e+00       0.000000000000e+00       0.000000000000e+00
2.977210000000e+00       1.000000000000e+00       0.000000000000e+00       0.000000000000e+00
2.994210000000e+00       1.000000000000e+00       0.000000000000e+00       0.000000000000e+00
3.011210000000e+00       1.000000000000e+00       0.000000000000e+00       0.000000000000e+00
3.028210000000e+00       1.000000000000e+00       0.000000000000e+00       0.000000000000e+00
3.045210000000e+00       1.000000000000e+00       0.000000000000e+00       0.000000000000e+00
3.062210000000e+00       1.000000000000e+00       0.000000000000e+00       0.000000000000e+00
3.079210000000e+00       1.000000000000e+00       0.000000000000e+00       0.000000000000e+00
3.096210000000e+00       1.000000000000e+00       0.000000000000e+00       0.000000000000e+00
3.113210000000e+00       1.000000000000e+00       0.000000000000e+00       0.000000000000e+00
3.130210000000e+00       1.000000000000e+00       0.000000000000e+00       0.000000000000e+00
3.147210000000e+00       1.000000000000e+00       0.000000000000e+00       0.000000000000e+00
3.164210000000e+00       1.000000000000e+00       0.000000000000e+00       0.000000000000e+00
3.181210000000e+00       1.000000000000e+00       0.000000000000e+00       0.000000000000e+00
3.198210000000e+00       1.000000000000e+00       0.000000000000e+00       0.000000000000e+00
3.215210000000e+00       1.000000000000e+00       0.000000000000e+00       0.000000000000e+00
3.232210000000e+00       1.000000000000e+00       0.000000000000e+00       0.000000000000e+00
3.249210000000e+00       1.000000000000e+00       0.000000000000e+00       0.000000000000e+00
3.266210000000e+00       1.000000000000e+00       0.000000000000e+00       0.000000000000e+00
3.283210000000e+00       1.000000000000e+00       0.000000000000e+00       0.000000000000e+00
3.300210000000e+00       1.000000000000e+00       0.000000000000e+00       0.000000000000e+00
3.317210000000e+00       1.000000000000e+00       0.000000000000e+00       0.000000000000e+00
3.334210000000e+00       1.000000000000e+00       0.000000000000e+00       0.000000000000e+00
3.351210000000e+00       1.000000000000e+00       0.000000000000e+00       0.000000000000e+00
3.368210000000e+00       1.000000000000e+00       0.000000000000e+00       0.000000000000e+00
3.385210000000e+00       1.000000000000e+00       0.000000000000e+00       0.000000000000e+00
3.402210000000e+00       1.000000000000e+00       0.000000000000e+00       0.000000000000e+00
3.419210000000e+00       1.000000000000e+00       0.000000000000e+00       0.000000000000e+00
3.436210000000e+00       1.000000000000e+00       0.000000000000e+00       0.000000000000e+00
3.453210000000e+00       1.000000000000e+00       0.000000000000e+00       0.000000000000e+00
3.470210000000e+00       1.000000000000e+00       0.000000000000e+00       0.000000000000e+00
3.487210000000e+00       1.000000000000e+00       0.000000000000e+00       0.000000000000e+00
3.504210000000e+00       1.000000000000e+00       0.000000000000e+00       0.000000000000e+00
3.521210000000e+00       1.000000000000e+00       0.000000000000e+00       0.000000000000e+00
3.538210000000e+00       1.000000000000e+00       0.000000000000e+00       0.000000000000e+00
3.555210000000e+00       1.000000000000e+00       0.000000000000e+00       0.000000000000e+00
3.572210000000e+00       1.000000000000e+00       0.000000000000e+00       0.000000000000e+00
3.589210000000e+00       1.000000000000e+00       0.000000000000e+00       0.000000000000e+00
3.606210000000e+00       1.000000000000e+00       0.000000000000e+00       0.000000000000e+00
3.623210000000e+00       1.000000000000e+00       0.000000000000e+00       0.000000000000e+00
3.640210000000e+00       1.000000000000e+00       0.000000000000e+00       0.000000000000e+00
3.657210000000e+00       1.000000000000e+00       0.000000000000e+00       0.000000000000e+00
3.674210000000e+00       1.000000000000e+00       0.000000000000e+00       0.000000000000e+00
3.691210000000e+00       1.000000000000e+00       0.000000000000e+00       0.000000000000e+00
3.708210000000e+00       1.000000000000e+00       0.000000000000e+00       0.000000000000e+00
3.725210000000e+00       1.000000000000e+00       0.000000000000e+00       0.000000000000e+00
3.742210000000e+00       1.000000000000e+00       0.000000000000e+00       0.000000000000e+00
3.759210000000e+00       1.000000000000e+00       0.000000000000e+00       0.000000000000e+00
3.776210000000e+00       1.000000000000e+00       0.000000000000e+00       0.000000000000e+00
3.793210000000e+00       1.000000000000e+00       0.000000000000e+00       0.000000000000e+00
3.810210000000e+00       1.000000000000e+00       0.000000000000e+00       0.000000000000e+00
3.827210000000e+00       1.000000000000e+00       0.000000000000e+00       0.000000000000e+00
3.844210000000e+00       1.000000000000e+00       0.000000000000e+00       0.000000000000e+00
3.861210000000e+00       1.000000000000e+00       0.000000000000e+00       0.000000000000e+00
3.878210000000e+00       1.000000000000e+00       0.000000000000e+00       0.000000000000e+00
3.895210000000e+00       1.000000000000e+00       0.000000000000e+00       0.000000000000e+00
3.912210000000e+00       1.000000000000e+00       0.000000000000e+00       0.000000000000e+00
3.929210000000e+00       1.000000000000e+00       0.000000000000e+00       0.000000000000e+00
3.946210000000e+00       1.000000000000e+00       0.000000000000e+00       0.000000000000e+00
3.963210000000e+00       1.000000000000e+00       0.000000000000e+00       0.000000000000e+00
3.980210000000e+00       1.000000000000e+00       0.000000000000e+00       0.000000000000e+00
3.997210000000e+00       1.000000000000e+00       0.000000000000e+00       0.000000000000e+00
4.014210000000e+00       1.000000000000e+00       0.000000000000e+00       0.000000000000e+00
4.031210000000e+00       1.000000000000e+00       0.000000000000e+00       0.000000000000e+00
4.048210000000e+00       1.000000000000e+00       0.000000000000e+00       0.000000000000e+00
4.065210000000e+00       1.000000000000e+00       0.000000000000e+00       0.000000000000e+00
4.082210000000e+00       1.000000000000e+00       0.000000000000e+00       0.000000000000e+00
4.099210000000e+00       1.000000000000e+00       0.000000000000e+00       0.000000000000e+00
4.116210000000e+00       1.000000000000e+00       0.000000000000e+00       0.000000000000e+00
4.133210000000e+00       1.000000000000e+00       0.000000000000e+00       0.000000000000e+00
4.150210000000e+00       1.000000000000e+00       0.000000000000e+00       0.000000000000e+00
4.167210000000e+00       1.000000000000e+00       0.000000000000e+00       0.000000000000e+00
4.184210000000e+00       1.000000000000e+00       0.000000000000e+00       0.000000000000e+00
4.201210000000e+00       1.000000000000e+00       0.000000000000e+00       0.000000000000e+00
4.218210000000e+00       1.000000000000e+00       0.000000000000e+00       0.000000000000e+00
4.235210000000e+00       1.000000000000e+00       0.000000000000e+00       0.000000000000e+00
4.252210000000e+00       1.000000000000e+00       0.000000000000e+00       0.000000000000e+00
4.269210000000e+00       1.000000000000e+00       0.000000000000e+00       0.000000000000e+00
4.286210000000e+00       1.000000000000e+00       0.000000000000e+00       0.000000000000e+00
4.303210000000e+00       1.000000000000e+00       0.000000000000e+00       0.000000000000e+00
4.320210000000e+00       1.000000000000e+00       0.000000000000e+00       0.000000000000e+00
4.337210000000e+00       1.000000000000e+00       0.000000000000e+00       0.000000000000e+00
4.354210000000e+00       1.000000000000e+00       0.000000000000e+00       0.000000000000e+00
4.371210000000e+00       1.000000000000e+00       0.000000000000e+00       0.000000000000e+00
4.388210000000e+00       1.000000000000e+00       0.000000000000e+00       0.000000000000e+00
4.405210000000e+00       1.000000000000e+00       0.000000000000e+00       0.000000000000e+00
4.422210000000e+00       1.000000000000e+00       0.000000000000e+00       0.000000000000e+00
4.439210000000e+00       1.000000000000e+00       0.000000000000e+00       0.000000000000e+00
4.456210000000e+00       1.000000000000e+00       0.000000000000e+00       0.000000000000e+00
4.473210000000e+00       1.000000000000e+00       0.000000000000e+00       0.000000000000e+00
4.490210000000e+00       1.000000000000e+00       0.000000000000e+00       0.000000000000e+00
4.507210000000e+00       1.000000000000e+00       0.000000000000e+00       0.000000000000e+00
4.524210000000e+00       1.000000000000e+00       0.000000000000e+00       0.000000000000e+00
4.541210000000e+00       1.000000000000e+00       0.000000000000e+00       0.000000000000e+00
4.558210000000e+00       1.000000000000e+00       0.000000000000e+00       0.000000000000e+00
4.575210000000e+00       1.000000000000e+00       0.000000000000e+00       0.000000000000e+00
4.592210000000e+00       1.000000000000e+00       0.000000000000e+00       0.000000000000e+00
4.609210000000e+00       1.000000000000e+00       0.000000000000e+00       0.000000000000e+00
4.626210000000e+00       1.000000000000e+00       0.000000000000e+00       0.000000000000e+00
4.643210000000e+00       1.000000000000e+00       0.000000000000e+00       0.000000000000e+00
4.660210000000e+00       1.000000000000e+00       0.000000000000e+00       0.000000000000e+00
4.677210000000e+00       1.000000000000e+00       0.000000000000e+00       0.000000000000e+00
4.694210000000e+00       1.000000000000e+00       0.000000000000e+00       0.000000000000e+00
4.711210000000e+00       1.000000000000e+00       0.000000000000e+00       0.000000000000e+00
4.728210000000e+00       1.000000000000e+00       0.000000000000e+00       0.000000000000e+00
4.745210000000e+00       1.000000000000e+00       0.000000000000e+00       0.000000000000e+00
4.762210000000e+00       1.000000000000e+00       0.000000000000e+00       0.000000000000e+00
4.779210000000e+00       1.000000000000e+00       0.000000000000e+00       0.000000000000e+00
4.796210000000e+00       1.000000000000e+00       0.000000000000e+00       0.000000000000e+00
4.813210000000e+00       1.000000000000e+00       0.000000000000e+00       0.000000000000e+00
4.830210000000e+00       1.000000000000e+00       0.000000000000e+00       0.000000000000e+00
4.847210000000e+00       1.000000000000e+00       0.000000000000e+00       0.000000000000e+00
4.864210000000e+00       1.000000000000e+00       0.000000000000e+00       0.000000000000e+00
4.881210000000e+00       1.000000000000e+00       0.000000000000e+00       0.000000000000e+00
4.898210000000e+00       1.000000000000e+00       0.000000000000e+00       0.000000000000e+00
4.915210000000e+00       1.000000000000e+00       0.000000000000e+00       0.000000000000e+00
4.932210000000e+00       1.000000000000e+00       0.000000000000e+00       0.000000000000e+00
4.949210000000e+00       1.000000000000e+00       0.000000000000e+00       0.000000000000e+00
4.966210000000e+00       1.000000000000e+00       0.000000000000e+00       0.000000000000e+00
4.983210000000e+00       1.000000000000e+00       0.000000000000e+00       0.000000000000e+00
