#   index    LocalEnergy         LocalEnergy_sq      LocalPotential      Kinetic             ElecElec            IonIon              LocalECP            NonLocalECP         BlockWeight         BlockCPU            AcceptRatio         
         0   -6.2611630407e+00    3.9246397482e+01   -1.0330857456e+01    4.0696944158e+00    8.5659937678e+00    7.0352107511e+00   -2.6720391491e+01    7.8832951513e-01    1.6800000000e+02    8.2288361044e-03    5.4250000000e-01
         1   -6.2823975553e+00    3.9522140700e+01   -1.0251632863e+01    3.9692353075e+00    8.5490052487e+00    7.0352107511e+00   -2.6683542067e+01    8.4769320429e-01    1.6800000000e+02    7.8040796077e-03    5.4229166667e-01
         2   -6.2941638415e+00    3.9651702165e+01   -1.0310914288e+01    4.0167504469e+00    8.5080772252e+00    7.0352107511e+00   -2.6541210680e+01    6.8700841540e-01    1.6800000000e+02    7.7252901891e-03    5.4587797619e-01
         3   -6.2561520993e+00    3.9175110260e+01   -1.0149921946e+01    3.8937698469e+00    8.2956367831e+00    7.0352107511e+00   -2.6402587669e+01    9.2181818829e-01    1.6800000000e+02    7.7677721967e-03    5.4712797619e-01
         4   -6.2827104444e+00    3.9501776508e+01   -1.0049203253e+01    3.7664928082e+00    8.5343400861e+00    7.0352107511e+00   -2.6339206346e+01    7.2045225587e-01    1.6800000000e+02    7.7286300089e-03    5.4263392857e-01
         5   -6.2586089020e+00    3.9224239495e+01   -1.0243034176e+01    3.9844252744e+00    8.4685949145e+00    7.0352107511e+00   -2.6511326096e+01    7.6448625432e-01    1.6800000000e+02    7.6598278912e-03    5.3822916667e-01
         6   -6.2472862825e+00    3.9076323840e+01   -1.0606302058e+01    4.3590157752e+00    8.4114527758e+00    7.0352107511e+00   -2.6673423445e+01    6.2045786042e-01    1.6800000000e+02    7.7261640607e-03    5.4197916667e-01
         7   -6.2688601875e+00    3.9348812812e+01   -1.0485212725e+01    4.2163525378e+00    8.3658905924e+00    7.0352107511e+00   -2.6614926987e+01    7.2861291857e-01    1.6800000000e+02    7.6660360154e-03    5.4043154762e-01
         8   -6.3217391037e+00    4.0007948521e+01   -1.0146570418e+01    3.8248313142e+00    8.4805694629e+00    7.0352107511e+00   -2.6562444562e+01    9.0009393019e-01    1.6800000000e+02    7.7245771702e-03    5.4138392857e-01
         9   -6.2427159913e+00    3.9060447854e+01   -1.0104433344e+01    3.8617173524e+00    8.3776241354e+00    7.0352107511e+00   -2.6525522348e+01    1.0082541176e+00    1.6800000000e+02    7.8097747035e-03    5.4403273810e-01
        10   -6.2746276554e+00    3.9400884597e+01   -1.0018595047e+01    3.7439673918e+00    8.3239762861e+00    7.0352107511e+00   -2.6100322234e+01    7.2254014964e-01    1.6800000000e+02    7.7499711215e-03    5.4471726190e-01
        11   -6.2476685736e+00    3.9080057922e+01   -1.0146364479e+01    3.8986959054e+00    8.4715448160e+00    7.0352107511e+00   -2.6532285817e+01    8.7916577059e-01    1.6800000000e+02    7.6884160295e-03    5.4083333333e-01
        12   -6.2635627450e+00    3.9262606023e+01   -1.0317107969e+01    4.0535452239e+00    8.3454316753e+00    7.0352107511e+00   -2.6489423439e+01    7.9167304398e-01    1.6800000000e+02    7.7021513578e-03    5.4095238095e-01
        13   -6.2505993958e+00    3.9137844271e+01   -1.0211141191e+01    3.9605417951e+00    8.4258609093e+00    7.0352107511e+00   -2.6428130162e+01    7.5591731043e-01    1.6800000000e+02    7.7303538509e-03    5.4488095238e-01
        14   -6.2972285327e+00    3.9698170663e+01   -1.0413355608e+01    4.1161270749e+00    8.6333702272e+00    7.0352107511e+00   -2.6780980044e+01    6.9904345822e-01    1.6800000000e+02    7.7532477028e-03    5.4303571429e-01
        15   -6.2707324568e+00    3.9376148875e+01   -1.0173669331e+01    3.9029368738e+00    8.4416395133e+00    7.0352107511e+00   -2.6542519082e+01    8.9199948653e-01    1.6800000000e+02    7.7291176034e-03    5.4174107143e-01
        16   -6.2644122618e+00    3.9297556675e+01   -1.0278040405e+01    4.0136281436e+00    8.3401064006e+00    7.0352107511e+00   -2.6287808038e+01    6.3445048054e-01    1.6800000000e+02    7.7484702481e-03    5.4357142857e-01
        17   -6.2582855405e+00    3.9212837434e+01   -1.0161836836e+01    3.9035512958e+00    8.4082959400e+00    7.0352107511e+00   -2.6348250687e+01    7.4290715966e-01    1.6800000000e+02    7.7333801809e-03    5.4007440476e-01
        18   -6.2659840377e+00    3.9314720298e+01   -1.0138661647e+01    3.8726776091e+00    8.4662392772e+00    7.0352107511e+00   -2.6590543910e+01    9.5043223529e-01    1.6800000000e+02    7.7509293859e-03    5.4105654762e-01
        19   -6.2716079351e+00    3.9373511678e+01   -1.0380076959e+01    4.1084690235e+00    8.3608330086e+00    7.0352107511e+00   -2.6593959902e+01    8.1783918383e-01    1.6800000000e+02    7.7289926953e-03    5.4162202381e-01
        20   -6.2842340754e+00    3.9533031348e+01   -1.0202069729e+01    3.9178356536e+00    8.4501469835e+00    7.0352107511e+00   -2.6455389057e+01    7.6796159334e-01    1.6800000000e+02    7.7681069628e-03    5.4459821429e-01
        21   -6.2836583550e+00    3.9519148724e+01   -1.0565960374e+01    4.2823020192e+00    8.3298994009e+00    7.0352107511e+00   -2.6484816616e+01    5.5374608936e-01    1.6800000000e+02    7.7076495952e-03    5.4229166667e-01
        22   -6.2692714299e+00    3.9398189097e+01   -1.0373988663e+01    4.1047172333e+00    8.4118611607e+00    7.0352107511e+00   -2.6475390145e+01    6.5432957012e-01    1.6800000000e+02    7.7792890592e-03    5.4151785714e-01
        23   -6.2925528163e+00    3.9636120052e+01   -1.0208807010e+01    3.9162541937e+00    8.5238035711e+00    7.0352107511e+00   -2.6560110062e+01    7.9228873030e-01    1.6800000000e+02    7.8052357976e-03    5.4666666667e-01
        24   -6.2484943693e+00    3.9095416449e+01   -1.0315365194e+01    4.0668708243e+00    8.3776768927e+00    7.0352107511e+00   -2.6514388510e+01    7.8613567279e-01    1.6800000000e+02    7.7480966270e-03    5.4494047619e-01
        25   -6.2714747625e+00    3.9374862178e+01   -1.0388738241e+01    4.1172634783e+00    8.5619885236e+00    7.0352107511e+00   -2.6773196202e+01    7.8725868683e-01    1.6800000000e+02    7.7594773583e-03    5.4193452381e-01
        26   -6.2539975421e+00    3.9173684512e+01   -1.0122502931e+01    3.8685053885e+00    8.3840600772e+00    7.0352107511e+00   -2.6314727396e+01    7.7295363725e-01    1.6800000000e+02    7.7121907241e-03    5.4032738095e-01
        27   -6.2897351926e+00    3.9599164936e+01   -1.0223672282e+01    3.9339370893e+00    8.4036565295e+00    7.0352107511e+00   -2.6312533335e+01    6.4999377287e-01    1.6800000000e+02    7.7122259619e-03    5.4372023810e-01
        28   -6.2880403917e+00    3.9585748885e+01   -1.0277606961e+01    3.9895665693e+00    8.3936975296e+00    7.0352107511e+00   -2.6706201602e+01    9.9968636066e-01    1.6800000000e+02    7.7257118121e-03    5.4349702381e-01
        29   -6.2582731926e+00    3.9201942673e+01   -1.0320466921e+01    4.0621937283e+00    8.3351983628e+00    7.0352107511e+00   -2.6443671959e+01    7.5279592415e-01    1.6800000000e+02    7.7280598454e-03    5.4066964286e-01
        30   -6.2462758485e+00    3.9060857096e+01   -1.0098750145e+01    3.8524742963e+00    8.4651092878e+00    7.0352107511e+00   -2.6478235912e+01    8.7916572855e-01    1.6800000000e+02    7.7504218345e-03    5.4220238095e-01
        31   -6.2328224624e+00    3.8897450508e+01   -1.0107814998e+01    3.8749925352e+00    8.5042426402e+00    7.0352107511e+00   -2.6421321942e+01    7.7405355309e-01    1.6800000000e+02    7.7317837526e-03    5.4367559524e-01
        32   -6.2695399878e+00    3.9355587407e+01   -9.9324195802e+00    3.6628795924e+00    8.4664548837e+00    7.0352107511e+00   -2.6231043980e+01    7.9695876551e-01    1.6800000000e+02    7.6875900046e-03    5.4226190476e-01
        33   -6.2878022118e+00    3.9562634326e+01   -1.0581032479e+01    4.2932302668e+00    8.4020026110e+00    7.0352107511e+00   -2.6636340903e+01    6.1809506199e-01    1.6800000000e+02    7.7078212967e-03    5.3974702381e-01
        34   -6.2810012727e+00    3.9483264848e+01   -1.0270002335e+01    3.9890010627e+00    8.2231152406e+00    7.0352107511e+00   -2.6211440497e+01    6.8311217020e-01    1.6800000000e+02    7.6931729952e-03    5.4220238095e-01
        35   -6.2738450351e+00    3.9387732795e+01   -1.0254369944e+01    3.9805249086e+00    8.5932878940e+00    7.0352107511e+00   -2.6567124867e+01    6.8425627803e-01    1.6800000000e+02    7.8362285664e-03    5.4302083333e-01
        36   -6.2762385687e+00    3.9418252254e+01   -1.0303865847e+01    4.0276272781e+00    8.4226606334e+00    7.0352107511e+00   -2.6391986680e+01    6.3024944903e-01    1.6800000000e+02    7.7171115582e-03    5.4284226190e-01
        37   -6.2977239057e+00    3.9711677194e+01   -1.0401960266e+01    4.1042363607e+00    8.6475484676e+00    7.0352107511e+00   -2.6981346250e+01    8.9662676504e-01    1.6800000000e+02    7.7787469768e-03    5.3962797619e-01
        38   -6.2487781009e+00    3.9084298553e+01   -1.0194700617e+01    3.9459225159e+00    8.2964919894e+00    7.0352107511e+00   -2.6223724332e+01    6.9732097423e-01    1.6800000000e+02    7.6985076497e-03    5.4351190476e-01
        39   -6.2449789549e+00    3.9059314984e+01   -1.0286096465e+01    4.0411175102e+00    8.3823303522e+00    7.0352107511e+00   -2.6642318664e+01    9.3868109572e-01    1.6800000000e+02    7.7244495014e-03    5.4261904762e-01
        40   -6.2714847935e+00    3.9359251603e+01   -1.0171845830e+01    3.9003610369e+00    8.4300692541e+00    7.0352107511e+00   -2.6405503306e+01    7.6837747015e-01    1.6800000000e+02    7.7085725636e-03    5.4223214286e-01
        41   -6.2625929245e+00    3.9249128407e+01   -1.0352023295e+01    4.0894303702e+00    8.4360032914e+00    7.0352107511e+00   -2.6540475813e+01    7.1723847606e-01    1.6800000000e+02    7.7272543706e-03    5.4511904762e-01
        42   -6.2593641888e+00    3.9222699046e+01   -9.9993125386e+00    3.7399483498e+00    8.4431295273e+00    7.0352107511e+00   -2.6316414321e+01    8.3876150425e-01    1.6800000000e+02    7.7739018376e-03    5.4571428571e-01
        43   -6.2600055462e+00    3.9252376395e+01   -9.9427914334e+00    3.6827858872e+00    8.4623326646e+00    7.0352107511e+00   -2.6383510716e+01    9.4317586711e-01    1.6800000000e+02    7.7151898683e-03    5.4447916667e-01
        44   -6.2914954672e+00    3.9620991304e+01   -1.0162142481e+01    3.8706470136e+00    8.3380878379e+00    7.0352107511e+00   -2.6269536936e+01    7.3409586630e-01    1.6800000000e+02    7.7461952599e-03    5.4193452381e-01
        45   -6.2926136245e+00    3.9628905624e+01   -1.0282182803e+01    3.9895691786e+00    8.3539981348e+00    7.0352107511e+00   -2.6344164531e+01    6.7277284149e-01    1.6800000000e+02    7.6454536396e-03    5.4078869048e-01
        46   -6.2715153316e+00    3.9363656627e+01   -1.0301321780e+01    4.0298064481e+00    8.4754194761e+00    7.0352107511e+00   -2.6453883554e+01    6.4193154723e-01    1.6800000000e+02    7.7186440467e-03    5.4107142857e-01
        47   -6.2441326393e+00    3.9054514773e+01   -1.0120537652e+01    3.8764050131e+00    8.5942972143e+00    7.0352107511e+00   -2.6590217878e+01    8.4017226006e-01    1.6800000000e+02    7.7896686548e-03    5.4311011905e-01
        48   -6.2693104309e+00    3.9334253087e+01   -1.0199333544e+01    3.9300231129e+00    8.5038949294e+00    7.0352107511e+00   -2.6437489983e+01    6.9905075889e-01    1.6800000000e+02    7.7863553306e-03    5.4616071429e-01
        49   -6.2597514754e+00    3.9264931262e+01   -1.0000351362e+01    3.7405998869e+00    8.4962338116e+00    7.0352107511e+00   -2.6446225575e+01    9.1442964953e-01    1.6800000000e+02    7.7814205156e-03    5.4293154762e-01
        50   -6.2772144174e+00    3.9448585109e+01   -1.0336430232e+01    4.0592158141e+00    8.4081683638e+00    7.0352107511e+00   -2.6649606543e+01    8.6979719659e-01    1.6800000000e+02    7.7167455151e-03    5.3953869048e-01
        51   -6.2793673562e+00    3.9482974708e+01   -1.0269370152e+01    3.9900027958e+00    8.3208883689e+00    7.0352107511e+00   -2.6534514553e+01    9.0904528054e-01    1.6800000000e+02    7.6799396692e-03    5.4072916667e-01
        52   -6.2414758909e+00    3.9017735200e+01   -1.0241400800e+01    3.9999249096e+00    8.3963830648e+00    7.0352107511e+00   -2.6614089672e+01    9.4109505533e-01    1.6800000000e+02    7.6976712388e-03    5.4239583333e-01
        53   -6.2937311640e+00    3.9651817352e+01   -1.0293042269e+01    3.9993111050e+00    8.3457832853e+00    7.0352107511e+00   -2.6256057974e+01    5.8202166840e-01    1.6800000000e+02    7.7025476411e-03    5.3761904762e-01
        54   -6.2879233596e+00    3.9571886461e+01   -1.0021943845e+01    3.7340204857e+00    8.3456967114e+00    7.0352107511e+00   -2.6318254900e+01    9.1540359258e-01    1.6800000000e+02    7.7435539348e-03    5.4305059524e-01
        55   -6.2642486409e+00    3.9283481386e+01   -1.0424921777e+01    4.1606731358e+00    8.4995799393e+00    7.0352107511e+00   -2.6836206341e+01    8.7649387427e-01    1.6800000000e+02    7.7352518925e-03    5.4066964286e-01
        56   -6.2449705959e+00    3.9058521265e+01   -1.0243000875e+01    3.9980302793e+00    8.3154117379e+00    7.0352107511e+00   -2.6447695356e+01    8.5407199211e-01    1.6800000000e+02    7.7869741418e-03    5.4467261905e-01
        57   -6.2889454050e+00    3.9592403226e+01   -1.0322971765e+01    4.0340263598e+00    8.4128597973e+00    7.0352107511e+00   -2.6602047141e+01    8.3100482792e-01    1.6800000000e+02    7.7134351568e-03    5.3781250000e-01
        58   -6.2397475636e+00    3.8979940716e+01   -1.0285020295e+01    4.0452727317e+00    8.4663939540e+00    7.0352107511e+00   -2.6649485961e+01    8.6286096021e-01    1.6800000000e+02    7.6929089347e-03    5.4011904762e-01
        59   -6.2384598944e+00    3.9033279183e+01   -9.9682060467e+00    3.7297461522e+00    8.3907097942e+00    7.0352107511e+00   -2.6205349394e+01    8.1122280155e-01    1.6800000000e+02    7.7173498964e-03    5.4578869048e-01
        60   -6.2636913803e+00    3.9284423077e+01   -1.0030346184e+01    3.7666548040e+00    8.3539583614e+00    7.0352107511e+00   -2.6392474060e+01    9.7295876333e-01    1.6800000000e+02    7.6542709998e-03    5.4032738095e-01
        61   -6.2410915594e+00    3.9007084579e+01   -1.0245090306e+01    4.0039987467e+00    8.5219043309e+00    7.0352107511e+00   -2.6605530286e+01    8.0332489769e-01    1.6800000000e+02    7.7178120402e-03    5.3940476190e-01
        62   -6.2888756167e+00    3.9584039755e+01   -1.0436543750e+01    4.1476681331e+00    8.4221708641e+00    7.0352107511e+00   -2.6699697074e+01    8.0577170928e-01    1.6800000000e+02    7.7415059426e-03    5.3787202381e-01
        63   -6.2579082485e+00    3.9200417706e+01   -1.0353354051e+01    4.0954458023e+00    8.3714342232e+00    7.0352107511e+00   -2.6686719041e+01    9.2672001622e-01    1.6800000000e+02    7.7239671207e-03    5.4264880952e-01
        64   -6.2242742547e+00    3.8921600555e+01   -9.9226609820e+00    3.6983867273e+00    8.4894980845e+00    7.0352107511e+00   -2.6568965602e+01    1.1215957849e+00    1.6800000000e+02    7.7318703157e-03    5.4154761905e-01
        65   -6.2676995738e+00    3.9313581172e+01   -1.0224904712e+01    3.9572051385e+00    8.4079906192e+00    7.0352107511e+00   -2.6471360524e+01    8.0325444115e-01    1.6800000000e+02    7.6791429920e-03    5.4196428571e-01
        66   -6.2993460455e+00    3.9716294788e+01   -1.0065836619e+01    3.7664905735e+00    8.3603064346e+00    7.0352107511e+00   -2.6265119374e+01    8.0376556901e-01    1.6800000000e+02    7.6979436701e-03    5.4129464286e-01
        67   -6.2613204099e+00    3.9246744498e+01   -1.0166366273e+01    3.9050458633e+00    8.3364379335e+00    7.0352107511e+00   -2.6320585322e+01    7.8257036362e-01    1.6800000000e+02    7.6432242723e-03    5.4272321429e-01
        68   -6.2729561850e+00    3.9411722274e+01   -1.0064847248e+01    3.7918910633e+00    8.3902488758e+00    7.0352107511e+00   -2.6144534531e+01    6.5422765600e-01    1.6800000000e+02    7.7255918434e-03    5.4069940476e-01
        69   -6.2803936372e+00    3.9496587447e+01   -1.0170432334e+01    3.8900386967e+00    8.4052937471e+00    7.0352107511e+00   -2.6670179463e+01    1.0592426311e+00    1.6800000000e+02    7.7173326835e-03    5.4479166667e-01
        70   -6.2482519913e+00    3.9084523712e+01   -1.0083567985e+01    3.8353159938e+00    8.3685555915e+00    7.0352107511e+00   -2.6530587881e+01    1.0432535533e+00    1.6800000000e+02    7.6709060619e-03    5.4005952381e-01
        71   -6.2692809682e+00    3.9359468373e+01   -1.0274467375e+01    4.0051864071e+00    8.4219832078e+00    7.0352107511e+00   -2.6591185452e+01    8.5952411735e-01    1.6800000000e+02    7.7104417280e-03    5.4238095238e-01
        72   -6.2950948055e+00    3.9648222395e+01   -1.0513626399e+01    4.2185315934e+00    8.4917980252e+00    7.0352107511e+00   -2.6691538570e+01    6.5090339521e-01    1.6800000000e+02    7.7099247303e-03    5.4324404762e-01
        73   -6.2460426180e+00    3.9088639702e+01   -1.0258782487e+01    4.0127398694e+00    8.5931291072e+00    7.0352107511e+00   -2.6696969009e+01    8.0984666357e-01    1.6800000000e+02    7.7371236652e-03    5.4276785714e-01
        74   -6.2662487559e+00    3.9323897567e+01   -1.0177172218e+01    3.9109234623e+00    8.5036039963e+00    7.0352107511e+00   -2.6344491240e+01    6.2850427452e-01    1.6800000000e+02    7.7220383183e-03    5.4236607143e-01
        75   -6.2467202052e+00    3.9076951414e+01   -1.0444891780e+01    4.1981715743e+00    8.2895213510e+00    7.0352107511e+00   -2.6616849805e+01    8.4722592308e-01    1.6800000000e+02    7.6972804686e-03    5.4090773810e-01
        76   -6.2591721547e+00    3.9235988137e+01   -1.0329917035e+01    4.0707448807e+00    8.4520154923e+00    7.0352107511e+00   -2.6643182698e+01    8.2603941871e-01    1.6800000000e+02    7.7145288538e-03    5.4087797619e-01
        77   -6.2737823722e+00    3.9406662165e+01   -1.0160858689e+01    3.8870763168e+00    8.3610516191e+00    7.0352107511e+00   -2.6389144959e+01    8.3202390026e-01    1.6800000000e+02    7.7947090086e-03    5.4150297619e-01
        78   -6.2787505082e+00    3.9465901585e+01   -1.0208276253e+01    3.9295257453e+00    8.4794203150e+00    7.0352107511e+00   -2.6418582687e+01    6.9567536713e-01    1.6800000000e+02    7.7340929059e-03    5.4489583333e-01
        79   -6.2344276283e+00    3.8895474611e+01   -9.9535495671e+00    3.7191219389e+00    8.3257988164e+00    7.0352107511e+00   -2.6097704130e+01    7.8314499573e-01    1.6800000000e+02    7.6835807080e-03    5.4282738095e-01
        80   -6.2876903945e+00    3.9578899674e+01   -1.0438726535e+01    4.1510361406e+00    8.4966719553e+00    7.0352107511e+00   -2.6683097323e+01    7.1248808131e-01    1.6800000000e+02    7.7207659931e-03    5.4413690476e-01
        81   -6.2808255652e+00    3.9517316103e+01   -1.0325451391e+01    4.0446258254e+00    8.3571784340e+00    7.0352107511e+00   -2.6440855014e+01    7.2301443791e-01    1.6800000000e+02    7.7744410013e-03    5.4266369048e-01
        82   -6.2637668716e+00    3.9292126296e+01   -9.9748918563e+00    3.7111249847e+00    8.4387807538e+00    7.0352107511e+00   -2.6352972400e+01    9.0408903864e-01    1.6800000000e+02    7.7263824254e-03    5.4138392857e-01
        83   -6.2402347837e+00    3.8996083182e+01   -9.8975050525e+00    3.6572702688e+00    8.4651339499e+00    7.0352107511e+00   -2.6388639719e+01    9.9078996547e-01    1.6800000000e+02    7.7575686543e-03    5.4502976190e-01
        84   -6.2560441540e+00    3.9187661170e+01   -1.0038568979e+01    3.7825248254e+00    8.3525313977e+00    7.0352107511e+00   -2.6258658277e+01    8.3234714862e-01    1.6800000000e+02    7.7035571947e-03    5.4218750000e-01
        85   -6.2353241793e+00    3.8927376385e+01   -1.0161831025e+01    3.9265068453e+00    8.4400360010e+00    7.0352107511e+00   -2.6351792767e+01    7.1471498988e-01    1.6800000000e+02    7.6976608391e-03    5.4223214286e-01
        86   -6.2632441175e+00    3.9304750136e+01   -9.8480331516e+00    3.5847890342e+00    8.2365509785e+00    7.0352107511e+00   -2.5895271181e+01    7.7547629985e-01    1.6800000000e+02    7.7076710267e-03    5.4083333333e-01
        87   -6.2615895340e+00    3.9251394566e+01   -1.0278502267e+01    4.0169127329e+00    8.3840046079e+00    7.0352107511e+00   -2.6340122767e+01    6.4240514116e-01    1.6800000000e+02    7.8202240374e-03    5.4510416667e-01
        88   -6.2496504701e+00    3.9116764909e+01   -1.0285958311e+01    4.0363078413e+00    8.5018508261e+00    7.0352107511e+00   -2.6471597543e+01    6.4857765431e-01    1.6800000000e+02    7.6931387691e-03    5.4059523810e-01
        89   -6.2831920676e+00    3.9513355160e+01   -1.0094655523e+01    3.8114634554e+00    8.4382698448e+00    7.0352107511e+00   -2.6337165547e+01    7.6902942763e-01    1.6800000000e+02    7.7214245047e-03    5.4087797619e-01
        90   -6.2843423077e+00    3.9525590431e+01   -1.0139807098e+01    3.8554647905e+00    8.5113800041e+00    7.0352107511e+00   -2.6433650461e+01    7.4725260712e-01    1.6800000000e+02    7.7342890020e-03    5.4465773810e-01
        91   -6.2715964886e+00    3.9359710193e+01   -1.0323027847e+01    4.0514313588e+00    8.3368032031e+00    7.0352107511e+00   -2.6216659809e+01    5.2161800686e-01    1.6800000000e+02    7.7740008876e-03    5.3915178571e-01
        92   -6.2278343481e+00    3.8875259229e+01   -1.0128359767e+01    3.9005254186e+00    8.2324462062e+00    7.0352107511e+00   -2.6257737534e+01    8.6172081037e-01    1.6800000000e+02    7.6860983557e-03    5.4139880952e-01
        93   -6.2558581207e+00    3.9169658259e+01   -1.0168588557e+01    3.9127304365e+00    8.4345683428e+00    7.0352107511e+00   -2.6369820198e+01    7.3145254721e-01    1.6800000000e+02    7.7496812335e-03    5.4528273810e-01
        94   -6.2796486667e+00    3.9463625535e+01   -1.0042228827e+01    3.7625801600e+00    8.4324232286e+00    7.0352107511e+00   -2.6323092478e+01    8.1322967124e-01    1.6800000000e+02    7.7497792497e-03    5.4410714286e-01
        95   -6.2516098335e+00    3.9132066685e+01   -1.0169031940e+01    3.9174221069e+00    8.3410307547e+00    7.0352107511e+00   -2.6418347858e+01    8.7307441184e-01    1.6800000000e+02    7.7290670957e-03    5.4181547619e-01
        96   -6.2458018120e+00    3.9094020530e+01   -1.0041794728e+01    3.7959929157e+00    8.3462077975e+00    7.0352107511e+00   -2.6485356000e+01    1.0621427235e+00    1.6800000000e+02    7.6593068162e-03    5.3852678571e-01
        97   -6.2430180426e+00    3.9029225937e+01   -1.0054639947e+01    3.8116219040e+00    8.5195175554e+00    7.0352107511e+00   -2.6451421701e+01    8.4205344828e-01    1.6800000000e+02    7.6980624553e-03    5.4049107143e-01
        98   -6.2767425249e+00    3.9455028654e+01   -1.0286295547e+01    4.0095530221e+00    8.4480850335e+00    7.0352107511e+00   -2.6390193025e+01    6.2060169337e-01    1.6800000000e+02    7.7598011260e-03    5.3927083333e-01
        99   -6.2788140938e+00    3.9519930150e+01   -1.0036039892e+01    3.7572257978e+00    8.4440367027e+00    7.0352107511e+00   -2.6133859090e+01    6.1857174444e-01    1.6800000000e+02    7.7188333768e-03    5.4267857143e-01
       100   -6.2854563171e+00    3.9550077678e+01   -1.0025582779e+01    3.7401264617e+00    8.4768305660e+00    7.0352107511e+00   -2.6476546287e+01    9.3892219156e-01    1.6800000000e+02    7.7116436247e-03    5.4410714286e-01
       101   -6.2683884240e+00    3.9342757839e+01   -1.0004155752e+01    3.7357673279e+00    8.4127904595e+00    7.0352107511e+00   -2.6145381859e+01    6.9322489672e-01    1.6800000000e+02    7.6830881797e-03    5.4273809524e-01
       102   -6.2651191057e+00    3.9274085729e+01   -1.0214757890e+01    3.9496387839e+00    8.3277525751e+00    7.0352107511e+00   -2.6184529954e+01    6.0680873864e-01    1.6800000000e+02    7.6505382118e-03    5.3876488095e-01
       103   -6.2726215346e+00    3.9388089539e+01   -1.0410675853e+01    4.1380543179e+00    8.4230401108e+00    7.0352107511e+00   -2.6748637889e+01    8.7971117506e-01    1.6800000000e+02    7.7626823996e-03    5.4127976190e-01
       104   -6.2614572287e+00    3.9248726605e+01   -1.0158798367e+01    3.8973411386e+00    8.3956806392e+00    7.0352107511e+00   -2.6325752742e+01    7.3606298456e-01    1.6800000000e+02    7.6974811825e-03    5.4153273810e-01
       105   -6.3080173778e+00    3.9832898608e+01   -1.0320313012e+01    4.0122956346e+00    8.3283611005e+00    7.0352107511e+00   -2.6513596789e+01    8.2971192498e-01    1.6800000000e+02    7.7333092229e-03    5.4294642857e-01
       106   -6.2383698303e+00    3.8991897021e+01   -9.9790021726e+00    3.7406323423e+00    8.4370052003e+00    7.0352107511e+00   -2.6304083069e+01    8.5286494526e-01    1.6800000000e+02    7.6557638905e-03    5.4147321429e-01
       107   -6.2669759238e+00    3.9308271221e+01   -1.0375965126e+01    4.1089892027e+00    8.4516901749e+00    7.0352107511e+00   -2.6589469942e+01    7.2660388937e-01    1.6800000000e+02    7.8128174674e-03    5.4452380952e-01
       108   -6.2692966997e+00    3.9367536783e+01   -1.0265656290e+01    3.9963595907e+00    8.6489208235e+00    7.0352107511e+00   -2.6752822789e+01    8.0303492406e-01    1.6800000000e+02    7.7758086402e-03    5.4367559524e-01
       109   -6.2612512558e+00    3.9268036240e+01   -1.0328060155e+01    4.0668088993e+00    8.4226744513e+00    7.0352107511e+00   -2.6713349059e+01    9.2740370165e-01    1.6800000000e+02    7.7438948183e-03    5.4208333333e-01
       110   -6.2892510674e+00    3.9585483025e+01   -1.0261855683e+01    3.9726046159e+00    8.3430075492e+00    7.0352107511e+00   -2.6339651305e+01    6.9957732181e-01    1.6800000000e+02    7.6857907559e-03    5.4181547619e-01
       111   -6.2441346530e+00    3.9061806522e+01   -1.0191028363e+01    3.9468937097e+00    8.3234173940e+00    7.0352107511e+00   -2.6290685040e+01    7.4102853205e-01    1.6800000000e+02    7.7388396936e-03    5.4605654762e-01
       112   -6.2718205230e+00    3.9369740877e+01   -1.0209009673e+01    3.9371891503e+00    8.3984302743e+00    7.0352107511e+00   -2.6505839055e+01    8.6318835634e-01    1.6800000000e+02    7.7430763576e-03    5.4699404762e-01
       113   -6.2636609874e+00    3.9265574550e+01   -1.0176632492e+01    3.9129715043e+00    8.4959757545e+00    7.0352107511e+00   -2.6508589463e+01    8.0077046555e-01    1.6800000000e+02    7.7187377860e-03    5.4303571429e-01
       114   -6.2784174560e+00    3.9455691393e+01   -1.0430994305e+01    4.1525768487e+00    8.4801907406e+00    7.0352107511e+00   -2.6706344233e+01    7.5994843641e-01    1.6800000000e+02    7.7887687810e-03    5.4260416667e-01
       115   -6.2554369612e+00    3.9161821415e+01   -1.0024795788e+01    3.7693588271e+00    8.4680750842e+00    7.0352107511e+00   -2.6179999708e+01    6.5191808396e-01    1.6800000000e+02    7.7718102423e-03    5.4319940476e-01
       116   -6.2520255205e+00    3.9167906475e+01   -1.0011705781e+01    3.7596802608e+00    8.6443844537e+00    7.0352107511e+00   -2.6641669763e+01    9.5036877699e-01    1.6800000000e+02    7.7443335377e-03    5.4349702381e-01
       117   -6.2556543192e+00    3.9206382817e+01   -1.0082673514e+01    3.8270191944e+00    8.3797212174e+00    7.0352107511e+00   -2.6404854172e+01    9.0724869006e-01    1.6800000000e+02    7.7280679335e-03    5.4092261905e-01
       118   -6.2656782415e+00    3.9299724504e+01   -1.0442053890e+01    4.1763756483e+00    8.4505452501e+00    7.0352107511e+00   -2.6687650280e+01    7.5984038938e-01    1.6800000000e+02    7.7210158481e-03    5.4299107143e-01
       119   -6.2608342367e+00    3.9233641898e+01   -1.0303391136e+01    4.0425568991e+00    8.4145962106e+00    7.0352107511e+00   -2.6502687343e+01    7.4948924564e-01    1.6800000000e+02    7.7615565526e-03    5.4288690476e-01
       120   -6.2743282213e+00    3.9411195649e+01   -1.0065452717e+01    3.7911244960e+00    8.5344181595e+00    7.0352107511e+00   -2.6684098540e+01    1.0490169121e+00    1.6800000000e+02    7.7489021766e-03    5.3974702381e-01
       121   -6.2615083631e+00    3.9244246348e+01   -1.0472868087e+01    4.2113597240e+00    8.5333058719e+00    7.0352107511e+00   -2.6864981067e+01    8.2359635720e-01    1.6800000000e+02    7.7856831375e-03    5.4184523810e-01
       122   -6.2658657148e+00    3.9312022007e+01   -9.9900739225e+00    3.7242082077e+00    8.5504841348e+00    7.0352107511e+00   -2.6485783895e+01    9.1001508675e-01    1.6800000000e+02    7.7855246075e-03    5.4446428571e-01
       123   -6.2545730073e+00    3.9187521204e+01   -1.0227260595e+01    3.9726875880e+00    8.4255609561e+00    7.0352107511e+00   -2.6541365497e+01    8.5333319433e-01    1.6800000000e+02    7.6903574241e-03    5.4078869048e-01
       124   -6.2622186217e+00    3.9245375027e+01   -1.0142691663e+01    3.8804730412e+00    8.4190985103e+00    7.0352107511e+00   -2.6392249483e+01    7.9524855920e-01    1.6800000000e+02    7.7223657974e-03    5.4135416667e-01
       125   -6.2555450328e+00    3.9159063293e+01   -1.0218657546e+01    3.9631125129e+00    8.5133365832e+00    7.0352107511e+00   -2.6520506734e+01    7.5330185347e-01    1.6800000000e+02    7.6688515560e-03    5.3901785714e-01
       126   -6.2001435147e+00    3.8531438896e+01   -1.0140703673e+01    3.9405601578e+00    8.3876781423e+00    7.0352107511e+00   -2.6619711202e+01    1.0561186357e+00    1.6800000000e+02    7.7169128428e-03    5.4322916667e-01
       127   -6.2471759103e+00    3.9092285376e+01   -1.0575015018e+01    4.3278391076e+00    8.3878462759e+00    7.0352107511e+00   -2.6849534393e+01    8.5146234814e-01    1.6800000000e+02    7.7301151940e-03    5.4334821429e-01
       128   -6.2913720769e+00    3.9648909302e+01   -1.0383552961e+01    4.0921808840e+00    8.3554198615e+00    7.0352107511e+00   -2.6402911364e+01    6.2872779086e-01    1.6800000000e+02    7.7729032630e-03    5.3776785714e-01
       129   -6.2415841614e+00    3.9052134164e+01   -1.0235147566e+01    3.9935634048e+00    8.5468927360e+00    7.0352107511e+00   -2.6617231808e+01    7.9998075468e-01    1.6800000000e+02    7.8012575201e-03    5.4321428571e-01
       130   -6.2856691320e+00    3.9542411066e+01   -1.0366939636e+01    4.0812705043e+00    8.4723573022e+00    7.0352107511e+00   -2.6347955639e+01    4.7344794935e-01    1.6800000000e+02    7.7066398780e-03    5.3967261905e-01
       131   -6.2755660714e+00    3.9428661592e+01   -1.0277415953e+01    4.0018498819e+00    8.5242070761e+00    7.0352107511e+00   -2.6460969481e+01    6.2413570048e-01    1.6800000000e+02    7.7343871983e-03    5.4120535714e-01
       132   -6.2384931885e+00    3.8995989314e+01   -1.0019229424e+01    3.7807362359e+00    8.3732766335e+00    7.0352107511e+00   -2.6496176544e+01    1.0684597349e+00    1.6800000000e+02    7.6920057902e-03    5.4181547619e-01
       133   -6.2613274134e+00    3.9231421026e+01   -1.0102860726e+01    3.8415333130e+00    8.2909395857e+00    7.0352107511e+00   -2.6007586491e+01    5.7857542793e-01    1.6800000000e+02    7.7161241012e-03    5.4382440476e-01
       134   -6.2492071371e+00    3.9145458698e+01   -1.0237510326e+01    3.9883031894e+00    8.4547290306e+00    7.0352107511e+00   -2.6454169726e+01    7.2671961779e-01    1.6800000000e+02    7.7466522898e-03    5.4110119048e-01
       135   -6.2711702753e+00    3.9389517909e+01   -9.8035237357e+00    3.5323534603e+00    8.3214836103e+00    7.0352107511e+00   -2.5855153398e+01    6.9493530116e-01    1.6800000000e+02    7.7885773194e-03    5.4532738095e-01
       136   -6.2641922189e+00    3.9276341708e+01   -1.0322520607e+01    4.0583283884e+00    8.5076865383e+00    7.0352107511e+00   -2.6571900576e+01    7.0648267915e-01    1.6800000000e+02    7.7663175152e-03    5.4592261905e-01
       137   -6.2602792089e+00    3.9251290867e+01   -1.0269747246e+01    4.0094680373e+00    8.4392315457e+00    7.0352107511e+00   -2.6615535665e+01    8.7134612232e-01    1.6800000000e+02    7.7090662671e-03    5.4113095238e-01
       138   -6.2344013128e+00    3.8925988185e+01   -1.0034993399e+01    3.8005920866e+00    8.4839701569e+00    7.0352107511e+00   -2.6344632507e+01    7.9045819993e-01    1.6800000000e+02    7.7149809998e-03    5.4389880952e-01
       139   -6.2702388546e+00    3.9348433631e+01   -1.0245377981e+01    3.9751391267e+00    8.2855894719e+00    7.0352107511e+00   -2.6344249649e+01    7.7807144442e-01    1.6800000000e+02    7.6832508923e-03    5.4261904762e-01
       140   -6.2811392965e+00    3.9485700204e+01   -1.0316502528e+01    4.0353632315e+00    8.2510461919e+00    7.0352107511e+00   -2.6268220032e+01    6.6546056106e-01    1.6800000000e+02    7.6468437134e-03    5.4351190476e-01
       141   -6.2664236055e+00    3.9307285042e+01   -1.0239999661e+01    3.9735760558e+00    8.4506210982e+00    7.0352107511e+00   -2.6436232207e+01    7.1040069650e-01    1.6800000000e+02    7.7804995900e-03    5.4455357143e-01
       142   -6.2693996613e+00    3.9361330730e+01   -1.0119632849e+01    3.8502331877e+00    8.3840869530e+00    7.0352107511e+00   -2.6272872378e+01    7.3394182480e-01    1.6800000000e+02    7.7229487083e-03    5.4340773810e-01
       143   -6.2831880253e+00    3.9507487768e+01   -1.0347625450e+01    4.0644374247e+00    8.4401962930e+00    7.0352107511e+00   -2.6452341637e+01    6.2930914277e-01    1.6800000000e+02    7.7469334716e-03    5.4427083333e-01
       144   -6.2628341849e+00    3.9248400366e+01   -1.0172957265e+01    3.9101230802e+00    8.4663687433e+00    7.0352107511e+00   -2.6118227647e+01    4.4369088791e-01    1.6800000000e+02    7.7539563284e-03    5.4366071429e-01
       145   -6.2848317719e+00    3.9531261921e+01   -1.0320982529e+01    4.0361507573e+00    8.3984926436e+00    7.0352107511e+00   -2.6555979027e+01    8.0129310352e-01    1.6800000000e+02    7.7464341690e-03    5.4422619048e-01
       146   -6.2319422422e+00    3.9135704421e+01   -1.0335331350e+01    4.1033891080e+00    8.4442169413e+00    7.0352107511e+00   -2.6557258116e+01    7.4249907307e-01    1.6800000000e+02    7.6825852545e-03    5.4171130952e-01
       147   -6.2453503436e+00    3.9082468845e+01   -1.0015364255e+01    3.7700139111e+00    8.3268931307e+00    7.0352107511e+00   -2.6357425205e+01    9.7995706859e-01    1.6800000000e+02    7.7111641239e-03    5.4352678571e-01
       148   -6.2591327370e+00    3.9228971901e+01   -1.0176019779e+01    3.9168870419e+00    8.6194476614e+00    7.0352107511e+00   -2.6655141438e+01    8.2446324705e-01    1.6800000000e+02    7.7946419312e-03    5.4431547619e-01
       149   -6.2400995690e+00    3.9038820451e+01   -1.0216809630e+01    3.9767100606e+00    8.4531623519e+00    7.0352107511e+00   -2.6698361259e+01    9.9317852638e-01    1.6800000000e+02    7.7630334944e-03    5.4028273810e-01
       150   -6.2537144691e+00    3.9250274444e+01   -9.9951404092e+00    3.7414259401e+00    8.4344314039e+00    7.0352107511e+00   -2.6286642454e+01    8.2185988985e-01    1.6800000000e+02    7.7077227484e-03    5.3776785714e-01
       151   -6.2405352477e+00    3.8993507394e+01   -1.0119661804e+01    3.8791265563e+00    8.5241851651e+00    7.0352107511e+00   -2.6505509216e+01    8.2645149551e-01    1.6800000000e+02    7.7302247463e-03    5.4254464286e-01
       152   -6.2601380927e+00    3.9252767887e+01   -1.0501811447e+01    4.2416733539e+00    8.3317565453e+00    7.0352107511e+00   -2.6438463864e+01    5.6968512139e-01    1.6800000000e+02    7.7412997655e-03    5.4599702381e-01
       153   -6.2260484547e+00    3.8872226307e+01   -9.9710702394e+00    3.7450217847e+00    8.4950553853e+00    7.0352107511e+00   -2.6616569476e+01    1.1152331000e+00    1.6800000000e+02    7.7646173443e-03    5.4239583333e-01
       154   -6.2530103560e+00    3.9148773577e+01   -1.0345718724e+01    4.0927083683e+00    8.3506585635e+00    7.0352107511e+00   -2.6545211032e+01    8.1362299320e-01    1.6800000000e+02    7.7100857771e-03    5.4379464286e-01
       155   -6.2540916898e+00    3.9168863297e+01   -1.0281695944e+01    4.0276042541e+00    8.5329678679e+00    7.0352107511e+00   -2.6692632969e+01    8.4275840644e-01    1.6800000000e+02    7.6975315682e-03    5.4306547619e-01
       156   -6.2526906699e+00    3.9155641256e+01   -1.0645249476e+01    4.3925588066e+00    8.4820795195e+00    7.0352107511e+00   -2.6979081933e+01    8.1654218546e-01    1.6800000000e+02    7.7768199068e-03    5.4516369048e-01
       157   -6.3041397332e+00    3.9785601882e+01   -1.0204605582e+01    3.9004658485e+00    8.6034536274e+00    7.0352107511e+00   -2.6564515623e+01    7.2124566259e-01    1.6800000000e+02    7.7438142117e-03    5.4037202381e-01
       158   -6.2691592051e+00    3.9338061471e+01   -1.0329841886e+01    4.0606826811e+00    8.3980239687e+00    7.0352107511e+00   -2.6467428183e+01    7.0435157710e-01    1.6800000000e+02    7.7321126203e-03    5.4708333333e-01
       159   -6.2899940540e+00    3.9615794204e+01   -1.0451949537e+01    4.1619554829e+00    8.5147254034e+00    7.0352107511e+00   -2.6664739862e+01    6.6285417077e-01    1.6800000000e+02    7.7436150390e-03    5.4102678571e-01
       160   -6.2253487912e+00    3.8826522687e+01   -1.0182512495e+01    3.9571637038e+00    8.3750962923e+00    7.0352107511e+00   -2.6324329931e+01    7.3151039247e-01    1.6800000000e+02    7.7484409558e-03    5.4270833333e-01
       161   -6.2539747174e+00    3.9143533180e+01   -9.9044430313e+00    3.6504683139e+00    8.4498925803e+00    7.0352107511e+00   -2.5930505617e+01    5.4095925391e-01    1.6800000000e+02    7.7249025510e-03    5.4178571429e-01
       162   -6.2401072947e+00    3.8984913483e+01   -1.0168481251e+01    3.9283739564e+00    8.3735434783e+00    7.0352107511e+00   -2.6631840004e+01    1.0546045235e+00    1.6800000000e+02    7.6870463201e-03    5.4166666667e-01
       163   -6.2670972829e+00    3.9313247822e+01   -1.0417958272e+01    4.1508609886e+00    8.4269575124e+00    7.0352107511e+00   -2.6686359146e+01    8.0623261054e-01    1.6800000000e+02    7.6895237241e-03    5.4309523810e-01
       164   -6.2387596549e+00    3.8960887512e+01   -1.0197596784e+01    3.9588371290e+00    8.3107232581e+00    7.0352107511e+00   -2.6254664339e+01    7.1113354576e-01    1.6800000000e+02    7.7170661590e-03    5.4052083333e-01
       165   -6.2481500350e+00    3.9090896066e+01   -1.0086092942e+01    3.8379429066e+00    8.5066870271e+00    7.0352107511e+00   -2.6515073530e+01    8.8708280987e-01    1.6800000000e+02    7.7877449942e-03    5.4261904762e-01
       166   -6.2908728168e+00    3.9601623173e+01   -1.0254801489e+01    3.9639286724e+00    8.3400227254e+00    7.0352107511e+00   -2.6192168585e+01    5.6213361893e-01    1.6800000000e+02    7.7028839594e-03    5.4125000000e-01
       167   -6.2960996529e+00    3.9720026531e+01   -1.0176748169e+01    3.8806485161e+00    8.3962476282e+00    7.0352107511e+00   -2.6226949398e+01    6.1874284933e-01    1.6800000000e+02    7.6884876083e-03    5.4238095238e-01
       168   -6.2836047838e+00    3.9529372310e+01   -9.9746740632e+00    3.6910692795e+00    8.2278112416e+00    7.0352107511e+00   -2.6052722802e+01    8.1502674574e-01    1.6800000000e+02    7.6734043846e-03    5.4352678571e-01
       169   -6.2685203264e+00    3.9332658681e+01   -9.8349340427e+00    3.5664137163e+00    8.3112820184e+00    7.0352107511e+00   -2.6149273596e+01    9.6784678355e-01    1.6800000000e+02    7.7294172231e-03    5.4587797619e-01
       170   -6.2494554620e+00    3.9092302192e+01   -1.0099388755e+01    3.8499332925e+00    8.4421542876e+00    7.0352107511e+00   -2.6497959838e+01    9.2120604522e-01    1.6800000000e+02    7.7662706885e-03    5.4162202381e-01
       171   -6.2683276389e+00    3.9345478236e+01   -1.0093867525e+01    3.8255398861e+00    8.3925540011e+00    7.0352107511e+00   -2.6356602906e+01    8.3497062898e-01    1.6800000000e+02    7.7992758209e-03    5.4726190476e-01
       172   -6.2524132298e+00    3.9133044410e+01   -9.9270245911e+00    3.6746113614e+00    8.4281643872e+00    7.0352107511e+00   -2.6052622203e+01    6.6222247323e-01    1.6800000000e+02    7.7444034867e-03    5.4444940476e-01
       173   -6.2686899477e+00    3.9332809715e+01   -1.0283941305e+01    4.0152513572e+00    8.3027863006e+00    7.0352107511e+00   -2.6331690024e+01    7.0975166781e-01    1.6800000000e+02    7.7017039460e-03    5.4427083333e-01
       174   -6.2618177697e+00    3.9247286096e+01   -1.0328200507e+01    4.0663827377e+00    8.3936110915e+00    7.0352107511e+00   -2.6436758348e+01    6.7973599801e-01    1.6800000000e+02    7.7234297531e-03    5.4346726190e-01
       175   -6.2637390197e+00    3.9274031397e+01   -1.0333873401e+01    4.0701343808e+00    8.5294699313e+00    7.0352107511e+00   -2.6669480068e+01    7.7092598480e-01    1.6800000000e+02    7.7793440654e-03    5.4126488095e-01
       176   -6.2739725117e+00    3.9406699083e+01   -1.0047875742e+01    3.7739032298e+00    8.3999862619e+00    7.0352107511e+00   -2.6263610343e+01    7.8053758807e-01    1.6800000000e+02    7.7214915405e-03    5.4101190476e-01
       177   -6.2838110131e+00    3.9542962591e+01   -1.0063061746e+01    3.7792507332e+00    8.3751942858e+00    7.0352107511e+00   -2.6271527908e+01    7.9806112523e-01    1.6800000000e+02    7.7088535542e-03    5.4456845238e-01
       178   -6.2629525110e+00    3.9260989025e+01   -1.0215814832e+01    3.9528623206e+00    8.4328538111e+00    7.0352107511e+00   -2.6305649058e+01    6.2176966376e-01    1.6800000000e+02    7.7046324926e-03    5.4508928571e-01
       179   -6.2665003021e+00    3.9322076813e+01   -1.0417027858e+01    4.1505275557e+00    8.5427632545e+00    7.0352107511e+00   -2.6719117481e+01    7.2411561783e-01    1.6800000000e+02    7.7326809960e-03    5.3669642857e-01
       180   -6.2549699494e+00    3.9160624444e+01   -1.0402537197e+01    4.1475672473e+00    8.4625896236e+00    7.0352107511e+00   -2.6541363625e+01    6.4102605374e-01    1.6800000000e+02    7.7680010082e-03    5.4125000000e-01
       181   -6.2684077159e+00    3.9326926657e+01   -1.0182307600e+01    3.9138998839e+00    8.5410461331e+00    7.0352107511e+00   -2.6527394839e+01    7.6883035469e-01    1.6800000000e+02    7.7271760009e-03    5.3919642857e-01
       182   -6.2702450720e+00    3.9377597541e+01   -1.0445102942e+01    4.1748578698e+00    8.5416219338e+00    7.0352107511e+00   -2.7029133380e+01    1.0071977538e+00    1.6800000000e+02    7.7188475324e-03    5.4008928571e-01
       183   -6.2724300662e+00    3.9401629094e+01   -1.0029799251e+01    3.7573691844e+00    8.5201874150e+00    7.0352107511e+00   -2.6393976228e+01    8.0877881116e-01    1.6800000000e+02    7.7237979858e-03    5.4369047619e-01
       184   -6.2776001488e+00    3.9436557336e+01   -1.0292608755e+01    4.0150086058e+00    8.3493029044e+00    7.0352107511e+00   -2.6321193587e+01    6.4407117716e-01    1.6800000000e+02    7.7040260990e-03    5.4319940476e-01
       185   -6.2658438860e+00    3.9299330740e+01   -9.9110865505e+00    3.6452426645e+00    8.5229380752e+00    7.0352107511e+00   -2.6047511207e+01    5.7827583054e-01    1.6800000000e+02    7.7016530032e-03    5.4427083333e-01
       186   -6.3019113429e+00    3.9746609512e+01   -1.0035399832e+01    3.7334884889e+00    8.2352176281e+00    7.0352107511e+00   -2.5940473561e+01    6.3464534956e-01    1.6800000000e+02    7.6973600829e-03    5.4232142857e-01
       187   -6.2617627810e+00    3.9239105270e+01   -9.8607703320e+00    3.5990075509e+00    8.4392414086e+00    7.0352107511e+00   -2.6067648789e+01    7.3242629701e-01    1.6800000000e+02    7.6994927755e-03    5.4086309524e-01
       188   -6.2860187057e+00    3.9560478719e+01   -1.0160314473e+01    3.8742957669e+00    8.4989674390e+00    7.0352107511e+00   -2.6531180201e+01    8.3668753783e-01    1.6800000000e+02    7.7380158196e-03    5.4498511905e-01
       189   -6.2562538867e+00    3.9180835660e+01   -1.0329294085e+01    4.0730401982e+00    8.3682664343e+00    7.0352107511e+00   -2.6530269034e+01    7.9749776374e-01    1.6800000000e+02    7.7327651171e-03    5.4053571429e-01
       190   -6.2730134920e+00    3.9389184879e+01   -1.0088734270e+01    3.8157207781e+00    8.4229172539e+00    7.0352107511e+00   -2.6319709654e+01    7.7284737844e-01    1.6800000000e+02    7.6565639659e-03    5.3933035714e-01
       191   -6.2091954840e+00    3.8918490562e+01   -9.3897260511e+00    3.1805305671e+00    8.5436692356e+00    7.0352107511e+00   -2.6696173317e+01    1.7275672791e+00    1.6800000000e+02    7.7566643650e-03    5.4181547619e-01
       192   -6.2757568815e+00    3.9431063203e+01   -1.0262487943e+01    3.9867310618e+00    8.2976789980e+00    7.0352107511e+00   -2.6254015436e+01    6.5863774403e-01    1.6800000000e+02    7.7423527005e-03    5.4436011905e-01
       193   -6.2666201205e+00    3.9308850480e+01   -1.0387794922e+01    4.1211748013e+00    8.4732939635e+00    7.0352107511e+00   -2.6700901544e+01    8.0460190792e-01    1.6800000000e+02    7.6842822101e-03    5.3977678571e-01
       194   -6.2645345487e+00    3.9297271179e+01   -9.9648717783e+00    3.7003372296e+00    8.3658199729e+00    7.0352107511e+00   -2.6107696929e+01    7.4179442706e-01    1.6800000000e+02    7.7521406763e-03    5.4638392857e-01
       195   -6.2761528581e+00    3.9429880495e+01   -1.0252605057e+01    3.9764521991e+00    8.4595306294e+00    7.0352107511e+00   -2.6549006064e+01    8.0165962661e-01    1.6800000000e+02    7.6847593245e-03    5.3943452381e-01
       196   -6.2772817434e+00    3.9485493557e+01   -9.9509665530e+00    3.6736848097e+00    8.3378657010e+00    7.0352107511e+00   -2.6145956119e+01    8.2191311429e-01    1.6800000000e+02    7.6823952480e-03    5.4255952381e-01
       197   -6.2698684602e+00    3.9340010994e+01   -1.0337495155e+01    4.0676266945e+00    8.3732977328e+00    7.0352107511e+00   -2.6400012635e+01    6.5400899677e-01    1.6800000000e+02    7.7495326626e-03    5.4162202381e-01
       198   -6.2634659866e+00    3.9282106236e+01   -1.0198049377e+01    3.9345833908e+00    8.4922330792e+00    7.0352107511e+00   -2.6685140193e+01    9.5964698522e-01    1.6800000000e+02    7.7177644181e-03    5.4422619048e-01
       199   -6.2723391134e+00    3.9371193511e+01   -1.0246107631e+01    3.9737685174e+00    8.3154925835e+00    7.0352107511e+00   -2.6344898280e+01    7.4808731439e-01    1.6800000000e+02    7.7176999406e-03    5.4157738095e-01
       200   -6.2550110821e+00    3.9192487814e+01   -1.0272195708e+01    4.0171846260e+00    8.4815153486e+00    7.0352107511e+00   -2.6414388659e+01    6.2546685158e-01    1.6800000000e+02    7.6957210494e-03    5.4258928571e-01
       201   -6.2779725982e+00    3.9470967911e+01   -1.0339314499e+01    4.0613419007e+00    8.5342242125e+00    7.0352107511e+00   -2.6724363498e+01    8.1561403542e-01    1.6800000000e+02    7.6975931020e-03    5.3913690476e-01
       202   -6.2486047885e+00    3.9122144526e+01   -9.9901008686e+00    3.7414960801e+00    8.4299104399e+00    7.0352107511e+00   -2.6446817740e+01    9.9159568034e-01    1.6800000000e+02    7.7098545097e-03    5.4059523810e-01
       203   -6.2683238174e+00    3.9360909057e+01   -1.0126757202e+01    3.8584333842e+00    8.3626241075e+00    7.0352107511e+00   -2.6186919257e+01    6.6232719721e-01    1.6800000000e+02    7.6840820839e-03    5.4425595238e-01
       204   -6.2128085719e+00    3.8696844624e+01   -1.0121233583e+01    3.9084250111e+00    8.3593559481e+00    7.0352107511e+00   -2.6551505473e+01    1.0357051907e+00    1.6800000000e+02    7.7243027266e-03    5.4486607143e-01
       205   -6.2815903036e+00    3.9479474800e+01   -1.0104106358e+01    3.8225160547e+00    8.3432435710e+00    7.0352107511e+00   -2.5898268269e+01    4.1570758855e-01    1.6800000000e+02    7.7121456104e-03    5.4345238095e-01
       206   -6.2639965861e+00    3.9297483251e+01   -1.0077030262e+01    3.8130336756e+00    8.4889094571e+00    7.0352107511e+00   -2.6472165670e+01    8.7101520022e-01    1.6800000000e+02    7.7223310862e-03    5.4580357143e-01
       207   -6.2439052700e+00    3.9041169433e+01   -1.0076543561e+01    3.8326382907e+00    8.3429873957e+00    7.0352107511e+00   -2.6254111264e+01    7.9936955612e-01    1.6800000000e+02    7.7669312873e-03    5.4074404762e-01
       208   -6.2493152427e+00    3.9113684077e+01   -1.0135843310e+01    3.8865280674e+00    8.5076270184e+00    7.0352107511e+00   -2.6610487482e+01    9.3180640276e-01    1.6800000000e+02    7.7144504841e-03    5.4037202381e-01
       209   -6.2820484832e+00    3.9492608419e+01   -1.0475179197e+01    4.1931307134e+00    8.4522448001e+00    7.0352107511e+00   -2.6882356799e+01    9.1972205120e-01    1.6800000000e+02    7.7547403052e-03    5.3889880952e-01
       210   -6.2589609866e+00    3.9213739960e+01   -1.0184569834e+01    3.9256088472e+00    8.3787636238e+00    7.0352107511e+00   -2.6262942812e+01    6.6439860357e-01    1.6800000000e+02    7.6832784994e-03    5.3915178571e-01
       211   -6.2713753694e+00    3.9371215742e+01   -1.0466485704e+01    4.1951103350e+00    8.4234220089e+00    7.0352107511e+00   -2.6625552589e+01    7.0043412446e-01    1.6800000000e+02    7.7466629750e-03    5.4202380952e-01
       212   -6.2508958894e+00    3.9103836137e+01   -1.0356680630e+01    4.1057847407e+00    8.2710516385e+00    7.0352107511e+00   -2.6383816515e+01    7.2087349493e-01    1.6800000000e+02    7.6534037085e-03    5.3973214286e-01
       213   -6.2613502773e+00    3.9236459690e+01   -1.0183662579e+01    3.9223123017e+00    8.3924415452e+00    7.0352107511e+00   -2.6259812348e+01    6.4849747277e-01    1.6800000000e+02    7.7029658631e-03    5.3986607143e-01
       214   -6.2956199007e+00    3.9658459190e+01   -1.0367451646e+01    4.0718317450e+00    8.2705091000e+00    7.0352107511e+00   -2.6260162691e+01    5.8699119425e-01    1.6800000000e+02    7.6991269653e-03    5.3980654762e-01
       215   -6.2769577708e+00    3.9445022128e+01   -1.0313809977e+01    4.0368522061e+00    8.5323350391e+00    7.0352107511e+00   -2.6591057671e+01    7.0970190348e-01    1.6800000000e+02    7.7642228044e-03    5.3818452381e-01
       216   -6.2991472041e+00    3.9723119869e+01   -1.0032508428e+01    3.7333612243e+00    8.3403148467e+00    7.0352107511e+00   -2.6308249017e+01    9.0021499098e-01    1.6800000000e+02    7.7105341535e-03    5.4178571429e-01
       217   -6.2713712269e+00    3.9387627064e+01   -1.0372040553e+01    4.1006693261e+00    8.4345288717e+00    7.0352107511e+00   -2.6688224839e+01    8.4644466355e-01    1.6800000000e+02    7.7222810110e-03    5.4227678571e-01
       218   -6.2819953412e+00    3.9531758636e+01   -1.0191555049e+01    3.9095597083e+00    8.5119633770e+00    7.0352107511e+00   -2.6623430161e+01    8.8470098380e-01    1.6800000000e+02    7.7075492923e-03    5.3875000000e-01
       219   -6.2483636047e+00    3.9086076385e+01   -1.0381094517e+01    4.1327309127e+00    8.3764767465e+00    7.0352107511e+00   -2.6637234246e+01    8.4445223042e-01    1.6800000000e+02    7.7529246087e-03    5.4511904762e-01
       220   -6.2333939376e+00    3.8913298373e+01   -9.8562417882e+00    3.6228478507e+00    8.3507202377e+00    7.0352107511e+00   -2.6108225039e+01    8.6605226221e-01    1.6800000000e+02    7.8184320758e-03    5.4705357143e-01
       221   -6.2627283645e+00    3.9292576380e+01   -9.8341516747e+00    3.5714233102e+00    8.2211009012e+00    7.0352107511e+00   -2.5887914788e+01    7.9745146102e-01    1.6800000000e+02    7.7021273291e-03    5.4443452381e-01
       222   -6.2886622605e+00    3.9589097780e+01   -1.0261332912e+01    3.9726706513e+00    8.3336750969e+00    7.0352107511e+00   -2.6432120088e+01    8.0190132801e-01    1.6800000000e+02    7.6918589988e-03    5.3869047619e-01
       223   -6.2615486682e+00    3.9242476362e+01   -1.0362142624e+01    4.1005939554e+00    8.5064772965e+00    7.0352107511e+00   -2.6526399424e+01    6.2256875311e-01    1.6800000000e+02    7.7709708934e-03    5.4059523810e-01
       224   -6.2656202556e+00    3.9304161550e+01   -1.0405039090e+01    4.1394188344e+00    8.4308855406e+00    7.0352107511e+00   -2.6539367069e+01    6.6823168694e-01    1.6800000000e+02    7.7184563214e-03    5.3925595238e-01
       225   -6.2577521989e+00    3.9230953408e+01   -1.0240008872e+01    3.9822566729e+00    8.3876000917e+00    7.0352107511e+00   -2.6614829335e+01    9.5200962081e-01    1.6800000000e+02    7.6741873802e-03    5.3808035714e-01
       226   -6.2277598445e+00    3.8867802060e+01   -1.0164784940e+01    3.9370250959e+00    8.4075164970e+00    7.0352107511e+00   -2.6562389746e+01    9.5487755710e-01    1.6800000000e+02    7.6921835065e-03    5.4183035714e-01
       227   -6.2264280872e+00    3.8884389774e+01   -1.0264127621e+01    4.0376995337e+00    8.4772423970e+00    7.0352107511e+00   -2.6788852333e+01    1.0122715636e+00    1.6800000000e+02    7.7166419582e-03    5.4224702381e-01
       228   -6.2871762469e+00    3.9573527820e+01   -1.0113301579e+01    3.8261253322e+00    8.4636983987e+00    7.0352107511e+00   -2.6265933151e+01    6.5372242219e-01    1.6800000000e+02    7.7346314016e-03    5.4050595238e-01
       229   -6.2744105073e+00    3.9405834929e+01   -1.0248328049e+01    3.9739175418e+00    8.4284214749e+00    7.0352107511e+00   -2.6570621051e+01    8.5866077641e-01    1.6800000000e+02    7.7448652093e-03    5.4071428571e-01
       230   -6.2697322191e+00    3.9366957643e+01   -1.0210016886e+01    3.9402846671e+00    8.3590992604e+00    7.0352107511e+00   -2.6343571099e+01    7.3924420092e-01    1.6800000000e+02    7.7033703897e-03    5.4233630952e-01
       231   -6.2820579910e+00    3.9527819077e+01   -1.0172645575e+01    3.8905875842e+00    8.4227658889e+00    7.0352107511e+00   -2.6396604869e+01    7.6598265385e-01    1.6800000000e+02    7.7074212576e-03    5.4260416667e-01
       232   -6.2563406523e+00    3.9190865219e+01   -1.0106256248e+01    3.8499155956e+00    8.4060788006e+00    7.0352107511e+00   -2.6321040133e+01    7.7349433330e-01    1.6800000000e+02    7.7533370377e-03    5.4334821429e-01
       233   -6.2870407339e+00    3.9582375529e+01   -1.0293322234e+01    4.0062814998e+00    8.4545323660e+00    7.0352107511e+00   -2.6619999828e+01    8.3693447773e-01    1.6800000000e+02    7.6743744541e-03    5.3824404762e-01
       234   -6.2511017919e+00    3.9123692671e+01   -1.0264607102e+01    4.0135053104e+00    8.3771158688e+00    7.0352107511e+00   -2.6488628339e+01    8.1169461691e-01    1.6800000000e+02    7.6756744307e-03    5.4215773810e-01
       235   -6.2901421348e+00    3.9616001801e+01   -9.9766581326e+00    3.6865159978e+00    8.3771445530e+00    7.0352107511e+00   -2.6331643743e+01    9.4263030678e-01    1.6800000000e+02    7.7462247933e-03    5.3958333333e-01
       236   -6.2692109710e+00    3.9355833146e+01   -1.0046917812e+01    3.7777068415e+00    8.3758988853e+00    7.0352107511e+00   -2.6441006400e+01    9.8297895076e-01    1.6800000000e+02    7.7416417383e-03    5.4306547619e-01
       237   -6.2463752219e+00    3.9047786355e+01   -1.0302916098e+01    4.0565408765e+00    8.2509592380e+00    7.0352107511e+00   -2.6157252722e+01    5.6816663482e-01    1.6800000000e+02    7.6491562927e-03    5.4075892857e-01
       238   -6.2492306872e+00    3.9196000710e+01   -1.0239638926e+01    3.9904082383e+00    8.3028462289e+00    7.0352107511e+00   -2.6204838559e+01    6.2714265327e-01    1.6800000000e+02    7.8106345027e-03    5.4300595238e-01
       239   -6.2433981332e+00    3.9060053814e+01   -1.0339639310e+01    4.0962411773e+00    8.4988815607e+00    7.0352107511e+00   -2.6814334609e+01    9.4060298686e-01    1.6800000000e+02    7.7996693906e-03    5.4007440476e-01
       240   -6.2507937522e+00    3.9116729005e+01   -1.0125958806e+01    3.8751650536e+00    8.4509374755e+00    7.0352107511e+00   -2.6274029273e+01    6.6192224039e-01    1.6800000000e+02    7.7741165629e-03    5.4739583333e-01
       241   -6.2130529739e+00    3.8707146194e+01   -1.0003639637e+01    3.7905866632e+00    8.3748095512e+00    7.0352107511e+00   -2.6374312268e+01    9.6065232833e-01    1.6800000000e+02    7.7540299334e-03    5.4531250000e-01
       242   -6.2632901639e+00    3.9277810863e+01   -1.0080063459e+01    3.8167732953e+00    8.5076718724e+00    7.0352107511e+00   -2.6407958199e+01    7.8501211657e-01    1.6800000000e+02    7.7901492339e-03    5.4337797619e-01
       243   -6.2973435613e+00    3.9694388870e+01   -1.0402620905e+01    4.1052773439e+00    8.4249801125e+00    7.0352107511e+00   -2.6699690966e+01    8.3687919762e-01    1.6800000000e+02    7.7337498882e-03    5.4215773810e-01
       244   -6.2362389374e+00    3.9006872361e+01   -1.0023337927e+01    3.7870989899e+00    8.4382605122e+00    7.0352107511e+00   -2.6387042939e+01    8.9023374791e-01    1.6800000000e+02    7.7529100845e-03    5.4321428571e-01
       245   -6.2500387145e+00    3.9146104761e+01   -1.0050494248e+01    3.8004555338e+00    8.3708750998e+00    7.0352107511e+00   -2.6208056791e+01    7.5147669164e-01    1.6800000000e+02    7.7188537024e-03    5.4117559524e-01
       246   -6.2685056642e+00    3.9323185945e+01   -1.0386369267e+01    4.1178636025e+00    8.4145363839e+00    7.0352107511e+00   -2.6569157175e+01    7.3304077292e-01    1.6800000000e+02    7.7491884779e-03    5.4614583333e-01
       247   -6.2959629944e+00    3.9679383013e+01   -1.0177013906e+01    3.8810509113e+00    8.4414415644e+00    7.0352107511e+00   -2.6319045218e+01    6.6537899704e-01    1.6800000000e+02    7.7412978363e-03    5.3924107143e-01
       248   -6.2870430878e+00    3.9564475221e+01   -1.0282662894e+01    3.9956198063e+00    8.3843295662e+00    7.0352107511e+00   -2.6246098013e+01    5.4389480168e-01    1.6800000000e+02    7.7603001181e-03    5.4313988095e-01
       249   -6.2796352088e+00    3.9461153174e+01   -1.0204551628e+01    3.9249164187e+00    8.3791893781e+00    7.0352107511e+00   -2.6355034007e+01    7.3608225021e-01    1.6800000000e+02    7.7317161347e-03    5.4107142857e-01
       250   -6.2763976764e+00    3.9422761032e+01   -1.0128795002e+01    3.8523973261e+00    8.3516089565e+00    7.0352107511e+00   -2.6122806900e+01    6.0719218972e-01    1.6800000000e+02    7.6853795326e-03    5.4214285714e-01
       251   -6.2721191838e+00    3.9381899644e+01   -1.0145734302e+01    3.8736151185e+00    8.3451460705e+00    7.0352107511e+00   -2.6273207050e+01    7.4711592590e-01    1.6800000000e+02    7.7261200890e-03    5.4590773810e-01
       252   -6.2483229628e+00    3.9088702080e+01   -1.0294295300e+01    4.0459723375e+00    8.5368462786e+00    7.0352107511e+00   -2.6873669024e+01    1.0073166941e+00    1.6800000000e+02    7.6864893698e-03    5.4296130952e-01
       253   -6.2331877045e+00    3.8961037187e+01   -1.0127444385e+01    3.8942566806e+00    8.4227405041e+00    7.0352107511e+00   -2.6370630272e+01    7.8523463161e-01    1.6800000000e+02    7.7702251091e-03    5.3943452381e-01
       254   -6.2785223069e+00    3.9469382006e+01   -1.0033542872e+01    3.7550205654e+00    8.5131201021e+00    7.0352107511e+00   -2.6411164875e+01    8.2929114911e-01    1.6800000000e+02    7.7548927539e-03    5.4580357143e-01
       255   -6.2829194611e+00    3.9507570797e+01   -1.0286271618e+01    4.0033521574e+00    8.4053513904e+00    7.0352107511e+00   -2.6508625338e+01    7.8179157808e-01    1.6800000000e+02    7.7788081974e-03    5.4327380952e-01
       256   -6.2643379574e+00    3.9318678442e+01   -1.0217779769e+01    3.9534418112e+00    8.4257045125e+00    7.0352107511e+00   -2.6616469507e+01    9.3777447513e-01    1.6800000000e+02    7.6984988298e-03    5.4165178571e-01
       257   -6.2740990549e+00    3.9418765013e+01   -1.0124567605e+01    3.8504685498e+00    8.4528902470e+00    7.0352107511e+00   -2.6398057864e+01    7.8538926091e-01    1.6800000000e+02    7.7798526923e-03    5.4605654762e-01
       258   -6.2869327450e+00    3.9560626220e+01   -1.0331445766e+01    4.0445130209e+00    8.4371246437e+00    7.0352107511e+00   -2.6438123246e+01    6.3434208579e-01    1.6800000000e+02    7.7868090621e-03    5.4309523810e-01
       259   -6.2768920733e+00    3.9480127980e+01   -1.0154933428e+01    3.8780413551e+00    8.3829434470e+00    7.0352107511e+00   -2.6712885908e+01    1.1397982820e+00    1.6800000000e+02    7.7518003666e-03    5.4444940476e-01
       260   -6.2539273563e+00    3.9195837786e+01   -1.0390771363e+01    4.1368440067e+00    8.3567808365e+00    7.0352107511e+00   -2.6701250177e+01    9.1848722642e-01    1.6800000000e+02    7.6944252138e-03    5.4087797619e-01
       261   -6.2656683078e+00    3.9301542076e+01   -1.0719994151e+01    4.4543258433e+00    8.4382633732e+00    7.0352107511e+00   -2.7006918705e+01    8.1345042991e-01    1.6800000000e+02    7.7019176457e-03    5.4099702381e-01
       262   -6.2494750343e+00    3.9123236966e+01   -1.0261190243e+01    4.0117152089e+00    8.4428284328e+00    7.0352107511e+00   -2.6585985747e+01    8.4675632002e-01    1.6800000000e+02    7.8114753955e-03    5.4535714286e-01
       263   -6.2624128742e+00    3.9256684495e+01   -1.0125257363e+01    3.8628444888e+00    8.4600977533e+00    7.0352107511e+00   -2.6253666502e+01    6.3310063451e-01    1.6800000000e+02    7.7147705902e-03    5.4305059524e-01
       264   -6.2356057042e+00    3.9004941178e+01   -1.0329152390e+01    4.0935466861e+00    8.4722631996e+00    7.0352107511e+00   -2.6565759990e+01    7.2913364944e-01    1.6800000000e+02    7.7326311924e-03    5.4297619048e-01
       265   -6.2648418766e+00    3.9296602342e+01   -1.0096968686e+01    3.8321268089e+00    8.5043126484e+00    7.0352107511e+00   -2.6191987040e+01    5.5549495536e-01    1.6800000000e+02    7.8151069271e-03    5.4191964286e-01
       266   -6.2662143368e+00    3.9302584436e+01   -1.0127980502e+01    3.8617661650e+00    8.3726726092e+00    7.0352107511e+00   -2.6288510437e+01    7.5264657490e-01    1.6800000000e+02    7.7560025384e-03    5.4355654762e-01
       267   -6.2770922445e+00    3.9453216910e+01   -1.0031991323e+01    3.7548990782e+00    8.3945745275e+00    7.0352107511e+00   -2.6246667226e+01    7.8489062444e-01    1.6800000000e+02    7.7578425546e-03    5.4476190476e-01
       268   -6.2595557013e+00    3.9301870070e+01   -1.0201183342e+01    3.9416276403e+00    8.4577985054e+00    7.0352107511e+00   -2.6574758425e+01    8.8056582714e-01    1.6800000000e+02    7.7411225149e-03    5.4456845238e-01
       269   -6.2603168776e+00    3.9235919099e+01   -1.0222415567e+01    3.9620986892e+00    8.5100308907e+00    7.0352107511e+00   -2.6547365342e+01    7.7970813310e-01    1.6800000000e+02    7.7539604473e-03    5.4459821429e-01
       270   -6.2717416690e+00    3.9371400937e+01   -1.0338208293e+01    4.0664666240e+00    8.4275257385e+00    7.0352107511e+00   -2.6536369833e+01    7.3542505078e-01    1.6800000000e+02    7.7191668984e-03    5.3968750000e-01
       271   -6.2905497334e+00    3.9591096860e+01   -1.0216112694e+01    3.9255629604e+00    8.2684010594e+00    7.0352107511e+00   -2.5923075258e+01    4.0335075321e-01    1.6800000000e+02    7.7176447653e-03    5.4175595238e-01
       272   -6.2485498278e+00    3.9113222040e+01   -1.0038049778e+01    3.7894999501e+00    8.6062486314e+00    7.0352107511e+00   -2.6501444301e+01    8.2193514025e-01    1.6800000000e+02    7.7441248660e-03    5.4550595238e-01
       273   -6.2513855948e+00    3.9383434065e+01   -1.0544706334e+01    4.2933207394e+00    8.3519685289e+00    7.0352107511e+00   -2.6515054281e+01    5.8316866699e-01    1.6800000000e+02    7.7130842976e-03    5.3910714286e-01
       274   -6.2456576585e+00    3.9073933096e+01   -1.0200508516e+01    3.9548508575e+00    8.3830963095e+00    7.0352107511e+00   -2.6600141397e+01    9.8132581996e-01    1.6800000000e+02    7.7187330379e-03    5.4127976190e-01
       275   -6.2857333521e+00    3.9552081720e+01   -1.0404259545e+01    4.1185261925e+00    8.4264620261e+00    7.0352107511e+00   -2.6514801106e+01    6.4886878449e-01    1.6800000000e+02    7.7218717779e-03    5.4255952381e-01
       276   -6.2738297247e+00    3.9399735691e+01   -1.0107511976e+01    3.8336822511e+00    8.3727320525e+00    7.0352107511e+00   -2.6292104418e+01    7.7664963902e-01    1.6800000000e+02    7.7086897606e-03    5.4104166667e-01
       277   -6.2853784535e+00    3.9529530397e+01   -1.0331282260e+01    4.0459038062e+00    8.2536708577e+00    7.0352107511e+00   -2.6126487130e+01    5.0632326138e-01    1.6800000000e+02    7.7108951962e-03    5.4062500000e-01
       278   -6.2848587164e+00    3.9536915548e+01   -1.0082598461e+01    3.7977397450e+00    8.3544512093e+00    7.0352107511e+00   -2.6206658394e+01    7.3439797228e-01    1.6800000000e+02    7.7748647447e-03    5.4360119048e-01
       279   -6.2648765048e+00    3.9311132994e+01   -1.0087547721e+01    3.8226712158e+00    8.4184066019e+00    7.0352107511e+00   -2.6356362341e+01    8.1519726697e-01    1.6800000000e+02    7.7457706571e-03    5.4419642857e-01
       280   -6.2551612788e+00    3.9187063359e+01   -9.9999841007e+00    3.7448228219e+00    8.3691597515e+00    7.0352107511e+00   -2.6374692796e+01    9.7033819259e-01    1.6800000000e+02    7.7683675502e-03    5.4596726190e-01
       281   -6.2769730538e+00    3.9524143981e+01   -1.0223767695e+01    3.9467946408e+00    8.5176260709e+00    7.0352107511e+00   -2.6660835257e+01    8.8423074022e-01    1.6800000000e+02    7.7056974378e-03    5.3956845238e-01
       282   -6.2604938465e+00    3.9292487128e+01   -1.0174509135e+01    3.9140152887e+00    8.5023345398e+00    7.0352107511e+00   -2.6514761040e+01    8.0270661426e-01    1.6800000000e+02    7.7411682495e-03    5.4062500000e-01
       283   -6.2804959049e+00    3.9476240618e+01   -1.0490501666e+01    4.2100057611e+00    8.4677564064e+00    7.0352107511e+00   -2.6765688995e+01    7.7222017153e-01    1.6800000000e+02    7.7980932464e-03    5.4305059524e-01
       284   -6.2659761505e+00    3.9329603929e+01   -1.0416376599e+01    4.1504004487e+00    8.5469846437e+00    7.0352107511e+00   -2.6833483548e+01    8.3491155351e-01    1.6800000000e+02    7.7061507285e-03    5.4092261905e-01
       285   -6.2842719312e+00    3.9537866699e+01   -1.0177999894e+01    3.8937279630e+00    8.3545910746e+00    7.0352107511e+00   -2.6193209905e+01    6.2540818490e-01    1.6800000000e+02    7.7328879353e-03    5.4529761905e-01
       286   -6.3064754071e+00    3.9809089600e+01   -1.0409168770e+01    4.1026933627e+00    8.3000453072e+00    7.0352107511e+00   -2.6255632361e+01    5.1120753302e-01    1.6800000000e+02    7.8246471600e-03    5.4940476190e-01
       287   -6.2587402930e+00    3.9210943273e+01   -1.0188311551e+01    3.9295712580e+00    8.3473541685e+00    7.0352107511e+00   -2.6543468843e+01    9.7259237224e-01    1.6800000000e+02    7.6930423605e-03    5.4188988095e-01
       288   -6.2679237417e+00    3.9338028873e+01   -1.0562324049e+01    4.2944003075e+00    8.3393487634e+00    7.0352107511e+00   -2.6595693359e+01    6.5880979558e-01    1.6800000000e+02    7.6806755193e-03    5.3691964286e-01
       289   -6.2708714972e+00    3.9383845228e+01   -1.0475401750e+01    4.2045302530e+00    8.2889269348e+00    7.0352107511e+00   -2.6532704681e+01    7.3316524522e-01    1.6800000000e+02    7.6643623345e-03    5.4061011905e-01
       290   -6.2699436913e+00    3.9340539669e+01   -1.0085597112e+01    3.8156534212e+00    8.2998137197e+00    7.0352107511e+00   -2.5982856999e+01    5.6223541589e-01    1.6800000000e+02    7.6309223909e-03    5.3839285714e-01
       291   -6.2759984245e+00    3.9452384532e+01   -9.9765548321e+00    3.7005564076e+00    8.2617149510e+00    7.0352107511e+00   -2.6176924484e+01    9.0344394940e-01    1.6800000000e+02    7.6449591683e-03    5.4242559524e-01
       292   -6.2341565687e+00    3.8980277560e+01   -1.0372092048e+01    4.1379354796e+00    8.4565647780e+00    7.0352107511e+00   -2.6849322044e+01    9.8545446625e-01    1.6800000000e+02    7.7184324840e-03    5.4275297619e-01
       293   -6.3094879819e+00    3.9844625039e+01   -1.0188837473e+01    3.8793494916e+00    8.5030811848e+00    7.0352107511e+00   -2.6506778516e+01    7.7964910627e-01    1.6800000000e+02    7.7124203478e-03    5.3895833333e-01
       294   -6.2521713865e+00    3.9142857581e+01   -1.0309793058e+01    4.0576216714e+00    8.4189217138e+00    7.0352107511e+00   -2.6532805957e+01    7.6888043443e-01    1.6800000000e+02    7.7473642221e-03    5.4471726190e-01
       295   -6.2733783969e+00    3.9397624132e+01   -1.0364075463e+01    4.0906970664e+00    8.4528960116e+00    7.0352107511e+00   -2.6551171601e+01    6.9898937520e-01    1.6800000000e+02    7.7746927744e-03    5.3937500000e-01
       296   -6.2637477923e+00    3.9277680577e+01   -1.0287526718e+01    4.0237789252e+00    8.4306466069e+00    7.0352107511e+00   -2.6579653877e+01    8.2626980190e-01    1.6800000000e+02    7.7444130937e-03    5.4031250000e-01
       297   -6.2619613747e+00    3.9279852888e+01   -1.0295242195e+01    4.0332808200e+00    8.5055715094e+00    7.0352107511e+00   -2.6773683571e+01    9.3765911542e-01    1.6800000000e+02    7.7490465538e-03    5.4052083333e-01
       298   -6.2788160415e+00    3.9461415961e+01   -1.0284775398e+01    4.0059593564e+00    8.3183379704e+00    7.0352107511e+00   -2.6353918992e+01    7.1559487286e-01    1.6800000000e+02    7.7257226221e-03    5.4312500000e-01
       299   -6.2415617653e+00    3.8997091400e+01   -1.0269728728e+01    4.0281669626e+00    8.4503474934e+00    7.0352107511e+00   -2.6693645342e+01    9.3835836948e-01    1.6800000000e+02    7.7753702533e-03    5.4250000000e-01
       300   -6.2386465839e+00    3.8952079941e+01   -1.0328560417e+01    4.0899138333e+00    8.4813885768e+00    7.0352107511e+00   -2.6649396722e+01    8.0423697655e-01    1.6800000000e+02    7.6999566268e-03    5.3715773810e-01
       301   -6.2812573563e+00    3.9480508091e+01   -1.0391382602e+01    4.1101252456e+00    8.4368701539e+00    7.0352107511e+00   -2.6584446584e+01    7.2098307721e-01    1.6800000000e+02    7.7023638601e-03    5.4111607143e-01
       302   -6.2519649337e+00    3.9151756204e+01   -1.0496260607e+01    4.2442956728e+00    8.4576917268e+00    7.0352107511e+00   -2.6970743408e+01    9.8158032372e-01    1.6800000000e+02    7.7833866429e-03    5.4544642857e-01
       303   -6.2656169678e+00    3.9302529012e+01   -1.0382713206e+01    4.1170962383e+00    8.4481845199e+00    7.0352107511e+00   -2.6788334020e+01    9.2222554315e-01    1.6800000000e+02    7.7348160557e-03    5.4480654762e-01
       304   -6.2672606418e+00    3.9303974397e+01   -9.8796129885e+00    3.6123523467e+00    8.3421096698e+00    7.0352107511e+00   -2.5873165338e+01    6.1623192887e-01    1.6800000000e+02    7.6890929375e-03    5.4355654762e-01
       305   -6.2593713897e+00    3.9226183025e+01   -1.0310943913e+01    4.0515725232e+00    8.4697009166e+00    7.0352107511e+00   -2.6709941800e+01    8.9408621988e-01    1.6800000000e+02    7.7224296096e-03    5.4245535714e-01
       306   -6.2637121877e+00    3.9299048944e+01   -1.0072497983e+01    3.8087857952e+00    8.3570220653e+00    7.0352107511e+00   -2.6259032609e+01    7.9430180912e-01    1.6800000000e+02    7.7488171380e-03    5.3915178571e-01
       307   -6.2164522285e+00    3.8714310733e+01   -1.0196326508e+01    3.9798742798e+00    8.4204251390e+00    7.0352107511e+00   -2.6499828414e+01    8.4786601546e-01    1.6800000000e+02    7.7766660252e-03    5.4866071429e-01
       308   -6.2684006108e+00    3.9345500513e+01   -1.0465425998e+01    4.1970253869e+00    8.3027003628e+00    7.0352107511e+00   -2.6569845696e+01    7.6650858408e-01    1.6800000000e+02    7.7446128264e-03    5.4589285714e-01
       309   -6.2643617461e+00    3.9293809030e+01   -1.0400974793e+01    4.1366130469e+00    8.4188593583e+00    7.0352107511e+00   -2.6598648682e+01    7.4360377957e-01    1.6800000000e+02    7.7138670631e-03    5.4061011905e-01
       310   -6.2566649228e+00    3.9195861805e+01   -1.0251002566e+01    3.9943376434e+00    8.4454008341e+00    7.0352107511e+00   -2.6490371972e+01    7.5875782058e-01    1.6800000000e+02    7.8262305497e-03    5.4217261905e-01
       311   -6.2794178516e+00    3.9470702984e+01   -1.0304292072e+01    4.0248742201e+00    8.4887165826e+00    7.0352107511e+00   -2.6654741147e+01    8.2652174160e-01    1.6800000000e+02    7.6970630215e-03    5.4089285714e-01
       312   -6.2641510686e+00    3.9313548997e+01   -1.0254186297e+01    3.9900352282e+00    8.4370838948e+00    7.0352107511e+00   -2.6561572119e+01    8.3509117651e-01    1.6800000000e+02    7.7363818058e-03    5.4247023810e-01
       313   -6.2415798218e+00    3.8991458907e+01   -1.0172607246e+01    3.9310274242e+00    8.4168990456e+00    7.0352107511e+00   -2.6350707739e+01    7.2599069579e-01    1.6800000000e+02    7.6854130824e-03    5.4104166667e-01
       314   -6.2713900471e+00    3.9362697428e+01   -1.0174877093e+01    3.9034870462e+00    8.2969563782e+00    7.0352107511e+00   -2.6168699485e+01    6.6165526261e-01    1.6800000000e+02    7.6223566956e-03    5.3843750000e-01
       315   -6.2586943312e+00    3.9198197543e+01   -1.0182450202e+01    3.9237558709e+00    8.4693580996e+00    7.0352107511e+00   -2.6508398058e+01    8.2137900504e-01    1.6800000000e+02    7.6633505191e-03    5.4084821429e-01
       316   -6.2632594845e+00    3.9265304518e+01   -1.0359496397e+01    4.0962369121e+00    8.4266717716e+00    7.0352107511e+00   -2.6441147059e+01    6.1976813927e-01    1.6800000000e+02    7.6871164104e-03    5.3897321429e-01
       317   -6.2655626571e+00    3.9290977020e+01   -1.0137595420e+01    3.8720327633e+00    8.4056982327e+00    7.0352107511e+00   -2.6281480107e+01    7.0297570306e-01    1.6800000000e+02    7.7474737939e-03    5.4001488095e-01
       318   -6.2774098432e+00    3.9504080835e+01   -1.0323174702e+01    4.0457648587e+00    8.3506385445e+00    7.0352107511e+00   -2.6507260729e+01    7.9823673098e-01    1.6800000000e+02    7.7428172864e-03    5.4419642857e-01
       319   -6.2706570445e+00    3.9360523091e+01   -9.8935373507e+00    3.6228803062e+00    8.2587465124e+00    7.0352107511e+00   -2.5906101897e+01    7.1860728318e-01    1.6800000000e+02    7.7222102416e-03    5.4395833333e-01
       320   -6.2171670125e+00    3.8752058171e+01   -1.0240139500e+01    4.0229724880e+00    8.4284755731e+00    7.0352107511e+00   -2.6852800648e+01    1.1489748232e+00    1.6800000000e+02    7.7145061916e-03    5.4441964286e-01
       321   -6.2503496261e+00    3.9109642962e+01   -1.0131578755e+01    3.8812291294e+00    8.4602772606e+00    7.0352107511e+00   -2.6335732246e+01    7.0866547919e-01    1.6800000000e+02    7.7284954494e-03    5.4712797619e-01
       322   -6.2715802288e+00    3.9363107522e+01   -1.0273607230e+01    4.0020270011e+00    8.4606931401e+00    7.0352107511e+00   -2.6639766825e+01    8.7025570338e-01    1.6800000000e+02    7.7838410341e-03    5.4272321429e-01
       323   -6.2702552522e+00    3.9347929514e+01   -1.0464651589e+01    4.1943963365e+00    8.3749828084e+00    7.0352107511e+00   -2.6685762543e+01    8.1091739473e-01    1.6800000000e+02    7.7257103126e-03    5.3962797619e-01
       324   -6.2460868717e+00    3.9115912737e+01   -9.9054645888e+00    3.6593777170e+00    8.4148708058e+00    7.0352107511e+00   -2.6095695160e+01    7.4014901469e-01    1.6800000000e+02    7.7348294352e-03    5.4241071429e-01
       325   -6.2738940034e+00    3.9385036111e+01   -1.0260830524e+01    3.9869365208e+00    8.5551760123e+00    7.0352107511e+00   -2.6546200500e+01    6.9498321281e-01    1.6800000000e+02    7.8412082152e-03    5.4386904762e-01
       326   -6.2698670130e+00    3.9346354386e+01   -1.0106880767e+01    3.8370137539e+00    8.2929333111e+00    7.0352107511e+00   -2.6097962080e+01    6.6293725094e-01    1.6800000000e+02    7.7321855573e-03    5.4141369048e-01
       327   -6.2839109631e+00    3.9537674614e+01   -1.0003214649e+01    3.7193036858e+00    8.3155818846e+00    7.0352107511e+00   -2.6048873107e+01    6.9486582248e-01    1.6800000000e+02    7.6708553658e-03    5.4020833333e-01
       328   -6.2830480841e+00    3.9516045932e+01   -1.0046836326e+01    3.7637882415e+00    8.4155556824e+00    7.0352107511e+00   -2.6333244208e+01    8.3564144840e-01    1.6800000000e+02    7.6822714653e-03    5.3949404762e-01
       329   -6.2802156279e+00    3.9487108089e+01   -1.0312361574e+01    4.0321459456e+00    8.4547083499e+00    7.0352107511e+00   -2.6745118805e+01    9.4283813034e-01    1.6800000000e+02    7.7313297467e-03    5.4229166667e-01
       330   -6.2943070070e+00    3.9642707153e+01   -1.0199885488e+01    3.9055784806e+00    8.4159105783e+00    7.0352107511e+00   -2.6342291457e+01    6.9128463945e-01    1.6800000000e+02    7.7319868696e-03    5.4550595238e-01
       331   -6.2425333070e+00    3.9018207352e+01   -1.0145675605e+01    3.9031422980e+00    8.4548357197e+00    7.0352107511e+00   -2.6606169880e+01    9.7044780412e-01    1.6800000000e+02    7.7569886953e-03    5.3971726190e-01
       332   -6.2676237635e+00    3.9312513166e+01   -1.0416269625e+01    4.1486458612e+00    8.5774291616e+00    7.0352107511e+00   -2.6655948451e+01    6.2703891376e-01    1.6800000000e+02    7.7482870575e-03    5.4297619048e-01
       333   -6.2621245255e+00    3.9257175369e+01   -1.0289971811e+01    4.0278472853e+00    8.4233441004e+00    7.0352107511e+00   -2.6561208506e+01    8.1268184390e-01    1.6800000000e+02    7.7843529316e-03    5.4269345238e-01
       334   -6.2229835618e+00    3.8846949728e+01   -1.0186607528e+01    3.9636239657e+00    8.4529259035e+00    7.0352107511e+00   -2.6486924234e+01    8.1218005179e-01    1.6800000000e+02    7.7238528091e-03    5.4035714286e-01
       335   -6.2789078537e+00    3.9459442860e+01   -1.0536660523e+01    4.2577526691e+00    8.3893311150e+00    7.0352107511e+00   -2.6747213254e+01    7.8601086535e-01    1.6800000000e+02    7.7878162209e-03    5.4217261905e-01
       336   -6.2529330122e+00    3.9177230538e+01   -9.9070699680e+00    3.6541369558e+00    8.3094536119e+00    7.0352107511e+00   -2.6181323210e+01    9.2958887909e-01    1.6800000000e+02    7.7123904983e-03    5.4261904762e-01
       337   -6.2724411815e+00    3.9377499602e+01   -1.0355461867e+01    4.0830206858e+00    8.4369564450e+00    7.0352107511e+00   -2.6737183569e+01    9.0955450569e-01    1.6800000000e+02    7.7217356496e-03    5.4654761905e-01
       338   -6.2716037453e+00    3.9360272702e+01   -1.0453803562e+01    4.1821998170e+00    8.3865612554e+00    7.0352107511e+00   -2.6456086600e+01    5.8051103068e-01    1.6800000000e+02    7.6746719368e-03    5.3989583333e-01
       339   -6.2818393679e+00    3.9494666191e+01   -1.0233593795e+01    3.9517544273e+00    8.4500684673e+00    7.0352107511e+00   -2.6620337418e+01    9.0146440477e-01    1.6800000000e+02    7.6743733897e-03    5.3989583333e-01
       340   -6.2888026602e+00    3.9583333217e+01   -1.0271411586e+01    3.9826089257e+00    8.4217460022e+00    7.0352107511e+00   -2.6479553765e+01    7.5118542545e-01    1.6800000000e+02    7.7235284954e-03    5.4363095238e-01
       341   -6.2492738559e+00    3.9101471835e+01   -9.9200944669e+00    3.6708206110e+00    8.3141230739e+00    7.0352107511e+00   -2.6218691629e+01    9.4926333706e-01    1.6800000000e+02    7.6595127882e-03    5.4296130952e-01
       342   -6.2761553141e+00    3.9419273652e+01   -1.0142376520e+01    3.8662212059e+00    8.2375789702e+00    7.0352107511e+00   -2.6069659138e+01    6.5449289639e-01    1.6800000000e+02    7.7113895123e-03    5.4270833333e-01
       343   -6.2858599562e+00    3.9542320638e+01   -1.0486099529e+01    4.2002395730e+00    8.5292292596e+00    7.0352107511e+00   -2.6691424517e+01    6.4088497655e-01    1.6800000000e+02    7.7647046253e-03    5.4175595238e-01
       344   -6.2626784889e+00    3.9317410974e+01   -1.0175201791e+01    3.9125233018e+00    8.6192652853e+00    7.0352107511e+00   -2.6563812649e+01    7.3413482204e-01    1.6800000000e+02    7.7923003146e-03    5.4130952381e-01
       345   -6.2932225901e+00    3.9696201650e+01   -1.0321363534e+01    4.0281409435e+00    8.4577721275e+00    7.0352107511e+00   -2.6754238286e+01    9.3989187420e-01    1.6800000000e+02    7.7335811303e-03    5.4218750000e-01
       346   -6.2605691071e+00    3.9217463505e+01   -1.0334396705e+01    4.0738275974e+00    8.3612635307e+00    7.0352107511e+00   -2.6392486379e+01    6.6161539264e-01    1.6800000000e+02    7.7251437968e-03    5.4272321429e-01
       347   -6.2871165500e+00    3.9561786314e+01   -1.0269229938e+01    3.9821133882e+00    8.3351560998e+00    7.0352107511e+00   -2.6374954898e+01    7.3535810840e-01    1.6800000000e+02    7.7470267508e-03    5.4260416667e-01
       348   -6.2481374855e+00    3.9084759423e+01   -1.0224403045e+01    3.9762655593e+00    8.4738854734e+00    7.0352107511e+00   -2.6559216914e+01    8.2571764424e-01    1.6800000000e+02    7.6940769102e-03    5.4130952381e-01
       349   -6.2381375135e+00    3.9003940467e+01   -1.0198423096e+01    3.9602855824e+00    8.5841897978e+00    7.0352107511e+00   -2.6991751282e+01    1.1739276376e+00    1.6800000000e+02    7.6829036421e-03    5.3824404762e-01
       350   -6.3028450349e+00    3.9762218552e+01   -1.0261017896e+01    3.9581728608e+00    8.3782874439e+00    7.0352107511e+00   -2.6210381003e+01    5.3586491244e-01    1.6800000000e+02    7.7035183231e-03    5.4113095238e-01
       351   -6.2869764732e+00    3.9567672525e+01   -1.0042271569e+01    3.7552950958e+00    8.4079012362e+00    7.0352107511e+00   -2.6312077165e+01    8.2669360836e-01    1.6800000000e+02    7.7187210055e-03    5.4279761905e-01
       352   -6.2033893013e+00    3.8740892891e+01   -9.8055358228e+00    3.6021465215e+00    8.5677838822e+00    7.0352107511e+00   -2.6563276572e+01    1.1547461161e+00    1.6800000000e+02    7.7311415641e-03    5.4532738095e-01
       353   -6.2417682218e+00    3.9044612413e+01   -1.0219965995e+01    3.9781977732e+00    8.4920809089e+00    7.0352107511e+00   -2.6665984806e+01    9.1872715136e-01    1.6800000000e+02    7.8029722042e-03    5.4476190476e-01
       354   -6.2803971254e+00    3.9481800416e+01   -1.0414970672e+01    4.1345735464e+00    8.4280319586e+00    7.0352107511e+00   -2.6407621981e+01    5.2940859921e-01    1.6800000000e+02    7.7442508856e-03    5.4319940476e-01
       355   -6.2535777846e+00    3.9171983655e+01   -1.0065298862e+01    3.8117210774e+00    8.3355377636e+00    7.0352107511e+00   -2.6436793853e+01    1.0007464762e+00    1.6800000000e+02    7.7133445773e-03    5.4144345238e-01
       356   -6.2565922585e+00    3.9198429746e+01   -1.0111790148e+01    3.8551978898e+00    8.4810773864e+00    7.0352107511e+00   -2.6470518934e+01    8.4244064850e-01    1.6800000000e+02    7.7060694346e-03    5.4224702381e-01
       357   -6.2770322204e+00    3.9422921969e+01   -1.0544832593e+01    4.2678003723e+00    8.5259763127e+00    7.0352107511e+00   -2.6677012803e+01    5.7099314682e-01    1.6800000000e+02    7.7833814680e-03    5.4311011905e-01
       358   -6.2235627671e+00    3.8896877345e+01   -1.0236106228e+01    4.0125434608e+00    8.5593995559e+00    7.0352107511e+00   -2.6785039325e+01    9.5432279014e-01    1.6800000000e+02    7.7553547315e-03    5.4174107143e-01
       359   -6.3024082543e+00    3.9746556276e+01   -1.0332950687e+01    4.0305424325e+00    8.4007007335e+00    7.0352107511e+00   -2.6337720924e+01    5.6885875236e-01    1.6800000000e+02    7.7445223911e-03    5.4175595238e-01
       360   -6.2482781040e+00    3.9094614288e+01   -1.0049307614e+01    3.8010295098e+00    8.4301793344e+00    7.0352107511e+00   -2.6278452053e+01    7.6375435326e-01    1.6800000000e+02    7.6646171538e-03    5.3901785714e-01
       361   -6.2839520818e+00    3.9523607870e+01   -1.0118982788e+01    3.8350307057e+00    8.3192179329e+00    7.0352107511e+00   -2.6269267876e+01    7.9585640410e-01    1.6800000000e+02    7.7538236538e-03    5.4456845238e-01
       362   -6.2640161940e+00    3.9270310805e+01   -1.0647014096e+01    4.3829979021e+00    8.5794324020e+00    7.0352107511e+00   -2.6891565269e+01    6.2990801962e-01    1.6800000000e+02    7.7113241839e-03    5.3988095238e-01
       363   -6.2662932271e+00    3.9334528895e+01   -1.0325118744e+01    4.0588255173e+00    8.4188500900e+00    7.0352107511e+00   -2.6761702400e+01    9.8252281410e-01    1.6800000000e+02    7.7775601142e-03    5.4087797619e-01
       364   -6.2467779016e+00    3.9074143682e+01   -1.0259615186e+01    4.0128372841e+00    8.4772131485e+00    7.0352107511e+00   -2.6532442683e+01    7.6040359770e-01    1.6800000000e+02    7.7376350611e-03    5.3867559524e-01
       365   -6.2900838683e+00    3.9595931244e+01   -1.0225244332e+01    3.9351604639e+00    8.4515658801e+00    7.0352107511e+00   -2.6309349817e+01    5.9732885381e-01    1.6800000000e+02    7.7239975937e-03    5.4293154762e-01
       366   -6.2551036894e+00    3.9211973803e+01   -1.0352169927e+01    4.0970662375e+00    8.5036877451e+00    7.0352107511e+00   -2.6985534685e+01    1.0944662622e+00    1.6800000000e+02    7.6993503885e-03    5.4044642857e-01
       367   -6.2799098881e+00    3.9467126691e+01   -1.0180412335e+01    3.9005024465e+00    8.3734372286e+00    7.0352107511e+00   -2.6192738491e+01    6.0367817672e-01    1.6800000000e+02    7.6997267565e-03    5.4029761905e-01
       368   -6.2724127678e+00    3.9371151627e+01   -1.0472420715e+01    4.2000079472e+00    8.4738924038e+00    7.0352107511e+00   -2.6732639373e+01    7.5111550332e-01    1.6800000000e+02    7.7515116926e-03    5.3770833333e-01
       369   -6.2510098834e+00    3.9114436671e+01   -1.0153808143e+01    3.9027982593e+00    8.3122532752e+00    7.0352107511e+00   -2.6186624201e+01    6.8535203181e-01    1.6800000000e+02    7.7766045800e-03    5.4316964286e-01
       370   -6.2562019659e+00    3.9176734737e+01   -9.8717863667e+00    3.6155844008e+00    8.4512262978e+00    7.0352107511e+00   -2.6232851143e+01    8.7462772774e-01    1.6800000000e+02    7.7292825417e-03    5.4377976190e-01
       371   -6.2586658718e+00    3.9218178796e+01   -1.0246414203e+01    3.9877483316e+00    8.3799265246e+00    7.0352107511e+00   -2.6429369095e+01    7.6781761586e-01    1.6800000000e+02    7.7593773797e-03    5.4505952381e-01
       372   -6.2241390778e+00    3.8817055900e+01   -1.0387827315e+01    4.1636882368e+00    8.3924188403e+00    7.0352107511e+00   -2.6746099049e+01    9.3064214269e-01    1.6800000000e+02    7.7767569012e-03    5.4559523810e-01
       373   -6.2498346726e+00    3.9110275725e+01   -1.0063950112e+01    3.8141154399e+00    8.4092132493e+00    7.0352107511e+00   -2.6429261104e+01    9.2088699072e-01    1.6800000000e+02    7.6750110574e-03    5.4141369048e-01
       374   -6.2784901641e+00    3.9454239346e+01   -1.0531146653e+01    4.2526564893e+00    8.6371174374e+00    7.0352107511e+00   -2.6860521989e+01    6.5704714737e-01    1.6800000000e+02    7.7381157399e-03    5.4162202381e-01
       375   -6.2751940729e+00    3.9425740460e+01   -1.0362076894e+01    4.0868828210e+00    8.3460462860e+00    7.0352107511e+00   -2.6440693994e+01    6.9736006288e-01    1.6800000000e+02    7.8076966290e-03    5.4687500000e-01
       376   -6.2812416813e+00    3.9482547746e+01   -1.0078921311e+01    3.7976796296e+00    8.3893296675e+00    7.0352107511e+00   -2.6281886218e+01    7.7842448871e-01    1.6800000000e+02    7.7334682269e-03    5.4577380952e-01
       377   -6.2785518312e+00    3.9462025444e+01   -1.0144859110e+01    3.8663072792e+00    8.4417684788e+00    7.0352107511e+00   -2.6444838836e+01    8.2300049605e-01    1.6800000000e+02    7.7457635614e-03    5.4270833333e-01
       378   -6.2677451052e+00    3.9329652721e+01   -1.0394573506e+01    4.1268284006e+00    8.4223244693e+00    7.0352107511e+00   -2.6552667029e+01    7.0055830245e-01    1.6800000000e+02    7.7488372058e-03    5.3968750000e-01
       379   -6.2835084605e+00    3.9523416036e+01   -9.9897196204e+00    3.7062111599e+00    8.5051253635e+00    7.0352107511e+00   -2.6181349679e+01    6.5129394348e-01    1.6800000000e+02    7.7503666343e-03    5.4342261905e-01
       380   -6.2669319573e+00    3.9316655268e+01   -1.0302137285e+01    4.0352053280e+00    8.4550477147e+00    7.0352107511e+00   -2.6671040352e+01    8.7864460068e-01    1.6800000000e+02    7.6549003078e-03    5.4072916667e-01
       381   -6.2482003350e+00    3.9106598076e+01   -1.0108378030e+01    3.8601776946e+00    8.2040528444e+00    7.0352107511e+00   -2.6201185807e+01    8.5354418183e-01    1.6800000000e+02    7.6919211202e-03    5.4513392857e-01
       382   -6.2783242935e+00    3.9462404461e+01   -1.0058141544e+01    3.7798172506e+00    8.4580757417e+00    7.0352107511e+00   -2.6239439903e+01    6.8801186604e-01    1.6800000000e+02    7.7475112159e-03    5.4325892857e-01
       383   -6.2627004013e+00    3.9278029143e+01   -1.0124576297e+01    3.8618758959e+00    8.4528820642e+00    7.0352107511e+00   -2.6421096838e+01    8.0842772586e-01    1.6800000000e+02    7.7651244439e-03    5.4729166667e-01
       384   -6.2671965161e+00    3.9323903482e+01   -1.0492551252e+01    4.2253547362e+00    8.3030831007e+00    7.0352107511e+00   -2.6615016221e+01    7.8417111695e-01    1.6800000000e+02    7.6723400631e-03    5.4127976190e-01
       385   -6.2311873472e+00    3.8896042024e+01   -1.0346010170e+01    4.1148228227e+00    8.3818008100e+00    7.0352107511e+00   -2.6628016327e+01    8.6499459551e-01    1.6800000000e+02    7.7242783792e-03    5.4584821429e-01
       386   -6.2403519183e+00    3.9001541753e+01   -9.9231933019e+00    3.6828413836e+00    8.1815384970e+00    7.0352107511e+00   -2.6012663891e+01    8.7272134087e-01    1.6800000000e+02    7.6684058655e-03    5.3809523810e-01
       387   -6.2558871483e+00    3.9178468363e+01   -1.0006728991e+01    3.7508418426e+00    8.3361361298e+00    7.0352107511e+00   -2.6220583649e+01    8.4250777761e-01    1.6800000000e+02    7.6556074117e-03    5.4305059524e-01
       388   -6.2478768671e+00    3.9140046778e+01   -1.0327784013e+01    4.0799071456e+00    8.4523016702e+00    7.0352107511e+00   -2.6732924007e+01    9.1762757279e-01    1.6800000000e+02    7.6820699587e-03    5.4383928571e-01
       389   -6.2745895942e+00    3.9419518568e+01   -1.0219191386e+01    3.9446017915e+00    8.3980576360e+00    7.0352107511e+00   -2.6363831063e+01    7.1137128972e-01    1.6800000000e+02    7.6887918597e-03    5.4272321429e-01
       390   -6.2694609644e+00    3.9333046419e+01   -1.0379842770e+01    4.1103818054e+00    8.4584274295e+00    7.0352107511e+00   -2.6430134834e+01    5.5665388372e-01    1.6800000000e+02    7.6975443323e-03    5.4514880952e-01
       391   -6.2945732580e+00    3.9646829614e+01   -1.0494777058e+01    4.2002037996e+00    8.3877911722e+00    7.0352107511e+00   -2.6737806235e+01    8.2002725427e-01    1.6800000000e+02    7.7475079452e-03    5.4343750000e-01
       392   -6.2662468890e+00    3.9305028769e+01   -1.0372823395e+01    4.1065765057e+00    8.4171106745e+00    7.0352107511e+00   -2.6420087301e+01    5.9494248071e-01    1.6800000000e+02    7.7565787914e-03    5.4217261905e-01
       393   -6.2744244461e+00    3.9398572070e+01   -1.0088564913e+01    3.8141404673e+00    8.3732465711e+00    7.0352107511e+00   -2.6243991047e+01    7.4696881146e-01    1.6800000000e+02    7.6548024774e-03    5.3879464286e-01
       394   -6.2812891403e+00    3.9490889921e+01   -1.0303773030e+01    4.0224838896e+00    8.3859380027e+00    7.0352107511e+00   -2.6536005202e+01    8.1108341822e-01    1.6800000000e+02    7.7116701342e-03    5.3921130952e-01
       395   -6.2691258254e+00    3.9351528450e+01   -9.9119462028e+00    3.6428203775e+00    8.5172903063e+00    7.0352107511e+00   -2.6182241052e+01    7.1779379201e-01    1.6800000000e+02    7.7026906712e-03    5.4053571429e-01
       396   -6.2488850167e+00    3.9108913935e+01   -1.0565102762e+01    4.3162177455e+00    8.3849571874e+00    7.0352107511e+00   -2.6805028247e+01    8.1975754590e-01    1.6800000000e+02    7.7624501677e-03    5.4153273810e-01
       397   -6.2621556810e+00    3.9274645622e+01   -1.0406498210e+01    4.1443425286e+00    8.4635420956e+00    7.0352107511e+00   -2.6747434918e+01    8.4218386220e-01    1.6800000000e+02    7.7828954811e-03    5.4127976190e-01
       398   -6.2887983851e+00    3.9612576432e+01   -1.0345747354e+01    4.0569489684e+00    8.6529987548e+00    7.0352107511e+00   -2.6858114110e+01    8.2415725031e-01    1.6800000000e+02    7.7850786675e-03    5.4038690476e-01
       399   -6.2833838484e+00    3.9510700040e+01   -1.0497063629e+01    4.2136797810e+00    8.3866718667e+00    7.0352107511e+00   -2.6482396837e+01    5.6345058984e-01    1.6800000000e+02    7.7212573489e-03    5.4139880952e-01
