#   index    LocalEnergy         LocalEnergy_sq      LocalPotential      Kinetic             ElecElec            IonIon              LocalECP            NonLocalECP         BlockWeight         BlockCPU            AcceptRatio         
         0   -6.2746451253e+00    3.9410459004e+01   -1.0281091571e+01    4.0064464454e+00    8.4451450888e+00    7.0352112605e+00   -2.6494475314e+01    7.3302739381e-01    2.5296760000e+06    2.1847605869e+01    9.9996203683e-01
         1   -6.2765567863e+00    3.9431916618e+01   -1.0282746906e+01    4.0061901201e+00    8.4394331189e+00    7.0352112605e+00   -2.6492410767e+01    7.3501948105e-01    2.5366570000e+06    2.1685268709e+01    9.9996106651e-01
         2   -6.2786193659e+00    3.9454735686e+01   -1.0245673514e+01    3.9670541482e+00    8.4183758398e+00    7.0352112605e+00   -2.6415257674e+01    7.1599705914e-01    2.5337870000e+06    2.1739753851e+01    9.9996122395e-01
         3   -6.2740803360e+00    3.9402228953e+01   -1.0245398791e+01    3.9713184546e+00    8.4226011016e+00    7.0352112605e+00   -2.6434875906e+01    7.3166475337e-01    2.5073560000e+06    2.1614643383e+01    9.9996240443e-01
         4   -6.2751267040e+00    3.9416600096e+01   -1.0230832206e+01    3.9557055021e+00    8.4603989851e+00    7.0352112605e+00   -2.6504855211e+01    7.7841275974e-01    2.5129220000e+06    2.1790359226e+01    9.9996172631e-01
         5   -6.2754307081e+00    3.9419905135e+01   -1.0225315606e+01    3.9498848977e+00    8.4530066699e+00    7.0352112605e+00   -2.6465882479e+01    7.5234894270e-01    2.5293010000e+06    2.1796349188e+01    9.9996449876e-01
         6   -6.2796784827e+00    3.9470525364e+01   -1.0270741732e+01    3.9910632496e+00    8.4598997595e+00    7.0352112605e+00   -2.6493521601e+01    7.2766884832e-01    2.5148490000e+06    2.2042340309e+01    9.9996181306e-01
         7   -6.2776595470e+00    3.9444508222e+01   -1.0256051732e+01    3.9783921846e+00    8.4412422575e+00    7.0352112605e+00   -2.6457170188e+01    7.2466493863e-01    2.5253040000e+06    2.2107900666e+01    9.9996375002e-01
         8   -6.2777997142e+00    3.9462023290e+01   -1.0223624481e+01    3.9458247667e+00    8.4143431769e+00    7.0352112605e+00   -2.6377549480e+01    7.0437056209e-01    2.5337100000e+06    2.1662569421e+01    9.9996087920e-01
         9   -6.2754589406e+00    3.9414143082e+01   -1.0247689398e+01    3.9722304574e+00    8.4105031124e+00    7.0352112605e+00   -2.6402498388e+01    7.0909461695e-01    2.5157700000e+06    2.1505629311e+01    9.9996466739e-01
        10   -6.2741600963e+00    3.9399594685e+01   -1.0270818323e+01    3.9966582265e+00    8.4174632902e+00    7.0352112605e+00   -2.6441192492e+01    7.1769961897e-01    2.5180000000e+06    2.1952026959e+01    9.9996267407e-01
        11   -6.2767085664e+00    3.9429898498e+01   -1.0311170708e+01    4.0344621415e+00    8.4479919811e+00    7.0352112605e+00   -2.6513205153e+01    7.1883120384e-01    2.5178170000e+06    2.1889099793e+01    9.9996379257e-01
        12   -6.2768248941e+00    3.9433352985e+01   -1.0283188872e+01    4.0063639783e+00    8.4596533247e+00    7.0352112605e+00   -2.6517133909e+01    7.3908045184e-01    2.5264280000e+06    2.2053757676e+01    9.9996292844e-01
        13   -6.2776471304e+00    3.9446448368e+01   -1.0289442281e+01    4.0117951509e+00    8.4510070827e+00    7.0352112605e+00   -2.6490234711e+01    7.1457408611e-01    2.5266590000e+06    2.1708118149e+01    9.9996363582e-01
        14   -6.2769118581e+00    3.9436804181e+01   -1.0264221116e+01    3.9873092583e+00    8.4392496018e+00    7.0352112605e+00   -2.6495834401e+01    7.5715242272e-01    2.5268790000e+06    2.1848569266e+01    9.9996123100e-01
        15   -6.2801694193e+00    3.9474725193e+01   -1.0292530873e+01    4.0123614537e+00    8.4392168954e+00    7.0352112605e+00   -2.6469335348e+01    7.0237631940e-01    2.5282200000e+06    2.2244679283e+01    9.9996498670e-01
        16   -6.2760375079e+00    3.9430464836e+01   -1.0296052045e+01    4.0200145368e+00    8.4405275258e+00    7.0352112605e+00   -2.6474688157e+01    7.0289732626e-01    2.5169500000e+06    2.1501028155e+01    9.9996340208e-01
        17   -6.2770136176e+00    3.9440051965e+01   -1.0259745107e+01    3.9827314898e+00    8.4212978947e+00    7.0352112605e+00   -2.6421336815e+01    7.0508255269e-01    2.5099990000e+06    2.2197444385e+01    9.9996152841e-01
        18   -6.2744806462e+00    3.9404465684e+01   -1.0251063880e+01    3.9765832335e+00    8.4369722109e+00    7.0352112605e+00   -2.6465513970e+01    7.4226661922e-01    2.5088160000e+06    2.1559337118e+01    9.9996467869e-01
        19   -6.2739649987e+00    3.9398740992e+01   -1.0223806181e+01    3.9498411827e+00    8.4254141082e+00    7.0352112605e+00   -2.6457484178e+01    7.7305262781e-01    2.4961940000e+06    2.1864174952e+01    9.9996429120e-01
        20   -6.2795651494e+00    3.9470446455e+01   -1.0238121853e+01    3.9585567034e+00    8.4198598848e+00    7.0352112605e+00   -2.6441897900e+01    7.4870490208e-01    2.4948590000e+06    2.2024240206e+01    9.9996187489e-01
        21   -6.2806487747e+00    3.9481480181e+01   -1.0260230504e+01    3.9795817296e+00    8.4335918700e+00    7.0352112605e+00   -2.6447180498e+01    7.1814686278e-01    2.5105810000e+06    2.1881513448e+01    9.9996046541e-01
        22   -6.2747175083e+00    3.9417010159e+01   -1.0311018949e+01    4.0363014403e+00    8.4655341984e+00    7.0352112605e+00   -2.6551960251e+01    7.4019584373e-01    2.5098580000e+06    2.2043521942e+01    9.9996035821e-01
        23   -6.2744693714e+00    3.9409033825e+01   -1.0273892962e+01    3.9994235908e+00    8.4345218387e+00    7.0352112605e+00   -2.6487070275e+01    7.4344421348e-01    2.5221270000e+06    2.1955189810e+01    9.9996289542e-01
        24   -6.2745037451e+00    3.9402968018e+01   -1.0241237696e+01    3.9667339513e+00    8.4058659859e+00    7.0352112605e+00   -2.6397772417e+01    7.1545747435e-01    2.5122430000e+06    2.1693470801e+01    9.9996213733e-01
        25   -6.2749304034e+00    3.9409152970e+01   -1.0229865822e+01    3.9549354181e+00    8.4270317347e+00    7.0352112605e+00   -2.6417649714e+01    7.2554089766e-01    2.5025140000e+06    2.1539809749e+01    9.9996488972e-01
        26   -6.2772277345e+00    3.9440550611e+01   -1.0215948944e+01    3.9387212094e+00    8.4141725523e+00    7.0352112605e+00   -2.6372227178e+01    7.0689442170e-01    2.4999900000e+06    2.1788611612e+01    9.9996260760e-01
        27   -6.2774473212e+00    3.9443635007e+01   -1.0241310359e+01    3.9638630378e+00    8.4158917733e+00    7.0352112605e+00   -2.6414436539e+01    7.2202314600e-01    2.4940700000e+06    2.1904859644e+01    9.9996587125e-01
        28   -6.2782939183e+00    3.9453381970e+01   -1.0270795788e+01    3.9925018695e+00    8.4438228718e+00    7.0352112605e+00   -2.6536638284e+01    7.8680836353e-01    2.5141420000e+06    2.1540652847e+01    9.9996296592e-01
        29   -6.2762173863e+00    3.9431355287e+01   -1.0288504522e+01    4.0122871355e+00    8.4207357904e+00    7.0352112605e+00   -2.6480168411e+01    7.3571683844e-01    2.5314100000e+06    2.1782851025e+01    9.9996304223e-01
        30   -6.2738796522e+00    3.9397596554e+01   -1.0284375288e+01    4.0104956361e+00    8.4317351090e+00    7.0352112605e+00   -2.6505250138e+01    7.5392848041e-01    2.5184470000e+06    2.1977134644e+01    9.9996438113e-01
        31   -6.2732633375e+00    3.9393149262e+01   -1.0278343927e+01    4.0050805894e+00    8.4541069469e+00    7.0352112605e+00   -2.6525411442e+01    7.5774930822e-01    2.5063310000e+06    2.2200902286e+01    9.9996427543e-01
        32   -6.2748799046e+00    3.9413287531e+01   -1.0251147158e+01    3.9762672531e+00    8.4479726380e+00    7.0352112605e+00   -2.6491997545e+01    7.5766648848e-01    2.5190230000e+06    2.1819320584e+01    9.9996165932e-01
        33   -6.2773647968e+00    3.9440322706e+01   -1.0250936268e+01    3.9735714713e+00    8.4363326337e+00    7.0352112605e+00   -2.6443216781e+01    7.2073661883e-01    2.5076690000e+06    2.1636671265e+01    9.9996535828e-01
        34   -6.2793742408e+00    3.9467042322e+01   -1.0261405070e+01    3.9820308288e+00    8.4336250903e+00    7.0352112605e+00   -2.6457260527e+01    7.2701910655e-01    2.5202740000e+06    2.1724530165e+01    9.9996333851e-01
        35   -6.2778406534e+00    3.9448650898e+01   -1.0207388924e+01    3.9295482705e+00    8.4040074380e+00    7.0352112605e+00   -2.6383671847e+01    7.3706422472e-01    2.5318710000e+06    2.1547626472e+01    9.9996598575e-01
        36   -6.2760481308e+00    3.9427971817e+01   -1.0209272927e+01    3.9332247958e+00    8.4039489849e+00    7.0352112605e+00   -2.6371961929e+01    7.2352875666e-01    2.5226810000e+06    2.1403069036e+01    9.9996431411e-01
        37   -6.2756840745e+00    3.9420408595e+01   -1.0260317862e+01    3.9846337877e+00    8.4147396154e+00    7.0352112605e+00   -2.6449078453e+01    7.3880971507e-01    2.5110770000e+06    2.1801786147e+01    9.9996420661e-01
        38   -6.2779157245e+00    3.9448724775e+01   -1.0261430735e+01    3.9835150104e+00    8.4314478135e+00    7.0352112605e+00   -2.6466066057e+01    7.3797624842e-01    2.5185770000e+06    2.1714848985e+01    9.9996299466e-01
        39   -6.2767480781e+00    3.9433861075e+01   -1.0267768596e+01    3.9910205176e+00    8.4266950812e+00    7.0352112605e+00   -2.6446984941e+01    7.1731000356e-01    2.4987670000e+06    2.1675351070e+01    9.9996318608e-01
        40   -6.2752657082e+00    3.9416718647e+01   -1.0281811120e+01    4.0065454114e+00    8.4468931764e+00    7.0352112605e+00   -2.6523728828e+01    7.5981327104e-01    2.4970910000e+06    2.1644093291e+01    9.9996321758e-01
        41   -6.2791653435e+00    3.9462990819e+01   -1.0268314794e+01    3.9891494509e+00    8.4346839346e+00    7.0352112605e+00   -2.6462972244e+01    7.2476225423e-01    2.5001270000e+06    2.1576855629e+01    9.9996565421e-01
        42   -6.2791201388e+00    3.9463570870e+01   -1.0309661343e+01    4.0305412038e+00    8.4513059496e+00    7.0352112605e+00   -2.6549626235e+01    7.5344768176e-01    2.5233760000e+06    2.1776084359e+01    9.9996448735e-01
        43   -6.2775094199e+00    3.9451133956e+01   -1.0267271138e+01    3.9897617179e+00    8.4418114175e+00    7.0352112605e+00   -2.6507837852e+01    7.6354403657e-01    2.5379370000e+06    2.1667000857e+01    9.9995951424e-01
        44   -6.2771620882e+00    3.9439399939e+01   -1.0264667932e+01    3.9875058436e+00    8.4384417940e+00    7.0352112605e+00   -2.6477156404e+01    7.3883541726e-01    2.5349990000e+06    2.1934482825e+01    9.9996530897e-01
        45   -6.2788367857e+00    3.9458099989e+01   -1.0329035068e+01    4.0501982821e+00    8.4356646297e+00    7.0352112605e+00   -2.6498312950e+01    6.9840199168e-01    2.5380510000e+06    2.1552222510e+01    9.9996142853e-01
        46   -6.2761089031e+00    3.9425756844e+01   -1.0287205333e+01    4.0110964297e+00    8.4337719130e+00    7.0352112605e+00   -2.6475274733e+01    7.1908622661e-01    2.5363830000e+06    2.2073868235e+01    9.9996135131e-01
        47   -6.2737936393e+00    3.9398182519e+01   -1.0275786141e+01    4.0019925015e+00    8.4248791291e+00    7.0352112605e+00   -2.6463654999e+01    7.2777846892e-01    2.5294320000e+06    2.1792360598e+01    9.9996333444e-01
        48   -6.2744876001e+00    3.9405360115e+01   -1.0272866175e+01    3.9983785749e+00    8.4021907482e+00    7.0352112605e+00   -2.6415075077e+01    7.0480689383e-01    2.5295770000e+06    2.1733493535e+01    9.9996230660e-01
        49   -6.2767815182e+00    3.9434179070e+01   -1.0273698325e+01    3.9969168073e+00    8.4247132336e+00    7.0352112605e+00   -2.6441596763e+01    7.0797394323e-01    2.5108010000e+06    2.1803669742e+01    9.9996345625e-01
        50   -6.2767648677e+00    3.9433086765e+01   -1.0317951872e+01    4.0411870039e+00    8.4189502058e+00    7.0352112605e+00   -2.6486116865e+01    7.1400352681e-01    2.5144820000e+06    2.1829975299e+01    9.9996463877e-01
        51   -6.2802238988e+00    3.9476723414e+01   -1.0302222491e+01    4.0219985925e+00    8.4289600060e+00    7.0352112605e+00   -2.6497999323e+01    7.3160556533e-01    2.5076280000e+06    2.1824486763e+01    9.9996245550e-01
        52   -6.2761215553e+00    3.9424873009e+01   -1.0272999743e+01    3.9968781875e+00    8.4161581753e+00    7.0352112605e+00   -2.6435328877e+01    7.1095969824e-01    2.5123060000e+06    2.1922594635e+01    9.9996462627e-01
        53   -6.2778373271e+00    3.9445473227e+01   -1.0288640960e+01    4.0108036329e+00    8.4195889271e+00    7.0352112605e+00   -2.6462039801e+01    7.1859865291e-01    2.5149850000e+06    2.1473853231e+01    9.9996316813e-01
        54   -6.2767688655e+00    3.9431030206e+01   -1.0255894617e+01    3.9791257518e+00    8.4228574105e+00    7.0352112605e+00   -2.6460501817e+01    7.4653852836e-01    2.5163890000e+06    2.1672195198e+01    9.9996387398e-01
        55   -6.2772850898e+00    3.9439052017e+01   -1.0255817581e+01    3.9785324915e+00    8.4332731986e+00    7.0352112605e+00   -2.6446940172e+01    7.2263813160e-01    2.5284830000e+06    2.1770442722e+01    9.9996282354e-01
        56   -6.2746502941e+00    3.9407877285e+01   -1.0241726556e+01    3.9670762620e+00    8.4193938406e+00    7.0352112605e+00   -2.6408521434e+01    7.1218977647e-01    2.5164270000e+06    2.1746047030e+01    9.9996418683e-01
        57   -6.2781261349e+00    3.9451507085e+01   -1.0267921775e+01    3.9897956398e+00    8.4225848051e+00    7.0352112605e+00   -2.6462243040e+01    7.3652520005e-01    2.5093060000e+06    2.1829304020e+01    9.9996540391e-01
        58   -6.2749160163e+00    3.9412001867e+01   -1.0275166280e+01    4.0002502640e+00    8.4485822570e+00    7.0352112605e+00   -2.6506908147e+01    7.4794834883e-01    2.5091570000e+06    2.1952704395e+01    9.9996236459e-01
        59   -6.2758344180e+00    3.9422350221e+01   -1.0302377251e+01    4.0265428326e+00    8.4735844214e+00    7.0352112605e+00   -2.6539447239e+01    7.2827430662e-01    2.5229560000e+06    2.1811304593e+01    9.9996425797e-01
        60   -6.2757847546e+00    3.9424551870e+01   -1.0303161202e+01    4.0273764469e+00    8.4497818841e+00    7.0352112605e+00   -2.6518673363e+01    7.3051901660e-01    2.5158150000e+06    2.1671305085e+01    9.9996241966e-01
        61   -6.2748882511e+00    3.9412830280e+01   -1.0242891554e+01    3.9680033028e+00    8.4417345632e+00    7.0352112605e+00   -2.6468763571e+01    7.4892619282e-01    2.5154000000e+06    2.1835037276e+01    9.9996217331e-01
        62   -6.2754246852e+00    3.9416773749e+01   -1.0261816796e+01    3.9863921104e+00    8.4606447434e+00    7.0352112605e+00   -2.6502996511e+01    7.4532371145e-01    2.5091070000e+06    2.1762442334e+01    9.9996322360e-01
        63   -6.2775455565e+00    3.9442300291e+01   -1.0314964430e+01    4.0374188730e+00    8.4689461085e+00    7.0352112605e+00   -2.6542703553e+01    7.2358175422e-01    2.5235980000e+06    2.1614751314e+01    9.9996133007e-01
        64   -6.2760732403e+00    3.9424900025e+01   -1.0278887540e+01    4.0028143001e+00    8.4814326421e+00    7.0352112605e+00   -2.6527160331e+01    7.3162888793e-01    2.5092170000e+06    2.1965580426e+01    9.9996327402e-01
        65   -6.2764764075e+00    3.9435040497e+01   -1.0277013013e+01    4.0005366054e+00    8.4755313908e+00    7.0352112605e+00   -2.6570312654e+01    7.8255699003e-01    2.5064870000e+06    2.1986445781e+01    9.9996086742e-01
        66   -6.2781344961e+00    3.9450907103e+01   -1.0287661376e+01    4.0095268798e+00    8.4713754259e+00    7.0352112605e+00   -2.6542212626e+01    7.4796456369e-01    2.5105690000e+06    2.2299639570e+01    9.9996382258e-01
        67   -6.2785404774e+00    3.9461071571e+01   -1.0276437110e+01    3.9978966327e+00    8.4370094549e+00    7.0352112605e+00   -2.6488586197e+01    7.3992837120e-01    2.5048610000e+06    2.1804015907e+01    9.9996398671e-01
        68   -6.2761264387e+00    3.9424238552e+01   -1.0309828557e+01    4.0337021187e+00    8.4337644856e+00    7.0352112605e+00   -2.6504352786e+01    7.2554848214e-01    2.5052560000e+06    2.1641555651e+01    9.9996393959e-01
        69   -6.2770746340e+00    3.9438487748e+01   -1.0292247588e+01    4.0151729545e+00    8.4467707135e+00    7.0352112605e+00   -2.6511031645e+01    7.3680208226e-01    2.5201520000e+06    2.2018972307e+01    9.9996175825e-01
        70   -6.2800568530e+00    3.9473013405e+01   -1.0240188103e+01    3.9601312499e+00    8.4370796645e+00    7.0352112605e+00   -2.6423454479e+01    7.1097545066e-01    2.5172090000e+06    2.2291484975e+01    9.9996125241e-01
        71   -6.2772884240e+00    3.9438368712e+01   -1.0257699109e+01    3.9804106852e+00    8.4202271154e+00    7.0352112605e+00   -2.6402383649e+01    6.8924616348e-01    2.5247950000e+06    2.1553323542e+01    9.9996301647e-01
        72   -6.2790321502e+00    3.9460690580e+01   -1.0222182196e+01    3.9431500458e+00    8.4201152286e+00    7.0352112605e+00   -2.6414580027e+01    7.3707134174e-01    2.5247020000e+06    2.1597891886e+01    9.9996426453e-01
        73   -6.2807637750e+00    3.9485663399e+01   -1.0240419626e+01    3.9596558514e+00    8.4142693537e+00    7.0352112605e+00   -2.6438291943e+01    7.4839170243e-01    2.5271820000e+06    2.1795804202e+01    9.9996289674e-01
        74   -6.2810485646e+00    3.9488301487e+01   -1.0293295082e+01    4.0122465178e+00    8.4213555410e+00    7.0352112605e+00   -2.6480576580e+01    7.3071469646e-01    2.5267630000e+06    2.1601849942e+01    9.9996422578e-01
        75   -6.2779006580e+00    3.9448649473e+01   -1.0326535581e+01    4.0486349232e+00    8.4278208801e+00    7.0352112605e+00   -2.6499221814e+01    7.0965409276e-01    2.5189170000e+06    2.2144424263e+01    9.9995985241e-01
        76   -6.2755921141e+00    3.9417949003e+01   -1.0270202615e+01    3.9946105010e+00    8.4401094477e+00    7.0352112605e+00   -2.6470372004e+01    7.2484868062e-01    2.5188270000e+06    2.2258392795e+01    9.9996416353e-01
        77   -6.2754817034e+00    3.9420460807e+01   -1.0246849348e+01    3.9713676448e+00    8.4254393573e+00    7.0352112605e+00   -2.6451154555e+01    7.4365458907e-01    2.5140860000e+06    2.1778873485e+01    9.9996239883e-01
        78   -6.2751928440e+00    3.9414929489e+01   -1.0242885026e+01    3.9676921824e+00    8.4202884526e+00    7.0352112605e+00   -2.6406471217e+01    7.0808647734e-01    2.4941770000e+06    2.2002957153e+01    9.9996322263e-01
        79   -6.2757697939e+00    3.9423456854e+01   -1.0255786678e+01    3.9800168841e+00    8.4202392013e+00    7.0352112605e+00   -2.6420728761e+01    7.0949162139e-01    2.5056690000e+06    2.2219641381e+01    9.9996204574e-01
        80   -6.2744703614e+00    3.9403244330e+01   -1.0264512662e+01    3.9900423003e+00    8.3967764809e+00    7.0352112605e+00   -2.6388785872e+01    6.9228546907e-01    2.5022850000e+06    2.1722849596e+01    9.9996340860e-01
        81   -6.2771947228e+00    3.9438097335e+01   -1.0292874918e+01    4.0156801954e+00    8.4020690476e+00    7.0352112605e+00   -2.6433876842e+01    7.0372161563e-01    2.5159920000e+06    2.1473234674e+01    9.9996282978e-01
        82   -6.2757129270e+00    3.9420057267e+01   -1.0246235095e+01    3.9705221680e+00    8.4178596231e+00    7.0352112605e+00   -2.6437055646e+01    7.3774966764e-01    2.5182930000e+06    2.1975245824e+01    9.9996287336e-01
        83   -6.2735625610e+00    3.9393569765e+01   -1.0224827322e+01    3.9512647609e+00    8.4327670282e+00    7.0352112605e+00   -2.6423219768e+01    7.3041415735e-01    2.5135650000e+06    2.1640744180e+01    9.9996348798e-01
        84   -6.2740723469e+00    3.9397520996e+01   -1.0247010544e+01    3.9729381971e+00    8.4522224511e+00    7.0352112605e+00   -2.6443302529e+01    7.0885827344e-01    2.5111960000e+06    2.1906095427e+01    9.9996266085e-01
        85   -6.2769512539e+00    3.9433744178e+01   -1.0266812658e+01    3.9898614040e+00    8.4465696600e+00    7.0352112605e+00   -2.6466092485e+01    7.1749890649e-01    2.5038310000e+06    2.1834725911e+01    9.9996206516e-01
        86   -6.2753967594e+00    3.9423639583e+01   -1.0305788605e+01    4.0303918459e+00    8.4404763836e+00    7.0352112605e+00   -2.6478114483e+01    6.9663823366e-01    2.5159610000e+06    2.1874275465e+01    9.9996431524e-01
        87   -6.2765388042e+00    3.9430572123e+01   -1.0276368654e+01    3.9998298496e+00    8.4232553079e+00    7.0352112605e+00   -2.6443807464e+01    7.0897224130e-01    2.5224680000e+06    2.2014762382e+01    9.9996268722e-01
        88   -6.2784937991e+00    3.9453422793e+01   -1.0265117564e+01    3.9866237649e+00    8.4467524425e+00    7.0352112605e+00   -2.6477341507e+01    7.3026023967e-01    2.5329790000e+06    2.2369097106e+01    9.9996338468e-01
        89   -6.2801493574e+00    3.9475411634e+01   -1.0270518131e+01    3.9903687740e+00    8.4240470004e+00    7.0352112605e+00   -2.6479943012e+01    7.5016661970e-01    2.5299520000e+06    2.2099314718e+01    9.9996411732e-01
        90   -6.2788135045e+00    3.9458573775e+01   -1.0254707537e+01    3.9758940330e+00    8.4232196503e+00    7.0352112605e+00   -2.6451522445e+01    7.3838399711e-01    2.5291120000e+06    2.1698304532e+01    9.9996300968e-01
        91   -6.2756719568e+00    3.9419410410e+01   -1.0236136473e+01    3.9604645163e+00    8.4356596597e+00    7.0352112605e+00   -2.6455937570e+01    7.4893017688e-01    2.5207930000e+06    2.2327475955e+01    9.9996422031e-01
        92   -6.2792965851e+00    3.9467282284e+01   -1.0275948522e+01    3.9966519369e+00    8.4459759057e+00    7.0352112605e+00   -2.6493032564e+01    7.3589687587e-01    2.5307230000e+06    2.1831130380e+01    9.9996314963e-01
        93   -6.2790753862e+00    3.9462665929e+01   -1.0278781171e+01    3.9997057853e+00    8.4265084624e+00    7.0352112605e+00   -2.6476832221e+01    7.3633132613e-01    2.5173290000e+06    2.1792610822e+01    9.9996293465e-01
        94   -6.2767708521e+00    3.9433114072e+01   -1.0298134230e+01    4.0213633775e+00    8.4349107456e+00    7.0352112605e+00   -2.6494955724e+01    7.2669948853e-01    2.5209100000e+06    2.1936315922e+01    9.9996277130e-01
        95   -6.2800976655e+00    3.9477530512e+01   -1.0271246060e+01    3.9911483945e+00    8.4353566247e+00    7.0352112605e+00   -2.6461182699e+01    7.1936875356e-01    2.5192200000e+06    2.2460393477e+01    9.9996339337e-01
        96   -6.2757902136e+00    3.9421471003e+01   -1.0272621655e+01    3.9968314411e+00    8.4235020903e+00    7.0352112605e+00   -2.6491947352e+01    7.6061234677e-01    2.5146410000e+06    2.1646668342e+01    9.9996167206e-01
        97   -6.2740851027e+00    3.9400404406e+01   -1.0227428622e+01    3.9533435189e+00    8.4396328847e+00    7.0352112605e+00   -2.6459166262e+01    7.5689349542e-01    2.5073300000e+06    2.2052500803e+01    9.9996393596e-01
        98   -6.2745172813e+00    3.9404762142e+01   -1.0257280779e+01    3.9827634976e+00    8.4384987573e+00    7.0352112605e+00   -2.6468753733e+01    7.3776293614e-01    2.5141390000e+06    2.2005922668e+01    9.9996282542e-01
        99   -6.2708892744e+00    3.9357596351e+01   -1.0324774336e+01    4.0538850616e+00    8.4344934465e+00    7.0352112605e+00   -2.6498283882e+01    7.0380483862e-01    2.5091350000e+06    2.1824396810e+01    9.9996015136e-01
       100   -6.2746270005e+00    3.9403361444e+01   -1.0330519844e+01    4.0558928440e+00    8.4255084468e+00    7.0352112605e+00   -2.6493895451e+01    7.0265589935e-01    2.4945620000e+06    2.1894423606e+01    9.9996537098e-01
       101   -6.2758898380e+00    3.9419773372e+01   -1.0341581218e+01    4.0656913797e+00    8.4148088459e+00    7.0352112605e+00   -2.6491679443e+01    7.0007811937e-01    2.4892130000e+06    2.1887904172e+01    9.9996333816e-01
       102   -6.2764646618e+00    3.9428767196e+01   -1.0277087353e+01    4.0006226912e+00    8.4440218501e+00    7.0352112605e+00   -2.6489719671e+01    7.3339920774e-01    2.5019280000e+06    2.1506607091e+01    9.9996224747e-01
       103   -6.2727180320e+00    3.9384769441e+01   -1.0287762372e+01    4.0150443397e+00    8.4287096924e+00    7.0352112605e+00   -2.6506951283e+01    7.5526795857e-01    2.5088650000e+06    2.1806928090e+01    9.9995982928e-01
       104   -6.2754493623e+00    3.9414733888e+01   -1.0244448483e+01    3.9689991203e+00    8.4325484866e+00    7.0352112605e+00   -2.6449580392e+01    7.3737216175e-01    2.5089720000e+06    2.1855287310e+01    9.9996585484e-01
       105   -6.2772608229e+00    3.9438903019e+01   -1.0208262624e+01    3.9310018007e+00    8.3957661665e+00    7.0352112605e+00   -2.6347215069e+01    7.0797501803e-01    2.5037890000e+06    2.1740077434e+01    9.9996311097e-01
       106   -6.2771000514e+00    3.9436998299e+01   -1.0280951255e+01    4.0038512032e+00    8.4414756379e+00    7.0352112605e+00   -2.6484695048e+01    7.2705689525e-01    2.5227160000e+06    2.1592262184e+01    9.9996483692e-01
       107   -6.2773375296e+00    3.9438977353e+01   -1.0254638861e+01    3.9773013314e+00    8.4488691968e+00    7.0352112605e+00   -2.6480774163e+01    7.4205484447e-01    2.5293860000e+06    2.1776285808e+01    9.9996272588e-01
       108   -6.2753237286e+00    3.9415280076e+01   -1.0257082961e+01    3.9817592324e+00    8.4564742874e+00    7.0352112605e+00   -2.6490060078e+01    7.4129156937e-01    2.5232090000e+06    2.1533374565e+01    9.9996304316e-01
       109   -6.2765911158e+00    3.9428551770e+01   -1.0276126115e+01    3.9995349989e+00    8.4370460749e+00    7.0352112605e+00   -2.6474252694e+01    7.2586924429e-01    2.5118960000e+06    2.2049285101e+01    9.9996499495e-01
       110   -6.2770872512e+00    3.9438489611e+01   -1.0268628570e+01    3.9915413184e+00    8.4279585616e+00    7.0352112605e+00   -2.6444412831e+01    7.1261443908e-01    2.5115180000e+06    2.1599167053e+01    9.9996391800e-01
       111   -6.2765117374e+00    3.9427492512e+01   -1.0281452500e+01    4.0049407624e+00    8.4214789311e+00    7.0352112605e+00   -2.6446669426e+01    7.0852673453e-01    2.5246300000e+06    2.1704597436e+01    9.9996243445e-01
       112   -6.2737399328e+00    3.9396042334e+01   -1.0305235210e+01    4.0314952774e+00    8.4357568805e+00    7.0352112605e+00   -2.6479740504e+01    7.0353715329e-01    2.5153700000e+06    2.1903998450e+01    9.9996043167e-01
       113   -6.2756913214e+00    3.9420854063e+01   -1.0231851600e+01    3.9561602790e+00    8.4566868871e+00    7.0352112605e+00   -2.6455463163e+01    7.3171341479e-01    2.5270850000e+06    2.2060516092e+01    9.9996087472e-01
       114   -6.2753985515e+00    3.9423267835e+01   -1.0260556598e+01    3.9851580465e+00    8.4555367931e+00    7.0352112605e+00   -2.6500566603e+01    7.4926195152e-01    2.5397200000e+06    2.2065168483e+01    9.9996203237e-01
       115   -6.2751884907e+00    3.9414128467e+01   -1.0241120535e+01    3.9659320442e+00    8.4180303851e+00    7.0352112605e+00   -2.6431373663e+01    7.3701148243e-01    2.5350720000e+06    2.2097685189e+01    9.9996165107e-01
       116   -6.2756770983e+00    3.9422915813e+01   -1.0290894964e+01    4.0152178661e+00    8.4190087340e+00    7.0352112605e+00   -2.6472132519e+01    7.2701755966e-01    2.5199900000e+06    2.1973237307e+01    9.9996340317e-01
       117   -6.2742767048e+00    3.9402562643e+01   -1.0256902720e+01    3.9826260148e+00    8.4428563315e+00    7.0352112605e+00   -2.6467033132e+01    7.3206282074e-01    2.5172850000e+06    2.1621265919e+01    9.9996378081e-01
       118   -6.2727491140e+00    3.9386625796e+01   -1.0333108118e+01    4.0603590040e+00    8.4354266176e+00    7.0352112605e+00   -2.6531108331e+01    7.2736233538e-01    2.5146260000e+06    2.1642079846e+01    9.9995968003e-01
       119   -6.2738394912e+00    3.9398346960e+01   -1.0290139031e+01    4.0162995399e+00    8.4403283238e+00    7.0352112605e+00   -2.6503557322e+01    7.3787870659e-01    2.5149390000e+06    2.2028267292e+01    9.9996135696e-01
       120   -6.2770666115e+00    3.9444084394e+01   -1.0233601872e+01    3.9565352607e+00    8.4480191516e+00    7.0352112605e+00   -2.6446908721e+01    7.3007643642e-01    2.5267800000e+06    2.1837557784e+01    9.9996334427e-01
       121   -6.2790050680e+00    3.9462308709e+01   -1.0269447323e+01    3.9904422553e+00    8.4344545909e+00    7.0352112605e+00   -2.6498711526e+01    7.5959835099e-01    2.5323320000e+06    2.2021672291e+01    9.9996251365e-01
       122   -6.2788026253e+00    3.9459439507e+01   -1.0255886660e+01    3.9770840351e+00    8.4168267334e+00    7.0352112605e+00   -2.6456574013e+01    7.4864935876e-01    2.5252410000e+06    2.1813535539e+01    9.9996143677e-01
       123   -6.2781859090e+00    3.9450458245e+01   -1.0232366402e+01    3.9541804931e+00    8.4311079864e+00    7.0352112605e+00   -2.6429978702e+01    7.3129305338e-01    2.5268130000e+06    2.1773481595e+01    9.9996492350e-01
       124   -6.2790770123e+00    3.9459496640e+01   -1.0222880250e+01    3.9438032379e+00    8.4241896746e+00    7.0352112605e+00   -2.6410298341e+01    7.2801715598e-01    2.5346520000e+06    2.1522714151e+01    9.9996116589e-01
       125   -6.2771572608e+00    3.9439637129e+01   -1.0282904328e+01    4.0057470674e+00    8.4369435830e+00    7.0352112605e+00   -2.6463449280e+01    7.0839010859e-01    2.5247860000e+06    2.1896333768e+01    9.9996411921e-01
       126   -6.2780286926e+00    3.9446478785e+01   -1.0301640003e+01    4.0236113107e+00    8.4378856937e+00    7.0352112605e+00   -2.6480489877e+01    7.0575291946e-01    2.5162050000e+06    2.1807793095e+01    9.9996379516e-01
       127   -6.2739132656e+00    3.9397981557e+01   -1.0318840255e+01    4.0449269894e+00    8.4487019830e+00    7.0352112605e+00   -2.6541676457e+01    7.3892295869e-01    2.5220660000e+06    2.1926134158e+01    9.9996156788e-01
       128   -6.2750856958e+00    3.9412754584e+01   -1.0305193822e+01    4.0301081259e+00    8.4466217806e+00    7.0352112605e+00   -2.6531639597e+01    7.4461273450e-01    2.5205540000e+06    2.1907569610e+01    9.9996346583e-01
       129   -6.2751517191e+00    3.9413960269e+01   -1.0285738407e+01    4.0105866879e+00    8.4438140279e+00    7.0352112605e+00   -2.6495581134e+01    7.3081743840e-01    2.5053040000e+06    2.1700836228e+01    9.9996411870e-01
       130   -6.2757636112e+00    3.9422238632e+01   -1.0252241339e+01    3.9764777276e+00    8.4340144879e+00    7.0352112605e+00   -2.6470321690e+01    7.4885460232e-01    2.5115440000e+06    2.2258617847e+01    9.9996057131e-01
       131   -6.2807167494e+00    3.9482885767e+01   -1.0238165272e+01    3.9574485228e+00    8.4317087353e+00    7.0352112605e+00   -2.6426806801e+01    7.2172153278e-01    2.5197030000e+06    2.1823127559e+01    9.9996170001e-01
       132   -6.2782251643e+00    3.9451349179e+01   -1.0266932680e+01    3.9887075161e+00    8.4234498484e+00    7.0352112605e+00   -2.6441831336e+01    7.1623754638e-01    2.5153490000e+06    2.1874048481e+01    9.9996446534e-01
       133   -6.2786508998e+00    3.9456335276e+01   -1.0300949141e+01    4.0222982410e+00    8.4289928786e+00    7.0352112605e+00   -2.6486245450e+01    7.2109216980e-01    2.5234870000e+06    2.1636545500e+01    9.9996377662e-01
       134   -6.2791922499e+00    3.9462337077e+01   -1.0274813612e+01    3.9956213622e+00    8.4041889872e+00    7.0352112605e+00   -2.6443033662e+01    7.2881980269e-01    2.5218040000e+06    2.1741816713e+01    9.9996513424e-01
       135   -6.2780059237e+00    3.9447140069e+01   -1.0298787535e+01    4.0207816111e+00    8.4057133642e+00    7.0352112605e+00   -2.6442385306e+01    7.0267314663e-01    2.5169790000e+06    2.2060985966e+01    9.9996420634e-01
       136   -6.2771117033e+00    3.9436216209e+01   -1.0263768715e+01    3.9866570117e+00    8.3936347061e+00    7.0352112605e+00   -2.6428692337e+01    7.3607765498e-01    2.5105520000e+06    2.1756185775e+01    9.9996607060e-01
       137   -6.2788278609e+00    3.9461351711e+01   -1.0235365163e+01    3.9565373024e+00    8.4208691733e+00    7.0352112605e+00   -2.6426921812e+01    7.3547621455e-01    2.5076030000e+06    2.1802720725e+01    9.9996254598e-01
       138   -6.2778825478e+00    3.9447647774e+01   -1.0233817438e+01    3.9559348904e+00    8.4399219846e+00    7.0352112605e+00   -2.6431802268e+01    7.2285158498e-01    2.5250730000e+06    2.1723171346e+01    9.9996598666e-01
       139   -6.2760730212e+00    3.9426048083e+01   -1.0285457371e+01    4.0093843498e+00    8.4314138097e+00    7.0352112605e+00   -2.6482013295e+01    7.2993085374e-01    2.5153550000e+06    2.1685525782e+01    9.9996251000e-01
       140   -6.2764132648e+00    3.9427348655e+01   -1.0288950691e+01    4.0125374263e+00    8.4372999655e+00    7.0352112605e+00   -2.6484585694e+01    7.2312377661e-01    2.5221310000e+06    2.1989724837e+01    9.9996446273e-01
       141   -6.2754535129e+00    3.9414176329e+01   -1.0303132826e+01    4.0276793127e+00    8.4278528543e+00    7.0352112605e+00   -2.6466900618e+01    7.0070367795e-01    2.5159950000e+06    2.1766083333e+01    9.9996500908e-01
       142   -6.2761792388e+00    3.9425968997e+01   -1.0299092740e+01    4.0229135009e+00    8.4093110265e+00    7.0352112605e+00   -2.6487942488e+01    7.4432746159e-01    2.5076660000e+06    2.2008355713e+01    9.9996241760e-01
       143   -6.2789765777e+00    3.9463669601e+01   -1.0250096718e+01    3.9711201406e+00    8.4334616101e+00    7.0352112605e+00   -2.6426865515e+01    7.0809592569e-01    2.5101990000e+06    2.1650042709e+01    9.9996191168e-01
       144   -6.2776412986e+00    3.9443383585e+01   -1.0255966859e+01    3.9783255606e+00    8.4372441048e+00    7.0352112605e+00   -2.6425249814e+01    6.9682758926e-01    2.5348660000e+06    2.1816447813e+01    9.9996273193e-01
       145   -6.2762674644e+00    3.9425225905e+01   -1.0267407531e+01    3.9911400668e+00    8.4295773093e+00    7.0352112605e+00   -2.6456504114e+01    7.2430801332e-01    2.5473080000e+06    2.1542223052e+01    9.9996279327e-01
       146   -6.2755456294e+00    3.9419517163e+01   -1.0291694495e+01    4.0161488657e+00    8.4192677477e+00    7.0352112605e+00   -2.6464508505e+01    7.1833500215e-01    2.5176500000e+06    2.1703056975e+01    9.9996434134e-01
       147   -6.2811107144e+00    3.9487890613e+01   -1.0320520805e+01    4.0394100902e+00    8.4356680572e+00    7.0352112605e+00   -2.6507398023e+01    7.1599790105e-01    2.5239540000e+06    2.1772847888e+01    9.9996256728e-01
       148   -6.2766957757e+00    3.9432596780e+01   -1.0297091963e+01    4.0203961870e+00    8.4443525759e+00    7.0352112605e+00   -2.6521027701e+01    7.4437190163e-01    2.5494840000e+06    2.1875931715e+01    9.9996315813e-01
       149   -6.2753633823e+00    3.9413556032e+01   -1.0272897770e+01    3.9975343876e+00    8.4425537233e+00    7.0352112605e+00   -2.6503369265e+01    7.5270651184e-01    2.5347350000e+06    2.1590279769e+01    9.9996358298e-01
       150   -6.2795098961e+00    3.9470301536e+01   -1.0291387743e+01    4.0118778465e+00    8.4307502175e+00    7.0352112605e+00   -2.6487613481e+01    7.3026426074e-01    2.5094440000e+06    2.1803325994e+01    9.9996546785e-01
       151   -6.2775517832e+00    3.9441478653e+01   -1.0276550728e+01    3.9989989452e+00    8.4564886478e+00    7.0352112605e+00   -2.6490787410e+01    7.2253677353e-01    2.5059150000e+06    2.1687797616e+01    9.9996673955e-01
       152   -6.2763541725e+00    3.9427599674e+01   -1.0280777541e+01    4.0044233687e+00    8.4344603037e+00    7.0352112605e+00   -2.6471822253e+01    7.2137314737e-01    2.5040260000e+06    2.2215368924e+01    9.9996476994e-01
       153   -6.2785324531e+00    3.9458139349e+01   -1.0312694882e+01    4.0341624286e+00    8.4278711902e+00    7.0352112605e+00   -2.6489967956e+01    7.1419062374e-01    2.5199580000e+06    2.1860731287e+01    9.9996069960e-01
       154   -6.2777961326e+00    3.9444934693e+01   -1.0275767849e+01    3.9979717163e+00    8.4482918073e+00    7.0352112605e+00   -2.6492145893e+01    7.3287497600e-01    2.5240030000e+06    2.1637896512e+01    9.9996173226e-01
       155   -6.2784190303e+00    3.9454222259e+01   -1.0288668868e+01    4.0102498381e+00    8.4603427976e+00    7.0352112605e+00   -2.6503853415e+01    7.1963048887e-01    2.5347540000e+06    2.1983642731e+01    9.9996349848e-01
       156   -6.2770513575e+00    3.9445902908e+01   -1.0246871893e+01    3.9698205360e+00    8.4555690426e+00    7.0352112605e+00   -2.6487546364e+01    7.4989416740e-01    2.5318600000e+06    2.2098457194e+01    9.9995979379e-01
       157   -6.2776145318e+00    3.9445922970e+01   -1.0290686643e+01    4.0130721113e+00    8.4386422676e+00    7.0352112605e+00   -2.6492094415e+01    7.2755424405e-01    2.5100170000e+06    2.1771805389e+01    9.9996280808e-01
       158   -6.2777695995e+00    3.9444124385e+01   -1.0316666871e+01    4.0388972716e+00    8.4541141055e+00    7.0352112605e+00   -2.6558877343e+01    7.5288510567e-01    2.5158640000e+06    2.1648507853e+01    9.9996303584e-01
       159   -6.2776498616e+00    3.9445897957e+01   -1.0365836697e+01    4.0881868355e+00    8.4460072143e+00    7.0352112605e+00   -2.6572396048e+01    7.2534087654e-01    2.5097160000e+06    2.2097029445e+01    9.9996461485e-01
       160   -6.2784879802e+00    3.9452881103e+01   -1.0323408710e+01    4.0449207294e+00    8.4314361702e+00    7.0352112605e+00   -2.6511693193e+01    7.2163705314e-01    2.5057410000e+06    2.1832555429e+01    9.9996334518e-01
       161   -6.2773295982e+00    3.9439999072e+01   -1.0275975868e+01    3.9986462697e+00    8.4518698727e+00    7.0352112605e+00   -2.6499919329e+01    7.3686232794e-01    2.5099670000e+06    2.2065739951e+01    9.9996355706e-01
       162   -6.2771543784e+00    3.9441379183e+01   -1.0283850933e+01    4.0066965548e+00    8.4664777119e+00    7.0352112605e+00   -2.6519649563e+01    7.3410965701e-01    2.5121100000e+06    2.1838502634e+01    9.9996239382e-01
       163   -6.2773127057e+00    3.9441865393e+01   -1.0289452287e+01    4.0121395808e+00    8.4473665572e+00    7.0352112605e+00   -2.6522316734e+01    7.5028662951e-01    2.5062870000e+06    2.1657603136e+01    9.9996065162e-01
       164   -6.2808814301e+00    3.9486408487e+01   -1.0279553504e+01    3.9986720735e+00    8.4294656964e+00    7.0352112605e+00   -2.6487804148e+01    7.4357368725e-01    2.5132200000e+06    2.1661180234e+01    9.9996119852e-01
       165   -6.2799966070e+00    3.9473763300e+01   -1.0246859693e+01    3.9668630860e+00    8.4389981799e+00    7.0352112605e+00   -2.6469104364e+01    7.4803523064e-01    2.5144560000e+06    2.1710698084e+01    9.9996418510e-01
       166   -6.2769818466e+00    3.9434273956e+01   -1.0273852759e+01    3.9968709120e+00    8.4309464044e+00    7.0352112605e+00   -2.6464017415e+01    7.2400699129e-01    2.5087180000e+06    2.1841974727e+01    9.9996243199e-01
       167   -6.2785999265e+00    3.9457006846e+01   -1.0256528711e+01    3.9779287841e+00    8.4311600938e+00    7.0352112605e+00   -2.6457434558e+01    7.3453449356e-01    2.5126950000e+06    2.1734534389e+01    9.9996064434e-01
       168   -6.2776578731e+00    3.9450861003e+01   -1.0268689836e+01    3.9910319630e+00    8.4645440115e+00    7.0352112605e+00   -2.6504957736e+01    7.3651262810e-01    2.5306130000e+06    2.1579217872e+01    9.9996281585e-01
       169   -6.2757920579e+00    3.9425772619e+01   -1.0275995923e+01    4.0002038653e+00    8.4238747379e+00    7.0352112605e+00   -2.6476270964e+01    7.4118904203e-01    2.5352610000e+06    2.1376133300e+01    9.9996238155e-01
       170   -6.2753882003e+00    3.9415895017e+01   -1.0251568197e+01    3.9761799966e+00    8.4227846122e+00    7.0352112605e+00   -2.6427895666e+01    7.1833159647e-01    2.5208170000e+06    2.1646074576e+01    9.9996112478e-01
       171   -6.2766916188e+00    3.9431748402e+01   -1.0260523802e+01    3.9838321832e+00    8.4388178121e+00    7.0352112605e+00   -2.6455748155e+01    7.2119528050e-01    2.5259620000e+06    2.1959660738e+01    9.9996382455e-01
       172   -6.2758391648e+00    3.9422166981e+01   -1.0264290344e+01    3.9884511790e+00    8.4324013638e+00    7.0352112605e+00   -2.6450270111e+01    7.1836714269e-01    2.5202730000e+06    2.1704774050e+01    9.9996405404e-01
       173   -6.2757908538e+00    3.9421943327e+01   -1.0258723600e+01    3.9829327457e+00    8.4378847559e+00    7.0352112605e+00   -2.6468562246e+01    7.3674263043e-01    2.5219750000e+06    2.1624683614e+01    9.9996263686e-01
       174   -6.2759303770e+00    3.9424058776e+01   -1.0258541939e+01    3.9826115617e+00    8.4427340102e+00    7.0352112605e+00   -2.6447429139e+01    7.1094192992e-01    2.5192480000e+06    2.1833767995e+01    9.9996272856e-01
       175   -6.2776146993e+00    3.9446474452e+01   -1.0275215582e+01    3.9976008823e+00    8.4633119794e+00    7.0352112605e+00   -2.6532977960e+01    7.5923913879e-01    2.5245370000e+06    2.2054424342e+01    9.9996509594e-01
       176   -6.2769438944e+00    3.9434679258e+01   -1.0300325364e+01    4.0233814695e+00    8.4478069809e+00    7.0352112605e+00   -2.6507252847e+01    7.2390924177e-01    2.5234560000e+06    2.1657339865e+01    9.9996136699e-01
       177   -6.2772765241e+00    3.9439891800e+01   -1.0307055509e+01    4.0297789853e+00    8.4368959470e+00    7.0352112605e+00   -2.6484453615e+01    7.0529089795e-01    2.5185780000e+06    2.1744952107e+01    9.9996571426e-01
       178   -6.2789130669e+00    3.9459412293e+01   -1.0276409754e+01    3.9974966870e+00    8.4309055795e+00    7.0352112605e+00   -2.6465075316e+01    7.2254872243e-01    2.5141120000e+06    2.1905174670e+01    9.9996404479e-01
       179   -6.2801316356e+00    3.9474852864e+01   -1.0267775359e+01    3.9876437234e+00    8.3991184671e+00    7.0352112605e+00   -2.6431553178e+01    7.2944809087e-01    2.5140740000e+06    2.1708764817e+01    9.9996430181e-01
       180   -6.2767089490e+00    3.9432197130e+01   -1.0246028772e+01    3.9693198233e+00    8.4279406277e+00    7.0352112605e+00   -2.6447623993e+01    7.3844333271e-01    2.5182560000e+06    2.1877947470e+01    9.9996226633e-01
       181   -6.2761775060e+00    3.9423669390e+01   -1.0275096992e+01    3.9989194858e+00    8.4344882199e+00    7.0352112605e+00   -2.6450117225e+01    7.0532075306e-01    2.5062570000e+06    2.1924795738e+01    9.9996144376e-01
       182   -6.2744903216e+00    3.9405587227e+01   -1.0281639568e+01    4.0071492461e+00    8.4451854948e+00    7.0352112605e+00   -2.6473447075e+01    7.1141075157e-01    2.5168750000e+06    2.1893412930e+01    9.9996662110e-01
       183   -6.2783106536e+00    3.9451528365e+01   -1.0245391265e+01    3.9670806119e+00    8.4368563132e+00    7.0352112605e+00   -2.6457334799e+01    7.3987595979e-01    2.5072440000e+06    2.2273515894e+01    9.9996401107e-01
       184   -6.2776592160e+00    3.9444144067e+01   -1.0259002131e+01    3.9813429150e+00    8.4311568668e+00    7.0352112605e+00   -2.6420657779e+01    6.9528752090e-01    2.5241760000e+06    2.2094961586e+01    9.9996188804e-01
       185   -6.2761093768e+00    3.9425723863e+01   -1.0285269245e+01    4.0091598683e+00    8.4191587705e+00    7.0352112605e+00   -2.6436799607e+01    6.9716033076e-01    2.5349420000e+06    2.1798832370e+01    9.9996269743e-01
       186   -6.2758770724e+00    3.9418948999e+01   -1.0239797313e+01    3.9639202402e+00    8.4046094060e+00    7.0352112605e+00   -2.6354952273e+01    6.7533429410e-01    2.5096180000e+06    2.1815375761e+01    9.9996454268e-01
       187   -6.2785521118e+00    3.9456322759e+01   -1.0298170673e+01    4.0196185613e+00    8.4218956702e+00    7.0352112605e+00   -2.6477218287e+01    7.2194068293e-01    2.5095480000e+06    2.1819061521e+01    9.9996321204e-01
       188   -6.2781539487e+00    3.9451461664e+01   -1.0303504871e+01    4.0253509218e+00    8.4164419070e+00    7.0352112605e+00   -2.6459364221e+01    7.0420618311e-01    2.5194290000e+06    2.1840113578e+01    9.9996297604e-01
       189   -6.2761270890e+00    3.9432573802e+01   -1.0327956219e+01    4.0518291298e+00    8.4408327756e+00    7.0352112605e+00   -2.6539778564e+01    7.3577830901e-01    2.5191120000e+06    2.1622834914e+01    9.9996308971e-01
       190   -6.2742744133e+00    3.9400151338e+01   -1.0262250664e+01    3.9879762505e+00    8.4383264859e+00    7.0352112605e+00   -2.6494200430e+01    7.5841201972e-01    2.5236490000e+06    2.1637704818e+01    9.9996503770e-01
       191   -6.2728219542e+00    3.9384855544e+01   -1.0240538799e+01    3.9677168450e+00    8.4515642329e+00    7.0352112605e+00   -2.6455589812e+01    7.2827551952e-01    2.5283390000e+06    2.1735831186e+01    9.9996364378e-01
       192   -6.2757286465e+00    3.9419309573e+01   -1.0275260011e+01    3.9995313645e+00    8.4355988038e+00    7.0352112605e+00   -2.6456152454e+01    7.1008237833e-01    2.5176520000e+06    2.1922287521e+01    9.9996024256e-01
       193   -6.2741151896e+00    3.9396858557e+01   -1.0280590303e+01    4.0064751139e+00    8.4628411830e+00    7.0352112605e+00   -2.6490660889e+01    7.1201814194e-01    2.5118150000e+06    2.1924553320e+01    9.9996109749e-01
       194   -6.2737533896e+00    3.9398354573e+01   -1.0303743641e+01    4.0299902511e+00    8.4746702601e+00    7.0352112605e+00   -2.6559602365e+01    7.4597720378e-01    2.5110610000e+06    2.1943195677e+01    9.9996420955e-01
       195   -6.2767718708e+00    3.9432049185e+01   -1.0271951937e+01    3.9951800660e+00    8.4435770220e+00    7.0352112605e+00   -2.6503076812e+01    7.5233659310e-01    2.5114240000e+06    2.1803809728e+01    9.9996367135e-01
       196   -6.2784806820e+00    3.9453861160e+01   -1.0292619349e+01    4.0141386667e+00    8.4134921008e+00    7.0352112605e+00   -2.6450431193e+01    7.0910848270e-01    2.5204270000e+06    2.1889188083e+01    9.9996544419e-01
       197   -6.2772195906e+00    3.9437873345e+01   -1.0283560874e+01    4.0063412830e+00    8.3998859916e+00    7.0352112605e+00   -2.6420607489e+01    7.0194936342e-01    2.5353290000e+06    2.1747598584e+01    9.9995949706e-01
       198   -6.2767301096e+00    3.9435859748e+01   -1.0278190115e+01    4.0014600050e+00    8.4017549435e+00    7.0352112605e+00   -2.6467991683e+01    7.5283536484e-01    2.5221730000e+06    2.1706952512e+01    9.9996149633e-01
       199   -6.2816547130e+00    3.9498158214e+01   -1.0222909280e+01    3.9412545672e+00    8.4035508213e+00    7.0352112605e+00   -2.6436921366e+01    7.7525000424e-01    2.5036690000e+06    2.1642773806e+01    9.9996205898e-01
       200   -6.2795768216e+00    3.9471389051e+01   -1.0279474361e+01    3.9998975390e+00    8.4277491461e+00    7.0352112605e+00   -2.6475852845e+01    7.3341807804e-01    2.4959370000e+06    2.2234508562e+01    9.9996404142e-01
       201   -6.2761594059e+00    3.9428263535e+01   -1.0286615813e+01    4.0104564069e+00    8.4233751603e+00    7.0352112605e+00   -2.6447139656e+01    7.0193742230e-01    2.5073280000e+06    2.1906985434e+01    9.9996604886e-01
       202   -6.2781383993e+00    3.9447828384e+01   -1.0260582795e+01    3.9824443962e+00    8.4158133881e+00    7.0352112605e+00   -2.6445605425e+01    7.3399798129e-01    2.5219640000e+06    2.1906004096e+01    9.9996154601e-01
       203   -6.2741585241e+00    3.9400256909e+01   -1.0276714537e+01    4.0025560130e+00    8.4114073121e+00    7.0352112605e+00   -2.6450544594e+01    7.2721148388e-01    2.5137150000e+06    2.1752243285e+01    9.9996188120e-01
       204   -6.2736615970e+00    3.9395693468e+01   -1.0272687675e+01    3.9990260784e+00    8.4141890838e+00    7.0352112605e+00   -2.6459223561e+01    7.3713554101e-01    2.5240760000e+06    2.1958984435e+01    9.9996538797e-01
       205   -6.2762086466e+00    3.9429664169e+01   -1.0250215574e+01    3.9740069274e+00    8.4135316481e+00    7.0352112605e+00   -2.6425011757e+01    7.2605327461e-01    2.5215510000e+06    2.1808219524e+01    9.9996345427e-01
       206   -6.2730488806e+00    3.9387575105e+01   -1.0244081690e+01    3.9710328093e+00    8.4138275955e+00    7.0352112605e+00   -2.6430651576e+01    7.3753103063e-01    2.5137250000e+06    2.1516111633e+01    9.9996259385e-01
       207   -6.2730058601e+00    3.9386325128e+01   -1.0312304350e+01    4.0392984898e+00    8.4559429878e+00    7.0352112605e+00   -2.6543145846e+01    7.3968724804e-01    2.5059840000e+06    2.1514506046e+01    9.9996343709e-01
       208   -6.2781886416e+00    3.9451200797e+01   -1.0293676665e+01    4.0154880235e+00    8.4594602814e+00    7.0352112605e+00   -2.6519227631e+01    7.3087942457e-01    2.5086820000e+06    2.2156562415e+01    9.9996403618e-01
       209   -6.2747603650e+00    3.9405832714e+01   -1.0337733343e+01    4.0629729782e+00    8.4337798870e+00    7.0352112605e+00   -2.6504876484e+01    6.9815199319e-01    2.5071530000e+06    2.1993433196e+01    9.9996265257e-01
       210   -6.2769074453e+00    3.9442838034e+01   -1.0296781599e+01    4.0198741538e+00    8.4370227394e+00    7.0352112605e+00   -2.6481960806e+01    7.1294520707e-01    2.5235470000e+06    2.1772049453e+01    9.9996315705e-01
       211   -6.2772833602e+00    3.9438865786e+01   -1.0270688796e+01    3.9934054358e+00    8.4270734460e+00    7.0352112605e+00   -2.6450907738e+01    7.1793423563e-01    2.5310460000e+06    2.1936871044e+01    9.9996424921e-01
       212   -6.2767218032e+00    3.9432029045e+01   -1.0313104796e+01    4.0363829925e+00    8.4392524831e+00    7.0352112605e+00   -2.6507534959e+01    7.1996641989e-01    2.5372370000e+06    2.1854272206e+01    9.9996113604e-01
       213   -6.2744440881e+00    3.9406869450e+01   -1.0276103891e+01    4.0016598028e+00    8.4612339256e+00    7.0352112605e+00   -2.6487849130e+01    7.1530005301e-01    2.5248650000e+06    2.2201312873e+01    9.9996385194e-01
       214   -6.2743131875e+00    3.9400628644e+01   -1.0296626692e+01    4.0223135041e+00    8.4736538674e+00    7.0352112605e+00   -2.6523315752e+01    7.1782393210e-01    2.5252600000e+06    2.1827722533e+01    9.9996368714e-01
       215   -6.2752735497e+00    3.9417648883e+01   -1.0277981655e+01    4.0027081056e+00    8.4674742320e+00    7.0352112605e+00   -2.6543035946e+01    7.6236879814e-01    2.5121350000e+06    2.2069824122e+01    9.9996194835e-01
       216   -6.2767585421e+00    3.9436314605e+01   -1.0295723289e+01    4.0189647467e+00    8.4580731389e+00    7.0352112605e+00   -2.6525958431e+01    7.3695074284e-01    2.5229410000e+06    2.1798952547e+01    9.9996323646e-01
       217   -6.2782499569e+00    3.9450266160e+01   -1.0357041237e+01    4.0787912798e+00    8.4496057652e+00    7.0352112605e+00   -2.6592581147e+01    7.5072288452e-01    2.5322630000e+06    2.1457072318e+01    9.9996550557e-01
       218   -6.2793926251e+00    3.9463784682e+01   -1.0262595977e+01    3.9832033516e+00    8.4620207771e+00    7.0352112605e+00   -2.6467240199e+01    7.0741218506e-01    2.5090730000e+06    2.2031173484e+01    9.9996444450e-01
       219   -6.2777975881e+00    3.9450196451e+01   -1.0279807407e+01    4.0020098188e+00    8.4484113939e+00    7.0352112605e+00   -2.6524229604e+01    7.6079954297e-01    2.5225540000e+06    2.1887172118e+01    9.9996169365e-01
       220   -6.2761888722e+00    3.9426247479e+01   -1.0319299198e+01    4.0431103261e+00    8.4676012634e+00    7.0352112605e+00   -2.6553066788e+01    7.3095506543e-01    2.5306390000e+06    2.1818916483e+01    9.9996172910e-01
       221   -6.2750143511e+00    3.9411028398e+01   -1.0313489774e+01    4.0384754233e+00    8.4406527718e+00    7.0352112605e+00   -2.6491597614e+01    7.0224380681e-01    2.5278550000e+06    2.1875068617e+01    9.9996634290e-01
       222   -6.2753483804e+00    3.9415760835e+01   -1.0282418177e+01    4.0070697966e+00    8.4201102866e+00    7.0352112605e+00   -2.6451501063e+01    7.1376133915e-01    2.5067760000e+06    2.1659654348e+01    9.9996076870e-01
       223   -6.2776145302e+00    3.9444874574e+01   -1.0293629700e+01    4.0160151695e+00    8.4174534679e+00    7.0352112605e+00   -2.6457943360e+01    7.1164893195e-01    2.5217320000e+06    2.1635122766e+01    9.9996530589e-01
       224   -6.2792001557e+00    3.9463823462e+01   -1.0307219508e+01    4.0280193521e+00    8.4364469875e+00    7.0352112605e+00   -2.6502074399e+01    7.2319664333e-01    2.5137210000e+06    2.1841866835e+01    9.9996486957e-01
       225   -6.2792179761e+00    3.9464454889e+01   -1.0279305435e+01    4.0000874587e+00    8.4319370589e+00    7.0352112605e+00   -2.6522970141e+01    7.7651638724e-01    2.5200550000e+06    2.1613398386e+01    9.9996312470e-01
       226   -6.2776833550e+00    3.9441077194e+01   -1.0208907377e+01    3.9312240224e+00    8.3818234563e+00    7.0352112605e+00   -2.6320706586e+01    6.9476449159e-01    2.5196840000e+06    2.1427004968e+01    9.9996335212e-01
       227   -6.2774940329e+00    3.9440907513e+01   -1.0230727015e+01    3.9532329818e+00    8.3963133042e+00    7.0352112605e+00   -2.6369807122e+01    7.0755554246e-01    2.5346040000e+06    2.1684699967e+01    9.9996430444e-01
       228   -6.2778731242e+00    3.9447415440e+01   -1.0286434768e+01    4.0085616435e+00    8.4187793745e+00    7.0352112605e+00   -2.6443365130e+01    7.0293972747e-01    2.5192540000e+06    2.1684061910e+01    9.9996326944e-01
       229   -6.2778082984e+00    3.9453387129e+01   -1.0258202620e+01    3.9803943215e+00    8.4157880079e+00    7.0352112605e+00   -2.6454091309e+01    7.4488942100e-01    2.5253640000e+06    2.1785701506e+01    9.9996347625e-01
       230   -6.2778938424e+00    3.9447894316e+01   -1.0225155877e+01    3.9472620348e+00    8.4065407732e+00    7.0352112605e+00   -2.6427868342e+01    7.6096043157e-01    2.5285330000e+06    2.1713828298e+01    9.9996430242e-01
       231   -6.2777652938e+00    3.9445327008e+01   -1.0265320999e+01    3.9875557047e+00    8.4292192954e+00    7.0352112605e+00   -2.6475583070e+01    7.4583151517e-01    2.5464760000e+06    2.1840053275e+01    9.9996258966e-01
       232   -6.2775763251e+00    3.9443953705e+01   -1.0304595274e+01    4.0270189492e+00    8.4200453837e+00    7.0352112605e+00   -2.6486711822e+01    7.2685990369e-01    2.5373790000e+06    2.1968634498e+01    9.9996352337e-01
       233   -6.2771057900e+00    3.9441455119e+01   -1.0284058685e+01    4.0069528953e+00    8.4474010130e+00    7.0352112605e+00   -2.6498400682e+01    7.3172972285e-01    2.5274160000e+06    2.2134201246e+01    9.9996216303e-01
       234   -6.2781669023e+00    3.9450700411e+01   -1.0294051337e+01    4.0158844343e+00    8.4348008316e+00    7.0352112605e+00   -2.6491940859e+01    7.2787742995e-01    2.5083750000e+06    2.1630075095e+01    9.9996343590e-01
       235   -6.2770971452e+00    3.9439766599e+01   -1.0268697102e+01    3.9915999572e+00    8.4249282581e+00    7.0352112605e+00   -2.6465954496e+01    7.3711787516e-01    2.5094870000e+06    2.1354362369e+01    9.9996378757e-01
       236   -6.2779474586e+00    3.9445717196e+01   -1.0298409835e+01    4.0204623765e+00    8.4254911099e+00    7.0352112605e+00   -2.6467817448e+01    7.0870524291e-01    2.5195030000e+06    2.2068073263e+01    9.9996110709e-01
       237   -6.2748471697e+00    3.9406642494e+01   -1.0335109378e+01    4.0602622083e+00    8.4419516938e+00    7.0352112605e+00   -2.6522415742e+01    7.1014340987e-01    2.5165470000e+06    2.2239194108e+01    9.9996278644e-01
       238   -6.2764225387e+00    3.9428996788e+01   -1.0264987954e+01    3.9885654155e+00    8.4350511326e+00    7.0352112605e+00   -2.6465379505e+01    7.3012915763e-01    2.5163470000e+06    2.1556255884e+01    9.9996407844e-01
       239   -6.2785087146e+00    3.9455159394e+01   -1.0277116539e+01    3.9986078243e+00    8.4319844571e+00    7.0352112605e+00   -2.6462648951e+01    7.1833669427e-01    2.5071710000e+06    2.2148680165e+01    9.9996187607e-01
       240   -6.2778992507e+00    3.9447647164e+01   -1.0202532201e+01    3.9246329505e+00    8.4274717077e+00    7.0352112605e+00   -2.6389540539e+01    7.2432536989e-01    2.4916540000e+06    2.1862638417e+01    9.9996273271e-01
       241   -6.2776946608e+00    3.9444158670e+01   -1.0226407675e+01    3.9487130144e+00    8.4454829466e+00    7.0352112605e+00   -2.6408938832e+01    7.0183694964e-01    2.5138430000e+06    2.2035898538e+01    9.9996331059e-01
       242   -6.2749770654e+00    3.9410834661e+01   -1.0260952810e+01    3.9859757449e+00    8.4640969455e+00    7.0352112605e+00   -2.6486187278e+01    7.2592626221e-01    2.5161670000e+06    2.1868350472e+01    9.9996327112e-01
       243   -6.2720028421e+00    3.9373399320e+01   -1.0239529855e+01    3.9675270127e+00    8.4768763987e+00    7.0352112605e+00   -2.6507266824e+01    7.5564931013e-01    2.4967170000e+06    2.1877772701e+01    9.9996575137e-01
       244   -6.2748292965e+00    3.9410688624e+01   -1.0262909726e+01    3.9880804296e+00    8.4289273703e+00    7.0352112605e+00   -2.6467689413e+01    7.4064105579e-01    2.5126870000e+06    2.1687461322e+01    9.9996334951e-01
       245   -6.2737802075e+00    3.9397834954e+01   -1.0266802223e+01    3.9930220155e+00    8.4275557030e+00    7.0352112605e+00   -2.6491697943e+01    7.6212875663e-01    2.5065760000e+06    2.1289792894e+01    9.9996284828e-01
       246   -6.2733151446e+00    3.9391613428e+01   -1.0266794328e+01    3.9934791832e+00    8.4478914764e+00    7.0352112605e+00   -2.6484825226e+01    7.3492816142e-01    2.5089610000e+06    2.1515280098e+01    9.9996160722e-01
       247   -6.2777027765e+00    3.9442868192e+01   -1.0282635443e+01    4.0049326663e+00    8.4386497311e+00    7.0352112605e+00   -2.6462522962e+01    7.0602652785e-01    2.5103660000e+06    2.1701256708e+01    9.9996417462e-01
       248   -6.2782742319e+00    3.9454605281e+01   -1.0258077362e+01    3.9798031299e+00    8.4365664806e+00    7.0352112605e+00   -2.6458538773e+01    7.2868367059e-01    2.5183110000e+06    2.1607096862e+01    9.9996509727e-01
       249   -6.2742091688e+00    3.9401731947e+01   -1.0287768343e+01    4.0135591742e+00    8.4275947056e+00    7.0352112605e+00   -2.6472277791e+01    7.2170348170e-01    2.5146780000e+06    2.1416342021e+01    9.9996190189e-01
       250   -6.2791650519e+00    3.9463756221e+01   -1.0265917356e+01    3.9867523037e+00    8.4288423830e+00    7.0352112605e+00   -2.6431592370e+01    7.0162137135e-01    2.5240980000e+06    2.1856602592e+01    9.9996343764e-01
       251   -6.2791614509e+00    3.9462987672e+01   -1.0278201652e+01    3.9990402010e+00    8.4256781907e+00    7.0352112605e+00   -2.6470790535e+01    7.3169943208e-01    2.5290730000e+06    2.1739705907e+01    9.9996580035e-01
       252   -6.2800363965e+00    3.9474976643e+01   -1.0278452010e+01    3.9984156135e+00    8.4479174900e+00    7.0352112605e+00   -2.6511742511e+01    7.5016174999e-01    2.5386560000e+06    2.2195780261e+01    9.9996489384e-01
       253   -6.2787416130e+00    3.9457429155e+01   -1.0273734087e+01    3.9949924739e+00    8.4379728785e+00    7.0352112605e+00   -2.6483729308e+01    7.3681108211e-01    2.5270450000e+06    2.1808063809e+01    9.9996215887e-01
       254   -6.2805396160e+00    3.9479771590e+01   -1.0296980353e+01    4.0164407367e+00    8.4336233867e+00    7.0352112605e+00   -2.6490156310e+01    7.2434130981e-01    2.5081470000e+06    2.1661343912e+01    9.9996194286e-01
       255   -6.2761358537e+00    3.9423547721e+01   -1.0282156629e+01    4.0060207756e+00    8.4253947156e+00    7.0352112605e+00   -2.6460055144e+01    7.1729253825e-01    2.5151190000e+06    2.2185268793e+01    9.9996350977e-01
       256   -6.2767265446e+00    3.9434495106e+01   -1.0268798555e+01    3.9920720099e+00    8.4232790883e+00    7.0352112605e+00   -2.6466917432e+01    7.3962852873e-01    2.5202270000e+06    2.1731418718e+01    9.9996308486e-01
       257   -6.2746511550e+00    3.9412252043e+01   -1.0276038865e+01    4.0013877103e+00    8.4301486205e+00    7.0352112605e+00   -2.6443436284e+01    7.0203753780e-01    2.5279590000e+06    2.1973026267e+01    9.9996159356e-01
       258   -6.2783389073e+00    3.9455467883e+01   -1.0252105676e+01    3.9737667685e+00    8.4171931996e+00    7.0352112605e+00   -2.6430581082e+01    7.2607094620e-01    2.5379610000e+06    2.1844245214e+01    9.9996351055e-01
       259   -6.2776733812e+00    3.9444900224e+01   -1.0227574219e+01    3.9499008377e+00    8.4530866801e+00    7.0352112605e+00   -2.6421993613e+01    7.0612145361e-01    2.5375550000e+06    2.1946795723e+01    9.9996481860e-01
       260   -6.2791474313e+00    3.9461895694e+01   -1.0253134025e+01    3.9739865939e+00    8.4407058665e+00    7.0352112605e+00   -2.6460062016e+01    7.3101086408e-01    2.5277230000e+06    2.1703043586e+01    9.9996184887e-01
       261   -6.2786229137e+00    3.9461853270e+01   -1.0261083602e+01    3.9824606887e+00    8.4264639730e+00    7.0352112605e+00   -2.6445909296e+01    7.2315046039e-01    2.5394920000e+06    2.1529498482e+01    9.9996269148e-01
       262   -6.2760003935e+00    3.9426683499e+01   -1.0236650347e+01    3.9606499540e+00    8.4253483992e+00    7.0352112605e+00   -2.6382603134e+01    6.8539312690e-01    2.5293870000e+06    2.1751376799e+01    9.9996563816e-01
       263   -6.2771233473e+00    3.9437329922e+01   -1.0294360093e+01    4.0172367457e+00    8.4554623736e+00    7.0352112605e+00   -2.6535121068e+01    7.5008734079e-01    2.5194580000e+06    2.1698485001e+01    9.9996299815e-01
       264   -6.2743250261e+00    3.9401490844e+01   -1.0250830925e+01    3.9765058991e+00    8.4444016306e+00    7.0352112605e+00   -2.6451437077e+01    7.2099326083e-01    2.5094870000e+06    2.1739528201e+01    9.9996154857e-01
       265   -6.2745911170e+00    3.9406171455e+01   -1.0300251691e+01    4.0256605742e+00    8.4402865284e+00    7.0352112605e+00   -2.6497844770e+01    7.2209528937e-01    2.5041010000e+06    2.1978736923e+01    9.9996376470e-01
       266   -6.2760505743e+00    3.9425087768e+01   -1.0276755442e+01    4.0007048681e+00    8.4499550263e+00    7.0352112605e+00   -2.6476971698e+01    7.1504996866e-01    2.5135610000e+06    2.1968901253e+01    9.9996399630e-01
       267   -6.2750203269e+00    3.9423588296e+01   -1.0304254944e+01    4.0292346173e+00    8.4369736342e+00    7.0352112605e+00   -2.6501736593e+01    7.2529675444e-01    2.5027390000e+06    2.1915950865e+01    9.9996288298e-01
       268   -6.2747201526e+00    3.9409213582e+01   -1.0315695535e+01    4.0409753824e+00    8.4367345191e+00    7.0352112605e+00   -2.6522471733e+01    7.3483041856e-01    2.5070590000e+06    2.1838229270e+01    9.9996410267e-01
       269   -6.2762147108e+00    3.9428186012e+01   -1.0290587676e+01    4.0143729655e+00    8.4542860073e+00    7.0352112605e+00   -2.6515486928e+01    7.3540198424e-01    2.5053030000e+06    2.1803534503e+01    9.9996463520e-01
       270   -6.2762057560e+00    3.9424614778e+01   -1.0248275005e+01    3.9720692494e+00    8.4616449261e+00    7.0352112605e+00   -2.6449490283e+01    7.0435909107e-01    2.5049520000e+06    2.1858141289e+01    9.9996474947e-01
       271   -6.2782436668e+00    3.9451499997e+01   -1.0274727496e+01    3.9964838288e+00    8.4566249951e+00    7.0352112605e+00   -2.6520719672e+01    7.5415592026e-01    2.5221660000e+06    2.1987155460e+01    9.9996201753e-01
       272   -6.2766389844e+00    3.9431767312e+01   -1.0311212247e+01    4.0345732623e+00    8.4438116360e+00    7.0352112605e+00   -2.6538691959e+01    7.4845681607e-01    2.5186520000e+06    2.1980151707e+01    9.9996134775e-01
       273   -6.2770204963e+00    3.9435634740e+01   -1.0339107789e+01    4.0620872932e+00    8.4341088506e+00    7.0352112605e+00   -2.6531566547e+01    7.2313864647e-01    2.5160550000e+06    2.1765992911e+01    9.9996389413e-01
       274   -6.2808019643e+00    3.9488522434e+01   -1.0235060322e+01    3.9542583575e+00    8.4133316887e+00    7.0352112605e+00   -2.6402910864e+01    7.1930759275e-01    2.5281940000e+06    2.1541453229e+01    9.9996194285e-01
       275   -6.2786708501e+00    3.9457496139e+01   -1.0255198109e+01    3.9765272586e+00    8.3996502986e+00    7.0352112605e+00   -2.6419214915e+01    7.2915524776e-01    2.5459500000e+06    2.1558268854e+01    9.9996395765e-01
       276   -6.2765336887e+00    3.9432583255e+01   -1.0258809435e+01    3.9822757463e+00    8.4302773850e+00    7.0352112605e+00   -2.6462889131e+01    7.3859105094e-01    2.5509060000e+06    2.2133263029e+01    9.9996490027e-01
       277   -6.2758205861e+00    3.9422403360e+01   -1.0307874039e+01    4.0320534526e+00    8.4446249300e+00    7.0352112605e+00   -2.6498630992e+01    7.1092076307e-01    2.5362720000e+06    2.1770680661e+01    9.9996653462e-01
       278   -6.2783542356e+00    3.9457471909e+01   -1.0230274827e+01    3.9519205910e+00    8.4563308295e+00    7.0352112605e+00   -2.6490682710e+01    7.6886579304e-01    2.5211120000e+06    2.1979463954e+01    9.9996232257e-01
       279   -6.2791405261e+00    3.9464628514e+01   -1.0243403664e+01    3.9642631376e+00    8.4345407663e+00    7.0352112605e+00   -2.6458807394e+01    7.4565170321e-01    2.5308620000e+06    2.1683905277e+01    9.9996381007e-01
       280   -6.2808087841e+00    3.9486823004e+01   -1.0280899852e+01    4.0000910680e+00    8.4314520529e+00    7.0352112605e+00   -2.6474996246e+01    7.2743308078e-01    2.5287440000e+06    2.1894217006e+01    9.9996243558e-01
       281   -6.2758097674e+00    3.9422619540e+01   -1.0281527108e+01    4.0057173411e+00    8.4436000120e+00    7.0352112605e+00   -2.6479845075e+01    7.1950669383e-01    2.5226280000e+06    2.1621536746e+01    9.9996221564e-01
       282   -6.2799556520e+00    3.9475165389e+01   -1.0270131067e+01    3.9901754153e+00    8.4328089918e+00    7.0352112605e+00   -2.6486196131e+01    7.4804481122e-01    2.5295750000e+06    2.2102807462e+01    9.9996111347e-01
       283   -6.2781157190e+00    3.9450035471e+01   -1.0273915841e+01    3.9958001222e+00    8.4287945257e+00    7.0352112605e+00   -2.6460634344e+01    7.2271271673e-01    2.5131530000e+06    2.1848075767e+01    9.9996439884e-01
       284   -6.2745488694e+00    3.9406468861e+01   -1.0299565354e+01    4.0250164850e+00    8.4548591158e+00    7.0352112605e+00   -2.6534014321e+01    7.4437858978e-01    2.5212980000e+06    2.2488553661e+01    9.9996107384e-01
       285   -6.2729484778e+00    3.9384547184e+01   -1.0315895860e+01    4.0429473821e+00    8.4746229581e+00    7.0352112605e+00   -2.6561252952e+01    7.3552287351e-01    2.5151930000e+06    2.2418459405e+01    9.9996560447e-01
       286   -6.2770676961e+00    3.9441523781e+01   -1.0311115856e+01    4.0340481603e+00    8.4565888655e+00    7.0352112605e+00   -2.6566001210e+01    7.6308522785e-01    2.5155420000e+06    2.1701912186e+01    9.9996024323e-01
       287   -6.2757240737e+00    3.9417265341e+01   -1.0297183282e+01    4.0214592085e+00    8.4570883771e+00    7.0352112605e+00   -2.6502707347e+01    7.1322442730e-01    2.5206650000e+06    2.1706205845e+01    9.9996334929e-01
       288   -6.2780425308e+00    3.9446878710e+01   -1.0321412858e+01    4.0433703273e+00    8.4488530273e+00    7.0352112605e+00   -2.6513987907e+01    7.0851076087e-01    2.5316630000e+06    2.2076649318e+01    9.9996222731e-01
       289   -6.2759994052e+00    3.9423058542e+01   -1.0329615696e+01    4.0536162909e+00    8.4437407867e+00    7.0352112605e+00   -2.6537620825e+01    7.2905308152e-01    2.5193680000e+06    2.1621922698e+01    9.9995899600e-01
       290   -6.2756934721e+00    3.9421614651e+01   -1.0239572353e+01    3.9638788812e+00    8.4427721272e+00    7.0352112605e+00   -2.6453085048e+01    7.3552930655e-01    2.5241420000e+06    2.1976456859e+01    9.9996468354e-01
       291   -6.2740179300e+00    3.9400803955e+01   -1.0235671231e+01    3.9616533009e+00    8.4194627412e+00    7.0352112605e+00   -2.6445566210e+01    7.5522097717e-01    2.5211550000e+06    2.1923185815e+01    9.9996477917e-01
       292   -6.2729173226e+00    3.9388806652e+01   -1.0241905908e+01    3.9689885850e+00    8.4041828885e+00    7.0352112605e+00   -2.6393604762e+01    7.1230470576e-01    2.5053540000e+06    2.1371304680e+01    9.9996083665e-01
       293   -6.2764683360e+00    3.9429912111e+01   -1.0283040600e+01    4.0065722637e+00    8.4061248719e+00    7.0352112605e+00   -2.6425586075e+01    7.0120934269e-01    2.5206050000e+06    2.2137012718e+01    9.9996181309e-01
       294   -6.2787426578e+00    3.9457807462e+01   -1.0298056279e+01    4.0193136210e+00    8.4238681949e+00    7.0352112605e+00   -2.6472759158e+01    7.1562342377e-01    2.5249170000e+06    2.2385688726e+01    9.9996132963e-01
       295   -6.2746699224e+00    3.9408890473e+01   -1.0267488082e+01    3.9928181592e+00    8.4266363844e+00    7.0352112605e+00   -2.6488038303e+01    7.5870257678e-01    2.5288640000e+06    2.1920158287e+01    9.9996544030e-01
       296   -6.2721172581e+00    3.9375968809e+01   -1.0277434816e+01    4.0053175580e+00    8.4526859276e+00    7.0352112605e+00   -2.6512978464e+01    7.4764645971e-01    2.5024040000e+06    2.2147501586e+01    9.9996183111e-01
       297   -6.2756110026e+00    3.9420187529e+01   -1.0213988710e+01    3.9383777072e+00    8.4464071795e+00    7.0352112605e+00   -2.6442035596e+01    7.4642844571e-01    2.5043890000e+06    2.1951958267e+01    9.9995986687e-01
       298   -6.2764497990e+00    3.9429205837e+01   -1.0265975446e+01    3.9895256470e+00    8.4426757161e+00    7.0352112605e+00   -2.6462702928e+01    7.1884050559e-01    2.5109780000e+06    2.2071552239e+01    9.9996298193e-01
       299   -6.2787097563e+00    3.9455238822e+01   -1.0277836691e+01    3.9991269343e+00    8.4532228787e+00    7.0352112605e+00   -2.6487193241e+01    7.2092241136e-01    2.5106620000e+06    2.1980200529e+01    9.9996131528e-01
       300   -6.2740741630e+00    3.9398923069e+01   -1.0300261597e+01    4.0261874340e+00    8.4365366093e+00    7.0352112605e+00   -2.6498764118e+01    7.2675465152e-01    2.5040240000e+06    2.1898219884e+01    9.9996191882e-01
       301   -6.2767650690e+00    3.9436712962e+01   -1.0299014880e+01    4.0222498108e+00    8.4267483720e+00    7.0352112605e+00   -2.6472448330e+01    7.1147381756e-01    2.5049500000e+06    2.1694010004e+01    9.9996351037e-01
       302   -6.2779506847e+00    3.9446752727e+01   -1.0273430257e+01    3.9954795728e+00    8.4165816679e+00    7.0352112605e+00   -2.6450110789e+01    7.2488760314e-01    2.5060680000e+06    2.1618584258e+01    9.9996573551e-01
       303   -6.2758004071e+00    3.9421581580e+01   -1.0312192913e+01    4.0363925063e+00    8.4269257297e+00    7.0352112605e+00   -2.6518638389e+01    7.4430848574e-01    2.5260100000e+06    2.1768868720e+01    9.9996405529e-01
       304   -6.2762937662e+00    3.9426875443e+01   -1.0306602904e+01    4.0303091376e+00    8.4632440747e+00    7.0352112605e+00   -2.6549103232e+01    7.4404499271e-01    2.5374030000e+06    2.2131505979e+01    9.9996138215e-01
       305   -6.2752849242e+00    3.9423096934e+01   -1.0310062767e+01    4.0347778425e+00    8.4629608078e+00    7.0352112605e+00   -2.6565486450e+01    7.5725161487e-01    2.5157760000e+06    2.1972900431e+01    9.9996472664e-01
       306   -6.2756310516e+00    3.9419464945e+01   -1.0274163731e+01    3.9985326798e+00    8.4463574348e+00    7.0352112605e+00   -2.6494700863e+01    7.3896843662e-01    2.5248250000e+06    2.1598139187e+01    9.9996033218e-01
       307   -6.2767177575e+00    3.9431810479e+01   -1.0311774810e+01    4.0350570522e+00    8.4700355672e+00    7.0352112605e+00   -2.6542585524e+01    7.2556388659e-01    2.5205960000e+06    2.1972386532e+01    9.9996120965e-01
       308   -6.2746823231e+00    3.9410120402e+01   -1.0276960302e+01    4.0022779786e+00    8.4579625473e+00    7.0352112605e+00   -2.6512601254e+01    7.4246714501e-01    2.5131890000e+06    2.2229666634e+01    9.9996347942e-01
       309   -6.2787300535e+00    3.9459178736e+01   -1.0268207976e+01    3.9894779229e+00    8.4354891250e+00    7.0352112605e+00   -2.6492488931e+01    7.5358056890e-01    2.5223550000e+06    2.1852639435e+01    9.9996377409e-01
       310   -6.2771860873e+00    3.9439504732e+01   -1.0304878382e+01    4.0276922945e+00    8.4473350275e+00    7.0352112605e+00   -2.6535105876e+01    7.4768120606e-01    2.5212640000e+06    2.1650662114e+01    9.9996325717e-01
       311   -6.2762790318e+00    3.9427113807e+01   -1.0295683646e+01    4.0194046146e+00    8.4530930772e+00    7.0352112605e+00   -2.6515177792e+01    7.3118980831e-01    2.5104540000e+06    2.2182072122e+01    9.9996177294e-01
       312   -6.2742394739e+00    3.9404158175e+01   -1.0271337829e+01    3.9970983550e+00    8.4500283754e+00    7.0352112605e+00   -2.6496700386e+01    7.4012292160e-01    2.4843500000e+06    2.1816691240e+01    9.9996528622e-01
       313   -6.2781755381e+00    3.9449654167e+01   -1.0235310768e+01    3.9571352296e+00    8.4435626552e+00    7.0352112605e+00   -2.6423760161e+01    7.0967547715e-01    2.5153660000e+06    2.1693702570e+01    9.9996184014e-01
       314   -6.2774487260e+00    3.9442955475e+01   -1.0265678211e+01    3.9882294855e+00    8.4326479111e+00    7.0352112605e+00   -2.6461193785e+01    7.2765640192e-01    2.5277220000e+06    2.1761153619e+01    9.9996325052e-01
       315   -6.2763120777e+00    3.9427088435e+01   -1.0306759918e+01    4.0304478403e+00    8.4357698414e+00    7.0352112605e+00   -2.6484824353e+01    7.0708333343e-01    2.5123390000e+06    2.1650763697e+01    9.9996340625e-01
       316   -6.2751951258e+00    3.9418117367e+01   -1.0288252591e+01    4.0130574647e+00    8.4341769401e+00    7.0352112605e+00   -2.6458218570e+01    7.0057777844e-01    2.5076550000e+06    2.1794788036e+01    9.9996231900e-01
       317   -6.2758676374e+00    3.9421184392e+01   -1.0274922983e+01    3.9990553452e+00    8.4359182884e+00    7.0352112605e+00   -2.6471532223e+01    7.2547969182e-01    2.5131420000e+06    2.1664214841e+01    9.9996583711e-01
       318   -6.2744187540e+00    3.9410375281e+01   -1.0241808922e+01    3.9673901683e+00    8.4281121264e+00    7.0352112605e+00   -2.6455693075e+01    7.5056076542e-01    2.5177960000e+06    2.1756066204e+01    9.9996494875e-01
       319   -6.2769955191e+00    3.9437080517e+01   -1.0259227932e+01    3.9822324130e+00    8.4133760652e+00    7.0352112605e+00   -2.6464479328e+01    7.5666407068e-01    2.5024070000e+06    2.1600128999e+01    9.9996265030e-01
       320   -6.2729084656e+00    3.9388971842e+01   -1.0238061436e+01    3.9651529706e+00    8.4016826864e+00    7.0352112605e+00   -2.6397372152e+01    7.2241676886e-01    2.5080310000e+06    2.1687389178e+01    9.9996347883e-01
       321   -6.2763688983e+00    3.9429940572e+01   -1.0275228305e+01    3.9988594065e+00    8.4523468583e+00    7.0352112605e+00   -2.6518824334e+01    7.5603791004e-01    2.5194020000e+06    2.1822519927e+01    9.9996399203e-01
       322   -6.2755533454e+00    3.9417406145e+01   -1.0315938475e+01    4.0403851298e+00    8.4566686761e+00    7.0352112605e+00   -2.6544473411e+01    7.3665499892e-01    2.5218050000e+06    2.1749511406e+01    9.9996397825e-01
       323   -6.2759938545e+00    3.9419913600e+01   -1.0304088910e+01    4.0280950560e+00    8.4422819820e+00    7.0352112605e+00   -2.6505809051e+01    7.2422689777e-01    2.5193330000e+06    2.1629861261e+01    9.9996234906e-01
       324   -6.2787342420e+00    3.9463394083e+01   -1.0273578735e+01    3.9948444929e+00    8.4478713631e+00    7.0352112605e+00   -2.6486399770e+01    7.2973841189e-01    2.5193730000e+06    2.1676778016e+01    9.9996068809e-01
