#   index    LocalEnergy         LocalEnergy_sq      LocalPotential      Kinetic             ElecElec            IonIon              LocalECP            NonLocalECP         BlockWeight         BlockCPU            AcceptRatio         
         0   -6.2745652164e+00    3.9407621336e+01   -1.0299135062e+01    4.0245698455e+00    8.3975550577e+00    7.0352112605e+00   -2.6510755170e+01    7.7885378943e-01    1.3440000000e+03    2.8038210854e-02    5.3802083333e-01
         1   -6.2671133007e+00    3.9305613901e+01   -1.0325023492e+01    4.0579101918e+00    8.4210916502e+00    7.0352112605e+00   -2.6496926198e+01    7.1559979438e-01    1.3440000000e+03    2.7932564457e-02    5.3843191964e-01
         2   -6.2620982444e+00    3.9263463272e+01   -1.0339810154e+01    4.0777119098e+00    8.4227355346e+00    7.0352112605e+00   -2.6578434707e+01    7.8067775794e-01    1.3440000000e+03    2.8021841708e-02    5.3923735119e-01
         3   -6.2678806599e+00    3.9314936266e+01   -1.0260314888e+01    3.9924342280e+00    8.4308777409e+00    7.0352112605e+00   -2.6508405283e+01    7.8200139401e-01    1.3440000000e+03    2.7988276934e-02    5.3976376488e-01
         4   -6.2649840021e+00    3.9278822687e+01   -1.0232558077e+01    3.9675740745e+00    8.4397447166e+00    7.0352112605e+00   -2.6451228940e+01    7.4371488594e-01    1.3440000000e+03    2.7987156296e-02    5.3916294643e-01
         5   -6.2747727322e+00    3.9411566638e+01   -1.0300340755e+01    4.0255680230e+00    8.5129351114e+00    7.0352112605e+00   -2.6611555892e+01    7.6306876516e-01    1.3440000000e+03    2.8048501813e-02    5.3954241071e-01
         6   -6.2626998013e+00    3.9279909754e+01   -1.0290910786e+01    4.0282109851e+00    8.4452239585e+00    7.0352112605e+00   -2.6499878628e+01    7.2853262215e-01    1.3440000000e+03    2.8027864869e-02    5.4013578869e-01
         7   -6.2878203805e+00    3.9584251129e+01   -1.0244736057e+01    3.9569156760e+00    8.4600759111e+00    7.0352112605e+00   -2.6475577122e+01    7.3555389379e-01    1.3440000000e+03    2.8016102870e-02    5.4003534226e-01
         8   -6.2704261618e+00    3.9346431135e+01   -1.0350708184e+01    4.0802820218e+00    8.4208394002e+00    7.0352112605e+00   -2.6419325403e+01    6.1256655890e-01    1.3440000000e+03    2.7991814236e-02    5.3993675595e-01
         9   -6.2728293112e+00    3.9390987032e+01   -1.0247102373e+01    3.9742730621e+00    8.3848269159e+00    7.0352112605e+00   -2.6403779325e+01    7.3663877517e-01    1.3440000000e+03    2.7970632061e-02    5.4024739583e-01
        10   -6.2760805872e+00    3.9421948119e+01   -1.0153071134e+01    3.8769905463e+00    8.4792889179e+00    7.0352112605e+00   -2.6461869216e+01    7.9429790445e-01    1.3440000000e+03    2.8041352482e-02    5.4073660714e-01
        11   -6.2730207421e+00    3.9392658258e+01   -1.0250009647e+01    3.9769889054e+00    8.4748973067e+00    7.0352112605e+00   -2.6478085124e+01    7.1796690965e-01    1.3440000000e+03    2.8042509454e-02    5.3978050595e-01
        12   -6.2792376969e+00    3.9468096081e+01   -1.0270530937e+01    3.9912932397e+00    8.4020385376e+00    7.0352112605e+00   -2.6375333548e+01    6.6755281329e-01    1.3440000000e+03    2.7979070448e-02    5.3943080357e-01
        13   -6.2767532169e+00    3.9426307152e+01   -1.0448431472e+01    4.1716782554e+00    8.4153100149e+00    7.0352112605e+00   -2.6668922840e+01    7.6997009249e-01    1.3440000000e+03    2.8002601985e-02    5.3925037202e-01
        14   -6.2684357255e+00    3.9321902315e+01   -1.0247445764e+01    3.9790100387e+00    8.3827574424e+00    7.0352112605e+00   -2.6370791585e+01    7.0537711752e-01    1.3440000000e+03    2.8022874618e-02    5.4010788690e-01
        15   -6.2730614789e+00    3.9382409589e+01   -1.0320367411e+01    4.0473059323e+00    8.4388857405e+00    7.0352112605e+00   -2.6488170193e+01    6.9370578058e-01    1.3440000000e+03    2.8010191118e-02    5.4063244048e-01
        16   -6.2707182004e+00    3.9354086983e+01   -1.0189691071e+01    3.9189728704e+00    8.4114781916e+00    7.0352112605e+00   -2.6320111461e+01    6.8373093840e-01    1.3440000000e+03    2.8033675897e-02    5.3873883929e-01
        17   -6.2743517572e+00    3.9400631990e+01   -1.0359837478e+01    4.0854857210e+00    8.4818431300e+00    7.0352112605e+00   -2.6563116974e+01    6.8622510506e-01    1.3440000000e+03    2.8041201193e-02    5.4096540179e-01
        18   -6.2633849095e+00    3.9263406117e+01   -1.0252929727e+01    3.9895448172e+00    8.4118322266e+00    7.0352112605e+00   -2.6462950267e+01    7.6297705324e-01    1.3440000000e+03    2.8015006883e-02    5.3833705357e-01
        19   -6.2637929229e+00    3.9264184305e+01   -1.0282188387e+01    4.0183954641e+00    8.4663354165e+00    7.0352112605e+00   -2.6442454122e+01    6.5871905840e-01    1.3440000000e+03    2.8010324084e-02    5.3911086310e-01
        20   -6.2706206490e+00    3.9351571109e+01   -1.0249445330e+01    3.9788246810e+00    8.4212935562e+00    7.0352112605e+00   -2.6409766395e+01    7.0381624813e-01    1.3440000000e+03    2.7987035075e-02    5.3932105655e-01
        21   -6.2472189427e+00    3.9121107667e+01   -1.0195781817e+01    3.9485628748e+00    8.4270201341e+00    7.0352112605e+00   -2.6369089086e+01    7.1107587397e-01    1.3440000000e+03    2.7987554643e-02    5.4022879464e-01
        22   -6.2668857073e+00    3.9307809926e+01   -1.0178098904e+01    3.9112131970e+00    8.4537094728e+00    7.0352112605e+00   -2.6436156708e+01    7.6913707034e-01    1.3440000000e+03    2.7996679420e-02    5.4047433036e-01
        23   -6.2667847679e+00    3.9312960830e+01   -1.0226346888e+01    3.9595621205e+00    8.4393905443e+00    7.0352112605e+00   -2.6525027322e+01    8.2407862842e-01    1.3440000000e+03    2.8067747378e-02    5.4044828869e-01
        24   -6.2739907784e+00    3.9389522548e+01   -1.0306761814e+01    4.0327710358e+00    8.4055216710e+00    7.0352112605e+00   -2.6358833294e+01    6.1133854828e-01    1.3440000000e+03    2.7996879940e-02    5.3843936012e-01
        25   -6.2666087460e+00    3.9297980424e+01   -1.0282236457e+01    4.0156277109e+00    8.3799807662e+00    7.0352112605e+00   -2.6387522609e+01    6.9009412501e-01    1.3440000000e+03    2.7976618215e-02    5.3964099702e-01
        26   -6.2739632761e+00    3.9393747867e+01   -1.0314796171e+01    4.0408328945e+00    8.4021808459e+00    7.0352112605e+00   -2.6519634781e+01    7.6744650428e-01    1.3440000000e+03    2.7987736875e-02    5.3860305060e-01
        27   -6.2732520951e+00    3.9389761226e+01   -1.0283634595e+01    4.0103824997e+00    8.4351893808e+00    7.0352112605e+00   -2.6494817527e+01    7.4078229143e-01    1.3440000000e+03    2.8022370708e-02    5.3971726190e-01
        28   -6.2686025311e+00    3.9323667358e+01   -1.0259994210e+01    3.9913916789e+00    8.4301557040e+00    7.0352112605e+00   -2.6476371973e+01    7.5101079817e-01    1.3440000000e+03    2.7990473851e-02    5.3955543155e-01
        29   -6.2727777651e+00    3.9384683427e+01   -1.0223059766e+01    3.9502820006e+00    8.4259503155e+00    7.0352112605e+00   -2.6430693855e+01    7.4647251308e-01    1.3440000000e+03    2.7997413542e-02    5.3936011905e-01
        30   -6.2696527021e+00    3.9332746627e+01   -1.0236612554e+01    3.9669598521e+00    8.4382269457e+00    7.0352112605e+00   -2.6405359974e+01    6.9530921381e-01    1.3440000000e+03    2.8060878138e-02    5.3958891369e-01
        31   -6.2717911479e+00    3.9370373820e+01   -1.0367718949e+01    4.0959278008e+00    8.4291656267e+00    7.0352112605e+00   -2.6613346664e+01    7.8125082812e-01    1.3440000000e+03    2.8026531484e-02    5.3925595238e-01
        32   -6.2665529122e+00    3.9298572609e+01   -1.0286793826e+01    4.0202409133e+00    8.4217402642e+00    7.0352112605e+00   -2.6449138178e+01    7.0539282753e-01    1.3440000000e+03    2.7990482299e-02    5.3869047619e-01
        33   -6.2663321834e+00    3.9300867255e+01   -1.0341873091e+01    4.0755409081e+00    8.4736763767e+00    7.0352112605e+00   -2.6568712908e+01    7.1795217913e-01    1.3440000000e+03    2.8050813155e-02    5.3986049107e-01
        34   -6.2795028559e+00    3.9457027530e+01   -1.0300330855e+01    4.0208279995e+00    8.4167527681e+00    7.0352112605e+00   -2.6487326649e+01    7.3503176502e-01    1.3440000000e+03    2.8012279163e-02    5.3937127976e-01
        35   -6.2663646677e+00    3.9297945071e+01   -1.0277874820e+01    4.0115101525e+00    8.4320830738e+00    7.0352112605e+00   -2.6496103791e+01    7.5093463659e-01    1.3440000000e+03    2.8028076534e-02    5.3951450893e-01
        36   -6.2692060340e+00    3.9332829324e+01   -1.0312335313e+01    4.0431292794e+00    8.4562771311e+00    7.0352112605e+00   -2.6481485113e+01    6.7766140830e-01    1.3440000000e+03    2.8022308869e-02    5.4042782738e-01
        37   -6.2564444631e+00    3.9169451751e+01   -1.0257826405e+01    4.0013819418e+00    8.4546828450e+00    7.0352112605e+00   -2.6463480728e+01    7.1576021777e-01    1.3440000000e+03    2.8026634305e-02    5.3854724702e-01
        38   -6.2697216068e+00    3.9335085841e+01   -1.0228898527e+01    3.9591769205e+00    8.3916362394e+00    7.0352112605e+00   -2.6389276319e+01    7.3353029132e-01    1.3440000000e+03    2.7981768708e-02    5.3983258929e-01
        39   -6.2735960446e+00    3.9387287596e+01   -1.0257386444e+01    3.9837903992e+00    8.4659912071e+00    7.0352112605e+00   -2.6433499950e+01    6.7491103830e-01    1.3440000000e+03    2.8045465176e-02    5.4086309524e-01
        40   -6.2683320447e+00    3.9324243918e+01   -1.0301296608e+01    4.0329645638e+00    8.4504093316e+00    7.0352112605e+00   -2.6527130477e+01    7.4021327619e-01    1.3440000000e+03    2.7999498340e-02    5.3801711310e-01
        41   -6.2679343453e+00    3.9317875459e+01   -1.0269428032e+01    4.0014936867e+00    8.4055101705e+00    7.0352112605e+00   -2.6372913265e+01    6.6276380237e-01    1.3440000000e+03    2.8043328034e-02    5.3923177083e-01
        42   -6.2674823805e+00    3.9314412131e+01   -1.0205414545e+01    3.9379321642e+00    8.4816288586e+00    7.0352112605e+00   -2.6479634102e+01    7.5737943838e-01    1.3440000000e+03    2.7996284710e-02    5.3919642857e-01
        43   -6.2645163274e+00    3.9285430472e+01   -1.0290347337e+01    4.0258310091e+00    8.4940648551e+00    7.0352112605e+00   -2.6602922240e+01    7.8329878760e-01    1.3440000000e+03    2.8069477927e-02    5.3999255952e-01
        44   -6.2690272207e+00    3.9333678589e+01   -1.0385046257e+01    4.1160190363e+00    8.4328269112e+00    7.0352112605e+00   -2.6612198442e+01    7.5911401380e-01    1.3440000000e+03    2.8039502822e-02    5.4028273810e-01
        45   -6.2792993643e+00    3.9475700838e+01   -1.0194263595e+01    3.9149642305e+00    8.4217539322e+00    7.0352112605e+00   -2.6405741290e+01    7.5451250230e-01    1.3440000000e+03    2.7987725278e-02    5.4004278274e-01
        46   -6.2678936316e+00    3.9317747548e+01   -1.0247732753e+01    3.9798391218e+00    8.4672059580e+00    7.0352112605e+00   -2.6479054629e+01    7.2890465757e-01    1.3440000000e+03    2.8025913803e-02    5.3928013393e-01
        47   -6.2588510351e+00    3.9214585738e+01   -1.0257647993e+01    3.9987969575e+00    8.4921981428e+00    7.0352112605e+00   -2.6594811440e+01    8.0975404390e-01    1.3440000000e+03    2.8041180137e-02    5.4053757440e-01
        48   -6.2605022269e+00    3.9239609240e+01   -1.0148055082e+01    3.8875528552e+00    8.4383740539e+00    7.0352112605e+00   -2.6394520494e+01    7.7288009733e-01    1.3440000000e+03    2.8014042541e-02    5.4068266369e-01
        49   -6.2714303284e+00    3.9366652449e+01   -1.0288193724e+01    4.0167633958e+00    8.4132554297e+00    7.0352112605e+00   -2.6453097280e+01    7.1643686596e-01    1.3440000000e+03    2.8028742297e-02    5.3897507440e-01
        50   -6.2641673959e+00    3.9271993782e+01   -1.0362218098e+01    4.0980507025e+00    8.4539468671e+00    7.0352112605e+00   -2.6565352798e+01    7.1397657240e-01    1.3440000000e+03    2.8074268512e-02    5.3996651786e-01
        51   -6.2676853474e+00    3.9321592115e+01   -1.0323392355e+01    4.0557070079e+00    8.4688697247e+00    7.0352112605e+00   -2.6606342237e+01    7.7886889674e-01    1.3440000000e+03    2.8045305893e-02    5.3989769345e-01
        52   -6.2673553161e+00    3.9306538309e+01   -1.0185096706e+01    3.9177413902e+00    8.5212751945e+00    7.0352112605e+00   -2.6437573168e+01    6.9599000687e-01    1.3440000000e+03    2.8074788131e-02    5.3995907738e-01
        53   -6.2611578412e+00    3.9231845072e+01   -1.0208632470e+01    3.9474746283e+00    8.4692031750e+00    7.0352112605e+00   -2.6446156999e+01    7.3311009419e-01    1.3440000000e+03    2.8036153863e-02    5.4117559524e-01
        54   -6.2764249176e+00    3.9422255994e+01   -1.0294949694e+01    4.0185247761e+00    8.4308186851e+00    7.0352112605e+00   -2.6457918884e+01    6.9693924447e-01    1.3440000000e+03    2.8014901530e-02    5.4037574405e-01
        55   -6.2691810767e+00    3.9332542491e+01   -1.0331104824e+01    4.0619237470e+00    8.4082189400e+00    7.0352112605e+00   -2.6452735924e+01    6.7820089936e-01    1.3440000000e+03    2.7988856798e-02    5.3992559524e-01
        56   -6.2720185670e+00    3.9374997663e+01   -1.0365900666e+01    4.0938820985e+00    8.4322239047e+00    7.0352112605e+00   -2.6504913674e+01    6.7157784306e-01    1.3440000000e+03    2.8030343634e-02    5.3943824405e-01
        57   -6.2691472819e+00    3.9329027831e+01   -1.0161324781e+01    3.8921774991e+00    8.4668190807e+00    7.0352112605e+00   -2.6399349885e+01    7.3599476323e-01    1.3440000000e+03    2.8057238748e-02    5.3995907738e-01
        58   -6.2678829091e+00    3.9317581272e+01   -1.0207780386e+01    3.9398974765e+00    8.4232412323e+00    7.0352112605e+00   -2.6344236448e+01    6.7800356928e-01    1.3440000000e+03    2.7991842900e-02    5.3885602679e-01
        59   -6.2673866882e+00    3.9307424763e+01   -1.0336408185e+01    4.0690214972e+00    8.4325716091e+00    7.0352112605e+00   -2.6531540286e+01    7.2734923078e-01    1.3440000000e+03    2.8020701608e-02    5.3904575893e-01
        60   -6.2663163979e+00    3.9298162163e+01   -1.0320161053e+01    4.0538446554e+00    8.3979269351e+00    7.0352112605e+00   -2.6512290474e+01    7.5899122555e-01    1.3440000000e+03    2.7994068924e-02    5.4016369048e-01
        61   -6.2714183384e+00    3.9359788639e+01   -1.0240021626e+01    3.9686032873e+00    8.4345189569e+00    7.0352112605e+00   -2.6399818220e+01    6.9006637743e-01    1.3440000000e+03    2.8016814934e-02    5.4026785714e-01
        62   -6.2760596392e+00    3.9430324954e+01   -1.0211576875e+01    3.9355172356e+00    8.4337331253e+00    7.0352112605e+00   -2.6406290536e+01    7.2576927506e-01    1.3440000000e+03    2.8026331528e-02    5.4012276786e-01
        63   -6.2634054501e+00    3.9264610036e+01   -1.0196328621e+01    3.9329231711e+00    8.4390834697e+00    7.0352112605e+00   -2.6438855598e+01    7.6823224671e-01    1.3440000000e+03    2.7972401203e-02    5.3933593750e-01
        64   -6.2695615996e+00    3.9340334062e+01   -1.0260506502e+01    3.9909449019e+00    8.4706484860e+00    7.0352112605e+00   -2.6437839742e+01    6.7147349442e-01    1.3440000000e+03    2.7994102971e-02    5.3870349702e-01
        65   -6.2718760834e+00    3.9366366838e+01   -1.0299707894e+01    4.0278318110e+00    8.4692560689e+00    7.0352112605e+00   -2.6530107193e+01    7.2593196898e-01    1.3440000000e+03    2.7999213673e-02    5.3980282738e-01
        66   -6.2657597005e+00    3.9285198364e+01   -1.0194393898e+01    3.9286341980e+00    8.4011118187e+00    7.0352112605e+00   -2.6335801258e+01    7.0508428076e-01    1.3440000000e+03    2.7971285744e-02    5.3892113095e-01
        67   -6.2764181825e+00    3.9420292370e+01   -1.0342097468e+01    4.0656792855e+00    8.4596271551e+00    7.0352112605e+00   -2.6506992073e+01    6.7005618953e-01    1.3440000000e+03    2.8005132604e-02    5.3887090774e-01
        68   -6.2622018739e+00    3.9258827421e+01   -1.0201888302e+01    3.9396864279e+00    8.4525620253e+00    7.0352112605e+00   -2.6444545696e+01    7.5488410853e-01    1.3440000000e+03    2.8013997201e-02    5.3848400298e-01
        69   -6.2720866107e+00    3.9368266773e+01   -1.0303084724e+01    4.0309981131e+00    8.4620537844e+00    7.0352112605e+00   -2.6501038981e+01    7.0068921250e-01    1.3440000000e+03    2.8025287332e-02    5.3968936012e-01
        70   -6.2709682298e+00    3.9356558414e+01   -1.0225916737e+01    3.9549485077e+00    8.4466798087e+00    7.0352112605e+00   -2.6452322943e+01    7.4451513603e-01    1.3440000000e+03    2.8038214716e-02    5.3824776786e-01
        71   -6.2732144050e+00    3.9383035851e+01   -1.0262965049e+01    3.9897506444e+00    8.4485364995e+00    7.0352112605e+00   -2.6517852783e+01    7.7113997325e-01    1.3440000000e+03    2.8041914536e-02    5.4019159226e-01
        72   -6.2682146653e+00    3.9322616401e+01   -1.0411595972e+01    4.1433813072e+00    8.4263873840e+00    7.0352112605e+00   -2.6553580157e+01    6.8038553963e-01    1.3440000000e+03    2.7992115361e-02    5.3797247024e-01
        73   -6.2669934710e+00    3.9344533692e+01   -1.0263117480e+01    3.9961240094e+00    8.3958865940e+00    7.0352112605e+00   -2.6497110917e+01    8.0289558247e-01    1.3440000000e+03    2.7976167816e-02    5.3940104167e-01
        74   -6.2701033423e+00    3.9346075717e+01   -1.0265788396e+01    3.9956850534e+00    8.4272909946e+00    7.0352112605e+00   -2.6451173504e+01    7.2288285345e-01    1.3440000000e+03    2.7992646053e-02    5.3960193452e-01
        75   -6.2659418193e+00    3.9364956617e+01   -1.0243998867e+01    3.9780570476e+00    8.4460015553e+00    7.0352112605e+00   -2.6517821501e+01    7.9260981849e-01    1.3440000000e+03    2.8021133577e-02    5.3876116071e-01
        76   -6.2696529252e+00    3.9361852268e+01   -1.0412467049e+01    4.1428141242e+00    8.4480049683e+00    7.0352112605e+00   -2.6596212769e+01    7.0052949121e-01    1.3440000000e+03    2.8050571927e-02    5.3842633929e-01
        77   -6.2691729275e+00    3.9334684141e+01   -1.0293041584e+01    4.0238686568e+00    8.4383940981e+00    7.0352112605e+00   -2.6509631447e+01    7.4298450410e-01    1.3440000000e+03    2.8036063158e-02    5.4031808036e-01
        78   -6.2683709601e+00    3.9323408517e+01   -1.0309824196e+01    4.0414532358e+00    8.4284064187e+00    7.0352112605e+00   -2.6471811425e+01    6.9836954977e-01    1.3440000000e+03    2.8023878293e-02    5.4062500000e-01
        79   -6.2686716048e+00    3.9334164248e+01   -1.0286763643e+01    4.0180920379e+00    8.4398815564e+00    7.0352112605e+00   -2.6458995283e+01    6.9713882306e-01    1.3440000000e+03    2.8010015348e-02    5.3934151786e-01
        80   -6.2601900577e+00    3.9220841749e+01   -1.0424785387e+01    4.1645953294e+00    8.4174267727e+00    7.0352112605e+00   -2.6597944589e+01    7.2052116826e-01    1.3440000000e+03    2.7991794930e-02    5.3925037202e-01
        81   -6.2666757249e+00    3.9306610748e+01   -1.0394744502e+01    4.1280687768e+00    8.5012247697e+00    7.0352112605e+00   -2.6694167217e+01    7.6298668518e-01    1.3440000000e+03    2.8052659615e-02    5.4013392857e-01
        82   -6.2751603010e+00    3.9412736414e+01   -1.0175853187e+01    3.9006928860e+00    8.4047637967e+00    7.0352112605e+00   -2.6360895397e+01    7.4506715304e-01    1.3440000000e+03    2.7971194067e-02    5.3839099702e-01
        83   -6.2667524938e+00    3.9302603146e+01   -1.0275363264e+01    4.0086107701e+00    8.4165873618e+00    7.0352112605e+00   -2.6454367087e+01    7.2720520123e-01    1.3440000000e+03    2.7943842208e-02    5.3872767857e-01
        84   -6.2675292962e+00    3.9308463398e+01   -1.0333095482e+01    4.0655661858e+00    8.4697724675e+00    7.0352112605e+00   -2.6575875449e+01    7.3779623902e-01    1.3440000000e+03    2.8023177417e-02    5.3874441964e-01
        85   -6.2701591142e+00    3.9343416800e+01   -1.0228572096e+01    3.9584129820e+00    8.3833647795e+00    7.0352112605e+00   -2.6468769385e+01    8.2162124917e-01    1.3440000000e+03    2.8000205282e-02    5.3988281250e-01
        86   -6.2722903239e+00    3.9372596424e+01   -1.0221516899e+01    3.9492265753e+00    8.5060256741e+00    7.0352112605e+00   -2.6533298457e+01    7.7054462309e-01    1.3440000000e+03    2.8064903258e-02    5.4039806548e-01
        87   -6.2639199833e+00    3.9266512042e+01   -1.0272851713e+01    4.0089317293e+00    8.4362155076e+00    7.0352112605e+00   -2.6445386320e+01    7.0110783985e-01    1.3440000000e+03    2.8007788111e-02    5.4052083333e-01
        88   -6.2684471445e+00    3.9330750382e+01   -1.0280890200e+01    4.0124430551e+00    8.5000636879e+00    7.0352112605e+00   -2.6596652825e+01    7.8048767697e-01    1.3440000000e+03    2.8031680098e-02    5.4010230655e-01
        89   -6.2728339163e+00    3.9380475402e+01   -1.0312232721e+01    4.0393988048e+00    8.4326544466e+00    7.0352112605e+00   -2.6514930982e+01    7.3483255345e-01    1.3440000000e+03    2.8030780161e-02    5.4045944940e-01
        90   -6.2642187727e+00    3.9268224262e+01   -1.0375875692e+01    4.1116569190e+00    8.4681206497e+00    7.0352112605e+00   -2.6623012025e+01    7.4380442325e-01    1.3440000000e+03    2.8029242267e-02    5.3865513393e-01
        91   -6.2683411561e+00    3.9322844027e+01   -1.0273833752e+01    4.0054925963e+00    8.4378910859e+00    7.0352112605e+00   -2.6460039586e+01    7.1310348739e-01    1.3440000000e+03    2.8037773529e-02    5.4031994048e-01
        92   -6.2702966030e+00    3.9353305525e+01   -1.0362868082e+01    4.0925714787e+00    8.4929215265e+00    7.0352112605e+00   -2.6696074721e+01    8.0507385197e-01    1.3440000000e+03    2.8043570785e-02    5.3897507440e-01
        93   -6.2733367164e+00    3.9386209963e+01   -1.0272255749e+01    3.9989190324e+00    8.4400637858e+00    7.0352112605e+00   -2.6544170716e+01    7.9663992058e-01    1.3440000000e+03    2.8063042941e-02    5.4030877976e-01
        94   -6.2735893279e+00    3.9390068680e+01   -1.0257831122e+01    3.9842417937e+00    8.4486377666e+00    7.0352112605e+00   -2.6470156392e+01    7.2847624307e-01    1.3440000000e+03    2.8035877862e-02    5.3919642857e-01
        95   -6.2773505408e+00    3.9434134893e+01   -1.0304365738e+01    4.0270151973e+00    8.4291119354e+00    7.0352112605e+00   -2.6484833321e+01    7.1614438711e-01    1.3440000000e+03    2.8026486837e-02    5.4097470238e-01
        96   -6.2604213902e+00    3.9227359192e+01   -1.0272506597e+01    4.0120852064e+00    8.4449549464e+00    7.0352112605e+00   -2.6498190636e+01    7.4551783234e-01    1.3440000000e+03    2.8039557369e-02    5.4045386905e-01
        97   -6.2665965127e+00    3.9309921492e+01   -1.0365028318e+01    4.0984318050e+00    8.4442256266e+00    7.0352112605e+00   -2.6548914471e+01    7.0444926652e-01    1.3440000000e+03    2.8003477334e-02    5.3835007440e-01
        98   -6.2768846486e+00    3.9430578956e+01   -1.0204606447e+01    3.9277217981e+00    8.3920029529e+00    7.0352112605e+00   -2.6367127117e+01    7.3530645692e-01    1.3440000000e+03    2.8008902474e-02    5.3917782738e-01
        99   -6.2643353705e+00    3.9268385067e+01   -1.0202632149e+01    3.9382967787e+00    8.4621660521e+00    7.0352112605e+00   -2.6387030023e+01    6.8702056092e-01    1.3440000000e+03    2.8036253171e-02    5.4041294643e-01
       100   -6.2720352280e+00    3.9378253486e+01   -1.0266765152e+01    3.9947299245e+00    8.4949924036e+00    7.0352112605e+00   -2.6541170849e+01    7.4420203254e-01    1.3440000000e+03    2.8069165203e-02    5.4054315476e-01
       101   -6.2716713377e+00    3.9361886359e+01   -1.0314893162e+01    4.0432218241e+00    8.4109896098e+00    7.0352112605e+00   -2.6466288823e+01    7.0519479135e-01    1.3440000000e+03    2.8029910818e-02    5.4054501488e-01
       102   -6.2682918725e+00    3.9321882286e+01   -1.0254857557e+01    3.9865656847e+00    8.4386980409e+00    7.0352112605e+00   -2.6446635431e+01    7.1786857257e-01    1.3440000000e+03    2.8004459901e-02    5.4056175595e-01
       103   -6.2672720868e+00    3.9307787892e+01   -1.0376762025e+01    4.1094899379e+00    8.4765698212e+00    7.0352112605e+00   -2.6705766730e+01    8.1722362397e-01    1.3440000000e+03    2.8008871149e-02    5.3895647321e-01
       104   -6.2771796562e+00    3.9434921545e+01   -1.0310757487e+01    4.0335778308e+00    8.4298033213e+00    7.0352112605e+00   -2.6511647355e+01    7.3587528593e-01    1.3440000000e+03    2.8045781045e-02    5.3911458333e-01
       105   -6.2766174167e+00    3.9422225167e+01   -1.0251389741e+01    3.9747723244e+00    8.4243048643e+00    7.0352112605e+00   -2.6404070603e+01    6.9316473714e-01    1.3440000000e+03    2.8004629240e-02    5.3949218750e-01
       106   -6.2643540514e+00    3.9276237567e+01   -1.0293270465e+01    4.0289164136e+00    8.5291006576e+00    7.0352112605e+00   -2.6575999055e+01    7.1841667230e-01    1.3440000000e+03    2.8045062359e-02    5.4031436012e-01
       107   -6.2682520250e+00    3.9326921602e+01   -1.0255119650e+01    3.9868676253e+00    8.4520301759e+00    7.0352112605e+00   -2.6457688586e+01    7.1532749880e-01    1.3440000000e+03    2.8066876489e-02    5.4094308036e-01
       108   -6.2674190077e+00    3.9306330021e+01   -1.0289914587e+01    4.0224955795e+00    8.4580752729e+00    7.0352112605e+00   -2.6519335194e+01    7.3613407354e-01    1.3440000000e+03    2.8036352579e-02    5.3946056548e-01
       109   -6.2715321752e+00    3.9359285257e+01   -1.0326712181e+01    4.0551800059e+00    8.4004391310e+00    7.0352112605e+00   -2.6462224114e+01    6.9986154112e-01    1.3440000000e+03    2.7987901689e-02    5.3880394345e-01
       110   -6.2725044022e+00    3.9380625456e+01   -1.0299544419e+01    4.0270400171e+00    8.4672494491e+00    7.0352112605e+00   -2.6581227283e+01    7.7922215379e-01    1.3440000000e+03    2.8056460829e-02    5.3859747024e-01
       111   -6.2794865072e+00    3.9470130143e+01   -1.0284534465e+01    4.0050479576e+00    8.4087953064e+00    7.0352112605e+00   -2.6470823059e+01    7.4228202753e-01    1.3440000000e+03    2.7984678241e-02    5.3984002976e-01
       112   -6.2634560962e+00    3.9257482171e+01   -1.0276656885e+01    4.0132007883e+00    8.3696634653e+00    7.0352112605e+00   -2.6370734973e+01    6.8920336255e-01    1.3440000000e+03    2.7970241057e-02    5.3934709821e-01
       113   -6.2693652756e+00    3.9336045809e+01   -1.0208750064e+01    3.9393847886e+00    8.4458422327e+00    7.0352112605e+00   -2.6451386393e+01    7.6158283564e-01    1.3440000000e+03    2.7983718870e-02    5.3965959821e-01
       114   -6.2761637131e+00    3.9421156509e+01   -1.0289373736e+01    4.0132100226e+00    8.4126028967e+00    7.0352112605e+00   -2.6450979875e+01    7.1379198257e-01    1.3440000000e+03    2.7997667834e-02    5.3934709821e-01
       115   -6.2675208792e+00    3.9319344986e+01   -1.0340716171e+01    4.0731952915e+00    8.4396442019e+00    7.0352112605e+00   -2.6554966952e+01    7.3939531898e-01    1.3440000000e+03    2.8003176732e-02    5.3967447917e-01
       116   -6.2614855607e+00    3.9236516523e+01   -1.0295857847e+01    4.0343722863e+00    8.4391054621e+00    7.0352112605e+00   -2.6549985730e+01    7.7981116016e-01    1.3440000000e+03    2.8020743725e-02    5.3869791667e-01
       117   -6.2621900476e+00    3.9261362178e+01   -1.0204426448e+01    3.9422364006e+00    8.4095880753e+00    7.0352112605e+00   -2.6370387944e+01    7.2116216038e-01    1.3440000000e+03    2.7979170427e-02    5.4003162202e-01
       118   -6.2668870708e+00    3.9307128633e+01   -1.0179743942e+01    3.9128568711e+00    8.4264020214e+00    7.0352112605e+00   -2.6381729408e+01    7.4037218413e-01    1.3440000000e+03    2.7991165469e-02    5.3997395833e-01
       119   -6.2742184964e+00    3.9393966609e+01   -1.0266427918e+01    3.9922094218e+00    8.4353509711e+00    7.0352112605e+00   -2.6412490958e+01    6.7550080851e-01    1.3440000000e+03    2.8025228866e-02    5.3992187500e-01
       120   -6.2639392247e+00    3.9275375302e+01   -1.0184825435e+01    3.9208862107e+00    8.4163835136e+00    7.0352112605e+00   -2.6364058138e+01    7.2763792872e-01    1.3440000000e+03    2.7995320744e-02    5.4002418155e-01
       121   -6.2743867077e+00    3.9398124883e+01   -1.0207029858e+01    3.9326431507e+00    8.4011668750e+00    7.0352112605e+00   -2.6366760757e+01    7.2335276294e-01    1.3440000000e+03    2.7985753606e-02    5.3997767857e-01
       122   -6.2646262362e+00    3.9278038196e+01   -1.0183672835e+01    3.9190465990e+00    8.4789686944e+00    7.0352112605e+00   -2.6464094312e+01    7.6624152228e-01    1.3440000000e+03    2.8031387710e-02    5.3966517857e-01
       123   -6.2591451333e+00    3.9220269927e+01   -1.0305481212e+01    4.0463360787e+00    8.4458659435e+00    7.0352112605e+00   -2.6445033223e+01    6.5847480689e-01    1.3440000000e+03    2.8045595843e-02    5.4007068452e-01
       124   -6.2744630731e+00    3.9402133337e+01   -1.0366014578e+01    4.0915515052e+00    8.4773218849e+00    7.0352112605e+00   -2.6666328023e+01    7.8778029906e-01    1.3440000000e+03    2.8044603112e-02    5.3937313988e-01
       125   -6.2597043318e+00    3.9238104257e+01   -1.0264115917e+01    4.0044115850e+00    8.4706342271e+00    7.0352112605e+00   -2.6483567853e+01    7.1360644849e-01    1.3440000000e+03    2.8022215048e-02    5.3909226190e-01
       126   -6.2634823665e+00    3.9268106023e+01   -1.0241734480e+01    3.9782521137e+00    8.4071878328e+00    7.0352112605e+00   -2.6452130123e+01    7.6799654999e-01    1.3440000000e+03    2.7968177214e-02    5.3791666667e-01
       127   -6.2704513081e+00    3.9345862539e+01   -1.0261094600e+01    3.9906432922e+00    8.3639040841e+00    7.0352112605e+00   -2.6346351941e+01    6.8614199567e-01    1.3440000000e+03    2.7916818565e-02    5.3970052083e-01
       128   -6.2648925686e+00    3.9323676655e+01   -1.0295575080e+01    4.0306825115e+00    8.3942481808e+00    7.0352112605e+00   -2.6427965956e+01    7.0293143475e-01    1.3440000000e+03    2.7989967500e-02    5.3859561012e-01
       129   -6.2678267253e+00    3.9310995750e+01   -1.0226178812e+01    3.9583520864e+00    8.4272527231e+00    7.0352112605e+00   -2.6388278607e+01    6.9963581174e-01    1.3440000000e+03    2.8025626154e-02    5.4093936012e-01
       130   -6.2695996475e+00    3.9344596454e+01   -1.0280614513e+01    4.0110148655e+00    8.4501275621e+00    7.0352112605e+00   -2.6526878058e+01    7.6092472263e-01    1.3440000000e+03    2.8040223772e-02    5.4017299107e-01
       131   -6.2583025970e+00    3.9242660578e+01   -1.0310950183e+01    4.0526475858e+00    8.4066018100e+00    7.0352112605e+00   -2.6541213942e+01    7.8845068854e-01    1.3440000000e+03    2.8037056414e-02    5.3997395833e-01
       132   -6.2679023048e+00    3.9314649636e+01   -1.0288253212e+01    4.0203509067e+00    8.4568836897e+00    7.0352112605e+00   -2.6460524032e+01    6.8017587024e-01    1.3440000000e+03    2.8003960489e-02    5.3928199405e-01
       133   -6.2624085878e+00    3.9257611721e+01   -1.0246819748e+01    3.9844111605e+00    8.3967952086e+00    7.0352112605e+00   -2.6459714586e+01    7.8088836882e-01    1.3440000000e+03    2.8012259838e-02    5.3865699405e-01
       134   -6.2616830682e+00    3.9245558504e+01   -1.0257742621e+01    3.9960595525e+00    8.4636130350e+00    7.0352112605e+00   -2.6543767447e+01    7.8720053120e-01    1.3440000000e+03    2.8020196805e-02    5.3792968750e-01
       135   -6.2631694717e+00    3.9261543562e+01   -1.0286688127e+01    4.0235186556e+00    8.3782903691e+00    7.0352112605e+00   -2.6383263510e+01    6.8307375351e-01    1.3440000000e+03    2.7940665226e-02    5.3991629464e-01
       136   -6.2652521693e+00    3.9290552292e+01   -1.0272232488e+01    4.0069803183e+00    8.4434015227e+00    7.0352112605e+00   -2.6461292562e+01    7.1044729112e-01    1.3440000000e+03    2.8011002239e-02    5.3944568452e-01
       137   -6.2718584503e+00    3.9373468462e+01   -1.0237591403e+01    3.9657329529e+00    8.3808749469e+00    7.0352112605e+00   -2.6390632735e+01    7.3695512390e-01    1.3440000000e+03    2.7988148195e-02    5.4057663690e-01
       138   -6.2715158745e+00    3.9360552295e+01   -1.0323005484e+01    4.0514896091e+00    8.4453048385e+00    7.0352112605e+00   -2.6520295675e+01    7.1677409261e-01    1.3440000000e+03    2.8001722739e-02    5.3901599702e-01
       139   -6.2568208616e+00    3.9208517849e+01   -1.0268141750e+01    4.0113208884e+00    8.4133792768e+00    7.0352112605e+00   -2.6394909700e+01    6.7817741297e-01    1.3440000000e+03    2.8009908267e-02    5.3821056548e-01
       140   -6.2766623471e+00    3.9453665610e+01   -1.0228659732e+01    3.9519973849e+00    8.3992821614e+00    7.0352112605e+00   -2.6419805723e+01    7.5665256949e-01    1.3440000000e+03    2.8031487414e-02    5.3978422619e-01
       141   -6.2625770131e+00    3.9253943008e+01   -1.0241546849e+01    3.9789698360e+00    8.3827582448e+00    7.0352112605e+00   -2.6377069385e+01    7.1755303073e-01    1.3440000000e+03    2.7976561874e-02    5.4041852679e-01
       142   -6.2656395762e+00    3.9294829559e+01   -1.0228081293e+01    3.9624417169e+00    8.5137668727e+00    7.0352112605e+00   -2.6521084517e+01    7.4402509089e-01    1.3440000000e+03    2.8039129483e-02    5.3896205357e-01
       143   -6.2733519705e+00    3.9384605223e+01   -1.0310857900e+01    4.0375059297e+00    8.4101362338e+00    7.0352112605e+00   -2.6495702343e+01    7.3949694825e-01    1.3440000000e+03    2.8059616838e-02    5.4100074405e-01
       144   -6.2681209618e+00    3.9322045430e+01   -1.0275639125e+01    4.0075181632e+00    8.4473678819e+00    7.0352112605e+00   -2.6465642112e+01    7.0742384445e-01    1.3440000000e+03    2.8012341526e-02    5.3912760417e-01
       145   -6.2626024348e+00    3.9255334045e+01   -1.0248079715e+01    3.9854772802e+00    8.4033985696e+00    7.0352112605e+00   -2.6449965225e+01    7.6327568000e-01    1.3440000000e+03    2.8001034042e-02    5.3840959821e-01
       146   -6.2656035432e+00    3.9286089714e+01   -1.0307284103e+01    4.0416805600e+00    8.4197945935e+00    7.0352112605e+00   -2.6482380000e+01    7.2009004273e-01    1.3440000000e+03    2.8022763929e-02    5.3988653274e-01
       147   -6.2653166559e+00    3.9281057195e+01   -1.0327045173e+01    4.0617285171e+00    8.4182447270e+00    7.0352112605e+00   -2.6441233533e+01    6.6073237302e-01    1.3440000000e+03    2.8010786865e-02    5.3824404762e-01
       148   -6.2737616154e+00    3.9391152703e+01   -1.0250974517e+01    3.9772129019e+00    8.4342250633e+00    7.0352112605e+00   -2.6412218521e+01    6.9180768042e-01    1.3440000000e+03    2.7979252652e-02    5.4021949405e-01
       149   -6.2671371883e+00    3.9308156786e+01   -1.0251647423e+01    3.9845102347e+00    8.4057077714e+00    7.0352112605e+00   -2.6398143933e+01    7.0557747786e-01    1.3440000000e+03    2.8038360762e-02    5.4089471726e-01
       150   -6.2746653258e+00    3.9403781692e+01   -1.0262730337e+01    3.9880650112e+00    8.4566616298e+00    7.0352112605e+00   -2.6509712762e+01    7.5510953468e-01    1.3440000000e+03    2.8035386661e-02    5.3921130952e-01
       151   -6.2685773566e+00    3.9332467149e+01   -1.0353510242e+01    4.0849328858e+00    8.4690045539e+00    7.0352112605e+00   -2.6538479507e+01    6.8075345012e-01    1.3440000000e+03    2.8036813556e-02    5.3891741071e-01
       152   -6.2642782047e+00    3.9277966793e+01   -1.0338777341e+01    4.0744991365e+00    8.4527259039e+00    7.0352112605e+00   -2.6590560275e+01    7.6384576938e-01    1.3440000000e+03    2.7992108251e-02    5.3953869048e-01
       153   -6.2713131861e+00    3.9361122590e+01   -1.0324760563e+01    4.0534473769e+00    8.4350669915e+00    7.0352112605e+00   -2.6484114338e+01    6.8907552286e-01    1.3440000000e+03    2.8032168787e-02    5.4036458333e-01
       154   -6.2746103105e+00    3.9404124946e+01   -1.0255539592e+01    3.9809292811e+00    8.4239279977e+00    7.0352112605e+00   -2.6518394277e+01    8.0371542722e-01    1.3440000000e+03    2.8019392136e-02    5.3951264881e-01
       155   -6.2742274707e+00    3.9400120187e+01   -1.0378342665e+01    4.1041151940e+00    8.4744791513e+00    7.0352112605e+00   -2.6597802803e+01    7.0976972641e-01    1.3440000000e+03    2.7998923390e-02    5.3780133929e-01
       156   -6.2755314497e+00    3.9414353300e+01   -1.0279394500e+01    4.0038630505e+00    8.4738433125e+00    7.0352112605e+00   -2.6537318740e+01    7.4886966648e-01    1.3440000000e+03    2.8006878964e-02    5.3829055060e-01
       157   -6.2710770707e+00    3.9361039577e+01   -1.0312725848e+01    4.0416487772e+00    8.4569978346e+00    7.0352112605e+00   -2.6508756288e+01    7.0382134523e-01    1.3440000000e+03    2.8051132467e-02    5.4011160714e-01
       158   -6.2624488243e+00    3.9252244180e+01   -1.0286438972e+01    4.0239901473e+00    8.4027625115e+00    7.0352112605e+00   -2.6433346983e+01    7.0893423904e-01    1.3440000000e+03    2.7981953756e-02    5.3997023810e-01
       159   -6.2662173457e+00    3.9295524382e+01   -1.0203911190e+01    3.9376938438e+00    8.4412047312e+00    7.0352112605e+00   -2.6399304361e+01    7.1897718011e-01    1.3440000000e+03    2.8005786211e-02    5.4048549107e-01
       160   -6.2826571584e+00    3.9533148500e+01   -1.0228502307e+01    3.9458451489e+00    8.4127710999e+00    7.0352112605e+00   -2.6415420777e+01    7.3893610922e-01    1.3440000000e+03    2.7989271428e-02    5.4051153274e-01
       161   -6.2637652117e+00    3.9268219395e+01   -1.0202670673e+01    3.9389054618e+00    8.4666275755e+00    7.0352112605e+00   -2.6379346086e+01    6.7483657670e-01    1.3440000000e+03    2.8043994752e-02    5.3955729167e-01
       162   -6.2693579374e+00    3.9334190478e+01   -1.0320132713e+01    4.0507747760e+00    8.4233255112e+00    7.0352112605e+00   -2.6517903863e+01    7.3923437800e-01    1.3440000000e+03    2.8003196700e-02    5.4061383929e-01
       163   -6.2657196014e+00    3.9298767053e+01   -1.0265347499e+01    3.9996278975e+00    8.4093402576e+00    7.0352112605e+00   -2.6431680657e+01    7.2178163997e-01    1.3440000000e+03    2.7991978845e-02    5.3974144345e-01
       164   -6.2673644670e+00    3.9315512708e+01   -1.0252592862e+01    3.9852283954e+00    8.4180950922e+00    7.0352112605e+00   -2.6443509278e+01    7.3761006257e-01    1.3440000000e+03    2.8032768736e-02    5.3943080357e-01
       165   -6.2797274967e+00    3.9460258260e+01   -1.0211904955e+01    3.9321774585e+00    8.4127458868e+00    7.0352112605e+00   -2.6351686623e+01    6.9182452044e-01    1.3440000000e+03    2.8002053357e-02    5.3918898810e-01
       166   -6.2743620856e+00    3.9404162166e+01   -1.0289766836e+01    4.0154047506e+00    8.4027704580e+00    7.0352112605e+00   -2.6497281557e+01    7.6953300219e-01    1.3440000000e+03    2.7965014796e-02    5.4012090774e-01
       167   -6.2709433300e+00    3.9358517605e+01   -1.0265063113e+01    3.9941197829e+00    8.4282722790e+00    7.0352112605e+00   -2.6422911922e+01    6.9436526964e-01    1.3440000000e+03    2.8002126554e-02    5.3954613095e-01
       168   -6.2686477176e+00    3.9337799818e+01   -1.0179932303e+01    3.9112845853e+00    8.4350804151e+00    7.0352112605e+00   -2.6387973890e+01    7.3774991123e-01    1.3440000000e+03    2.7997556571e-02    5.3958891369e-01
       169   -6.2690127449e+00    3.9327303516e+01   -1.0193890979e+01    3.9248782341e+00    8.3988477416e+00    7.0352112605e+00   -2.6327049306e+01    6.9909932522e-01    1.3440000000e+03    2.7972043724e-02    5.4018787202e-01
       170   -6.2747680238e+00    3.9401845047e+01   -1.0198300356e+01    3.9235323321e+00    8.3869326346e+00    7.0352112605e+00   -2.6361314407e+01    7.4087015598e-01    1.3440000000e+03    2.7980365478e-02    5.3993117560e-01
       171   -6.2704407380e+00    3.9355652724e+01   -1.0250420707e+01    3.9799799686e+00    8.4350467915e+00    7.0352112605e+00   -2.6434990774e+01    7.1431201543e-01    1.3440000000e+03    2.8048214880e-02    5.3962239583e-01
       172   -6.2746467803e+00    3.9410135239e+01   -1.0289082432e+01    4.0144356515e+00    8.4236131267e+00    7.0352112605e+00   -2.6398466636e+01    6.5055981710e-01    1.3440000000e+03    2.8051547682e-02    5.3971726190e-01
       173   -6.2731932882e+00    3.9412153887e+01   -1.0271420880e+01    3.9982275921e+00    8.4422033694e+00    7.0352112605e+00   -2.6460006797e+01    7.1117128712e-01    1.3440000000e+03    2.8014451504e-02    5.3924107143e-01
       174   -6.2691146990e+00    3.9343493460e+01   -1.0333077920e+01    4.0639632213e+00    8.4498469887e+00    7.0352112605e+00   -2.6574188531e+01    7.5605236137e-01    1.3440000000e+03    2.8020102997e-02    5.3959449405e-01
       175   -6.2647141844e+00    3.9281284646e+01   -1.0311747259e+01    4.0470330748e+00    8.4497370358e+00    7.0352112605e+00   -2.6456432071e+01    6.5973651601e-01    1.3440000000e+03    2.8030352410e-02    5.3966703869e-01
       176   -6.2656882334e+00    3.9291883162e+01   -1.0224726181e+01    3.9590379474e+00    8.4723299847e+00    7.0352112605e+00   -2.6458337283e+01    7.2606985734e-01    1.3440000000e+03    2.8032465582e-02    5.3928013393e-01
       177   -6.2635321262e+00    3.9263716326e+01   -1.0297503297e+01    4.0339711704e+00    8.3884046629e+00    7.0352112605e+00   -2.6439374661e+01    7.1825544128e-01    1.3440000000e+03    2.8016875966e-02    5.3952008929e-01
       178   -6.2664809654e+00    3.9298055738e+01   -1.0236269625e+01    3.9697886596e+00    8.4239610929e+00    7.0352112605e+00   -2.6418861331e+01    7.2341935300e-01    1.3440000000e+03    2.7974982992e-02    5.3905319940e-01
       179   -6.2621495789e+00    3.9253759115e+01   -1.0255609486e+01    3.9934599067e+00    8.4424778989e+00    7.0352112605e+00   -2.6546945180e+01    8.1364653544e-01    1.3440000000e+03    2.8015460714e-02    5.3967261905e-01
       180   -6.2645215701e+00    3.9274315049e+01   -1.0262291813e+01    3.9977702431e+00    8.4456990037e+00    7.0352112605e+00   -2.6439845822e+01    6.9664374445e-01    1.3440000000e+03    2.7969931047e-02    5.3970982143e-01
       181   -6.2719349524e+00    3.9367202170e+01   -1.0211597307e+01    3.9396623549e+00    8.3980479368e+00    7.0352112605e+00   -2.6275605709e+01    6.3074920467e-01    1.3440000000e+03    2.7961611811e-02    5.3939174107e-01
       182   -6.2643641911e+00    3.9280550152e+01   -1.0228116529e+01    3.9637523384e+00    8.4229954104e+00    7.0352112605e+00   -2.6423285592e+01    7.3696239190e-01    1.3440000000e+03    2.8007702133e-02    5.3996093750e-01
       183   -6.2614567182e+00    3.9242279629e+01   -1.0250096599e+01    3.9886398806e+00    8.3900628464e+00    7.0352112605e+00   -2.6432712792e+01    7.5734208621e-01    1.3440000000e+03    2.8002334841e-02    5.3828683036e-01
       184   -6.2726026885e+00    3.9387739955e+01   -1.0214011106e+01    3.9414084171e+00    8.4973270069e+00    7.0352112605e+00   -2.6532940859e+01    7.8639148636e-01    1.3440000000e+03    2.8066268093e-02    5.3980840774e-01
       185   -6.2650400415e+00    3.9286194727e+01   -1.0298562164e+01    4.0335221227e+00    8.4244539021e+00    7.0352112605e+00   -2.6515092578e+01    7.5686525155e-01    1.3440000000e+03    2.7997522365e-02    5.4022507440e-01
       186   -6.2697072995e+00    3.9339275829e+01   -1.0191420854e+01    3.9217135548e+00    8.4503391741e+00    7.0352112605e+00   -2.6397851561e+01    7.2088027219e-01    1.3440000000e+03    2.8024677722e-02    5.3900111607e-01
       187   -6.2738297706e+00    3.9391330756e+01   -1.0248504789e+01    3.9746750186e+00    8.4666338623e+00    7.0352112605e+00   -2.6505157912e+01    7.5480799980e-01    1.3440000000e+03    2.7996487997e-02    5.3872767857e-01
       188   -6.2663782140e+00    3.9296108355e+01   -1.0264279087e+01    3.9979008726e+00    8.4087711613e+00    7.0352112605e+00   -2.6334719815e+01    6.2645830674e-01    1.3440000000e+03    2.8000001575e-02    5.4009486607e-01
       189   -6.2717864706e+00    3.9359757182e+01   -1.0310504398e+01    4.0387179274e+00    8.4193852258e+00    7.0352112605e+00   -2.6432178517e+01    6.6707763264e-01    1.3440000000e+03    2.7988485878e-02    5.3973772321e-01
       190   -6.2718576902e+00    3.9382140486e+01   -1.0171305643e+01    3.8994479527e+00    8.3752338119e+00    7.0352112605e+00   -2.6280425790e+01    6.9867507515e-01    1.3440000000e+03    2.7988528970e-02    5.4038318452e-01
       191   -6.2633852336e+00    3.9253739029e+01   -1.0289606795e+01    4.0262215613e+00    8.4349066654e+00    7.0352112605e+00   -2.6396367472e+01    6.3664275081e-01    1.3440000000e+03    2.8030625260e-02    5.4048549107e-01
       192   -6.2634816957e+00    3.9311673605e+01   -1.0215042759e+01    3.9515610632e+00    8.4344512203e+00    7.0352112605e+00   -2.6401566266e+01    7.1686102635e-01    1.3440000000e+03    2.8022096458e-02    5.4006138393e-01
       193   -6.2706820626e+00    3.9351351946e+01   -1.0326118900e+01    4.0554368373e+00    8.4092442220e+00    7.0352112605e+00   -2.6555098141e+01    7.8452375860e-01    1.3440000000e+03    2.8014824569e-02    5.3966517857e-01
       194   -6.2702744627e+00    3.9346315082e+01   -1.0295672849e+01    4.0253983866e+00    8.4302469679e+00    7.0352112605e+00   -2.6565587694e+01    8.0445661612e-01    1.3440000000e+03    2.8001064502e-02    5.3869047619e-01
       195   -6.2685056125e+00    3.9327242775e+01   -1.0312874700e+01    4.0443690873e+00    8.4219058112e+00    7.0352112605e+00   -2.6498313493e+01    7.2832172151e-01    1.3440000000e+03    2.8033149860e-02    5.3908668155e-01
       196   -6.2672605360e+00    3.9306849775e+01   -1.0287095081e+01    4.0198345453e+00    8.4629234133e+00    7.0352112605e+00   -2.6536599125e+01    7.5136936946e-01    1.3440000000e+03    2.8032677484e-02    5.4016555060e-01
       197   -6.2685436604e+00    3.9338674465e+01   -1.0297041480e+01    4.0284978197e+00    8.4082412285e+00    7.0352112605e+00   -2.6464881192e+01    7.2438722280e-01    1.3440000000e+03    2.8014841001e-02    5.3976562500e-01
       198   -6.2825242827e+00    3.9542668606e+01   -1.0357887843e+01    4.0753635601e+00    8.4303098659e+00    7.0352112605e+00   -2.6572443084e+01    7.4903411533e-01    1.3440000000e+03    2.8012646216e-02    5.4011718750e-01
       199   -6.2784635270e+00    3.9450565136e+01   -1.0277407306e+01    3.9989437791e+00    8.4646426728e+00    7.0352112605e+00   -2.6506731156e+01    7.2946991638e-01    1.3440000000e+03    2.8033608395e-02    5.3931547619e-01
       200   -6.2728133951e+00    3.9407972164e+01   -1.0303609520e+01    4.0307961251e+00    8.3995147972e+00    7.0352112605e+00   -2.6405185526e+01    6.6684994782e-01    1.3440000000e+03    2.7999412034e-02    5.3982328869e-01
       201   -6.2677121196e+00    3.9338686101e+01   -1.0044763430e+01    3.7770513100e+00    8.4306701606e+00    7.0352112605e+00   -2.6411312381e+01    9.0066753054e-01    1.3440000000e+03    2.7990376316e-02    5.3920944940e-01
       202   -6.2727684037e+00    3.9375564372e+01   -1.0214880418e+01    3.9421120146e+00    8.4537195732e+00    7.0352112605e+00   -2.6433611475e+01    7.2980022258e-01    1.3440000000e+03    2.8017453050e-02    5.3888020833e-01
       203   -6.2708297559e+00    3.9355274869e+01   -1.0320510078e+01    4.0496803224e+00    8.4435732178e+00    7.0352112605e+00   -2.6558188862e+01    7.5889430493e-01    1.3440000000e+03    2.8025285494e-02    5.3890997024e-01
       204   -6.2541978141e+00    3.9149483410e+01   -1.0151151511e+01    3.8969536969e+00    8.4073751517e+00    7.0352112605e+00   -2.6391642426e+01    7.9790450314e-01    1.3440000000e+03    2.8025719109e-02    5.4005394345e-01
       205   -6.2649912395e+00    3.9289897310e+01   -1.0283312177e+01    4.0183209377e+00    8.4264290977e+00    7.0352112605e+00   -2.6457889298e+01    7.1293676265e-01    1.3440000000e+03    2.7983372386e-02    5.3895089286e-01
       206   -6.2654787499e+00    3.9287063063e+01   -1.0204481247e+01    3.9390024970e+00    8.4609317590e+00    7.0352112605e+00   -2.6409986182e+01    7.0936191564e-01    1.3440000000e+03    2.8041031114e-02    5.3995907738e-01
       207   -6.2668262632e+00    3.9302252462e+01   -1.0188494822e+01    3.9216685590e+00    8.4287731430e+00    7.0352112605e+00   -2.6336804596e+01    6.8432537029e-01    1.3440000000e+03    2.8002185295e-02    5.3973772321e-01
       208   -6.2713879592e+00    3.9371289318e+01   -1.0207847121e+01    3.9364591623e+00    8.4395188340e+00    7.0352112605e+00   -2.6458456044e+01    7.7587882842e-01    1.3440000000e+03    2.8008228407e-02    5.4089843750e-01
       209   -6.2696269324e+00    3.9337057814e+01   -1.0292108310e+01    4.0224813780e+00    8.4372986902e+00    7.0352112605e+00   -2.6498552454e+01    7.3393419314e-01    1.3440000000e+03    2.8007266954e-02    5.3974330357e-01
       210   -6.2680660928e+00    3.9335118248e+01   -1.0222951726e+01    3.9548856329e+00    8.4397793148e+00    7.0352112605e+00   -2.6532088826e+01    8.3414652507e-01    1.3440000000e+03    2.7994379240e-02    5.3937127976e-01
       211   -6.2717378338e+00    3.9362955215e+01   -1.0337886997e+01    4.0661491631e+00    8.4725291669e+00    7.0352112605e+00   -2.6545002661e+01    6.9937523678e-01    1.3440000000e+03    2.8022837853e-02    5.3918154762e-01
       212   -6.2647538406e+00    3.9275237270e+01   -1.0341413669e+01    4.0766598283e+00    8.4130074201e+00    7.0352112605e+00   -2.6466828364e+01    6.7719601480e-01    1.3440000000e+03    2.8023320921e-02    5.4053199405e-01
       213   -6.2674736439e+00    3.9316657791e+01   -1.0249438196e+01    3.9819645526e+00    8.4331519148e+00    7.0352112605e+00   -2.6390258903e+01    6.7245753146e-01    1.3440000000e+03    2.7970850618e-02    5.3956101190e-01
       214   -6.2650050206e+00    3.9289673346e+01   -1.0277194682e+01    4.0121896612e+00    8.4329225626e+00    7.0352112605e+00   -2.6535999020e+01    7.9067051489e-01    1.3440000000e+03    2.7952536526e-02    5.3923735119e-01
       215   -6.2714333139e+00    3.9358623428e+01   -1.0300353570e+01    4.0289202557e+00    8.4168257663e+00    7.0352112605e+00   -2.6430190124e+01    6.7779952732e-01    1.3440000000e+03    2.8031709545e-02    5.3919270833e-01
       216   -6.2726722680e+00    3.9376821843e+01   -1.0234833483e+01    3.9621612146e+00    8.4308473073e+00    7.0352112605e+00   -2.6420594018e+01    7.1970196770e-01    1.3440000000e+03    2.7941883196e-02    5.3912388393e-01
       217   -6.2770404565e+00    3.9434431540e+01   -1.0220036082e+01    3.9429956260e+00    8.4398931117e+00    7.0352112605e+00   -2.6439735062e+01    7.4459460754e-01    1.3440000000e+03    2.7969751865e-02    5.3851376488e-01
       218   -6.2748377391e+00    3.9402804650e+01   -1.0302502045e+01    4.0276643058e+00    8.3632314961e+00    7.0352112605e+00   -2.6421742750e+01    7.2079794886e-01    1.3440000000e+03    2.7968089219e-02    5.3835565476e-01
       219   -6.2664411167e+00    3.9303526486e+01   -1.0271855101e+01    4.0054139845e+00    8.4427402736e+00    7.0352112605e+00   -2.6512154591e+01    7.6234795587e-01    1.3440000000e+03    2.8038945519e-02    5.3957775298e-01
       220   -6.2604453137e+00    3.9230218009e+01   -1.0272307225e+01    4.0118619117e+00    8.4148244708e+00    7.0352112605e+00   -2.6463841676e+01    7.4149871922e-01    1.3440000000e+03    2.8035721518e-02    5.4073288690e-01
       221   -6.2734769050e+00    3.9391326171e+01   -1.0321956062e+01    4.0484791567e+00    8.3983981386e+00    7.0352112605e+00   -2.6497098487e+01    7.4153302602e-01    1.3440000000e+03    2.7989966303e-02    5.4059895833e-01
       222   -6.2604480619e+00    3.9228087157e+01   -1.0351767300e+01    4.0913192378e+00    8.4527708222e+00    7.0352112605e+00   -2.6540513251e+01    7.0076386907e-01    1.3440000000e+03    2.7986491724e-02    5.3796316964e-01
       223   -6.2686211795e+00    3.9325857820e+01   -1.0201875435e+01    3.9332542554e+00    8.3966456652e+00    7.0352112605e+00   -2.6323863863e+01    6.9013150290e-01    1.3440000000e+03    2.7996797108e-02    5.3926897321e-01
       224   -6.2830655560e+00    3.9520979904e+01   -1.0242908217e+01    3.9598426613e+00    8.4825439287e+00    7.0352112605e+00   -2.6512010391e+01    7.5134698412e-01    1.3440000000e+03    2.8036237433e-02    5.3861607143e-01
       225   -6.2754010261e+00    3.9427085808e+01   -1.0224927378e+01    3.9495263519e+00    8.4181744416e+00    7.0352112605e+00   -2.6410395625e+01    7.3208254458e-01    1.3440000000e+03    2.8037800176e-02    5.4196428571e-01
       226   -6.2676535792e+00    3.9325008551e+01   -1.0223291676e+01    3.9556380967e+00    8.4455810924e+00    7.0352112605e+00   -2.6473554403e+01    7.6947037463e-01    1.3440000000e+03    2.8033318050e-02    5.3950706845e-01
       227   -6.2698840138e+00    3.9336624633e+01   -1.0288284894e+01    4.0184008799e+00    8.4108585036e+00    7.0352112605e+00   -2.6429601349e+01    6.9524669085e-01    1.3440000000e+03    2.7986170900e-02    5.3999255952e-01
       228   -6.2661129378e+00    3.9291765725e+01   -1.0312364830e+01    4.0462518926e+00    8.4365045572e+00    7.0352112605e+00   -2.6462719763e+01    6.7863911479e-01    1.3440000000e+03    2.8055214110e-02    5.3954055060e-01
       229   -6.2656157913e+00    3.9299876183e+01   -1.0231050382e+01    3.9654345911e+00    8.4035225513e+00    7.0352112605e+00   -2.6390594591e+01    7.2081039687e-01    1.3440000000e+03    2.7967965255e-02    5.3993675595e-01
       230   -6.2638838748e+00    3.9279179940e+01   -1.0318918809e+01    4.0550349343e+00    8.4354084449e+00    7.0352112605e+00   -2.6509774482e+01    7.2023596712e-01    1.3440000000e+03    2.7980078740e-02    5.3910900298e-01
       231   -6.2750150507e+00    3.9404913028e+01   -1.0305735524e+01    4.0307204730e+00    8.4489377899e+00    7.0352112605e+00   -2.6559578830e+01    7.6969425584e-01    1.3440000000e+03    2.8026412434e-02    5.3918154762e-01
       232   -6.2673490493e+00    3.9312523451e+01   -1.0267965122e+01    4.0006160725e+00    8.4127564543e+00    7.0352112605e+00   -2.6426136959e+01    7.1020412198e-01    1.3440000000e+03    2.7995981503e-02    5.4036458333e-01
       233   -6.2638962142e+00    3.9273213706e+01   -1.0337218466e+01    4.0733222521e+00    8.4518321589e+00    7.0352112605e+00   -2.6532428176e+01    7.0816628988e-01    1.3440000000e+03    2.8039380883e-02    5.3978422619e-01
       234   -6.2711198616e+00    3.9356585709e+01   -1.0274632789e+01    4.0035129271e+00    8.4536403687e+00    7.0352112605e+00   -2.6400248937e+01    6.3676451916e-01    1.3440000000e+03    2.8040606435e-02    5.3922991071e-01
       235   -6.2683330093e+00    3.9319906872e+01   -1.0273897208e+01    4.0055641988e+00    8.4297589230e+00    7.0352112605e+00   -2.6443130290e+01    7.0426289857e-01    1.3440000000e+03    2.7988169704e-02    5.3956287202e-01
       236   -6.2730067494e+00    3.9379749777e+01   -1.0225605700e+01    3.9525989511e+00    8.3835399264e+00    7.0352112605e+00   -2.6337640680e+01    6.9328379256e-01    1.3440000000e+03    2.7979374149e-02    5.3930059524e-01
       237   -6.2659755943e+00    3.9292910174e+01   -1.0153238233e+01    3.8872626384e+00    8.4373559084e+00    7.0352112605e+00   -2.6346690941e+01    7.2088553924e-01    1.3440000000e+03    2.7983715288e-02    5.4012648810e-01
       238   -6.2619429868e+00    3.9235941464e+01   -1.0197881706e+01    3.9359387197e+00    8.3825202153e+00    7.0352112605e+00   -2.6287704354e+01    6.7209117218e-01    1.3440000000e+03    2.8008417816e-02    5.4051525298e-01
       239   -6.2669794147e+00    3.9308416708e+01   -1.0303002108e+01    4.0360226929e+00    8.4299508210e+00    7.0352112605e+00   -2.6530349940e+01    7.6218575140e-01    1.3440000000e+03    2.8004570584e-02    5.4075334821e-01
       240   -6.2632625772e+00    3.9260419771e+01   -1.0293250009e+01    4.0299874315e+00    8.4476582548e+00    7.0352112605e+00   -2.6537455529e+01    7.6133600535e-01    1.3440000000e+03    2.8037684246e-02    5.4032924107e-01
       241   -6.2715478732e+00    3.9368005696e+01   -1.0337902726e+01    4.0663548529e+00    8.4443036310e+00    7.0352112605e+00   -2.6509843299e+01    6.9242568112e-01    1.3440000000e+03    2.7993840506e-02    5.3881882440e-01
       242   -6.2672525709e+00    3.9304723187e+01   -1.0271394399e+01    4.0041418277e+00    8.4378015652e+00    7.0352112605e+00   -2.6417566976e+01    6.7315975164e-01    1.3440000000e+03    2.8019544099e-02    5.3974516369e-01
       243   -6.2621120652e+00    3.9241130405e+01   -1.0198809478e+01    3.9366974132e+00    8.4276251405e+00    7.0352112605e+00   -2.6356555167e+01    6.9490928746e-01    1.3440000000e+03    2.8039025741e-02    5.4131138393e-01
       244   -6.2716920908e+00    3.9364498025e+01   -1.0355982049e+01    4.0842899578e+00    8.4369471628e+00    7.0352112605e+00   -2.6541124626e+01    7.1298415425e-01    1.3440000000e+03    2.8011603247e-02    5.4055617560e-01
       245   -6.2595766801e+00    3.9220080258e+01   -1.0301216864e+01    4.0416401838e+00    8.4484930038e+00    7.0352112605e+00   -2.6618773730e+01    8.3385260160e-01    1.3440000000e+03    2.8045281994e-02    5.3818638393e-01
       246   -6.2710458302e+00    3.9361795664e+01   -1.0179148497e+01    3.9081026665e+00    8.4507016131e+00    7.0352112605e+00   -2.6473129263e+01    8.0806789254e-01    1.3440000000e+03    2.7992997312e-02    5.3980654762e-01
       247   -6.2722555964e+00    3.9372346375e+01   -1.0158078261e+01    3.8858226646e+00    8.4484205778e+00    7.0352112605e+00   -2.6340017544e+01    6.9830744524e-01    1.3440000000e+03    2.8016379843e-02    5.3972098214e-01
       248   -6.2569183201e+00    3.9178181795e+01   -1.0237227526e+01    3.9803092058e+00    8.4030694226e+00    7.0352112605e+00   -2.6377845568e+01    7.0233735920e-01    1.3440000000e+03    2.7976958249e-02    5.4047247024e-01
       249   -6.2726018600e+00    3.9372338597e+01   -1.0334031104e+01    4.0614292436e+00    8.4423250373e+00    7.0352112605e+00   -2.6504179685e+01    6.9261228328e-01    1.3440000000e+03    2.7998783938e-02    5.3972284226e-01
       250   -6.2712552431e+00    3.9366528055e+01   -1.0260966878e+01    3.9897116351e+00    8.4393133219e+00    7.0352112605e+00   -2.6488081502e+01    7.5259004157e-01    1.3440000000e+03    2.7990052302e-02    5.3869419643e-01
       251   -6.2677419144e+00    3.9315291459e+01   -1.0327164920e+01    4.0594230061e+00    8.3877411207e+00    7.0352112605e+00   -2.6390824236e+01    6.4070693407e-01    1.3440000000e+03    2.7988449720e-02    5.3999627976e-01
       252   -6.2703411658e+00    3.9346072365e+01   -1.0222073978e+01    3.9517328123e+00    8.4548114371e+00    7.0352112605e+00   -2.6457285646e+01    7.4518897006e-01    1.3440000000e+03    2.8036257608e-02    5.3984561012e-01
       253   -6.2697032960e+00    3.9359978193e+01   -1.0148802685e+01    3.8790993892e+00    8.3902931593e+00    7.0352112605e+00   -2.6321309714e+01    7.4700260864e-01    1.3440000000e+03    2.7978560591e-02    5.3949776786e-01
       254   -6.2729347088e+00    3.9384890998e+01   -1.0289883216e+01    4.0169485072e+00    8.4076145647e+00    7.0352112605e+00   -2.6479446366e+01    7.4673732484e-01    1.3440000000e+03    2.7998071564e-02    5.3962983631e-01
       255   -6.2638130841e+00    3.9267483431e+01   -1.0283797423e+01    4.0199843391e+00    8.4342997143e+00    7.0352112605e+00   -2.6469352930e+01    7.1604453237e-01    1.3440000000e+03    2.8012178177e-02    5.3903273810e-01
       256   -6.2672518425e+00    3.9308101585e+01   -1.0372387069e+01    4.1051352266e+00    8.4131361736e+00    7.0352112605e+00   -2.6543982271e+01    7.2324776810e-01    1.3440000000e+03    2.8034534917e-02    5.4096726190e-01
       257   -6.2806421352e+00    3.9474197719e+01   -1.0347522768e+01    4.0668806328e+00    8.4457043066e+00    7.0352112605e+00   -2.6533380500e+01    7.0494216456e-01    1.3440000000e+03    2.8008539463e-02    5.3942708333e-01
       258   -6.2651155591e+00    3.9343837542e+01   -1.0233147453e+01    3.9680318943e+00    8.4793068471e+00    7.0352112605e+00   -2.6503279177e+01    7.5561361609e-01    1.3440000000e+03    2.8059952437e-02    5.3988467262e-01
       259   -6.2647860049e+00    3.9281958675e+01   -1.0238537979e+01    3.9737519744e+00    8.4726611702e+00    7.0352112605e+00   -2.6489769947e+01    7.4335953670e-01    1.3440000000e+03    2.8027654573e-02    5.4006138393e-01
       260   -6.2735592700e+00    3.9389029818e+01   -1.0281984353e+01    4.0084250829e+00    8.4771650007e+00    7.0352112605e+00   -2.6598159253e+01    8.0379863847e-01    1.3440000000e+03    2.8013249623e-02    5.3959821429e-01
       261   -6.2727651830e+00    3.9374358746e+01   -1.0304271987e+01    4.0315068044e+00    8.3861441221e+00    7.0352112605e+00   -2.6428613504e+01    7.0298613373e-01    1.3440000000e+03    2.7994871578e-02    5.3971726190e-01
       262   -6.2713879762e+00    3.9360058762e+01   -1.0295183326e+01    4.0237953501e+00    8.4331456185e+00    7.0352112605e+00   -2.6510877764e+01    7.4733755880e-01    1.3440000000e+03    2.8000724262e-02    5.3992187500e-01
       263   -6.2665015132e+00    3.9311430428e+01   -1.0284525844e+01    4.0180243304e+00    8.4265973540e+00    7.0352112605e+00   -2.6458703693e+01    7.1236923538e-01    1.3440000000e+03    2.8043231554e-02    5.3738839286e-01
       264   -6.2609039787e+00    3.9234755310e+01   -1.0236582845e+01    3.9756788667e+00    8.4732840367e+00    7.0352112605e+00   -2.6490739206e+01    7.4566106311e-01    1.3440000000e+03    2.8038562229e-02    5.4010044643e-01
       265   -6.2751176166e+00    3.9418582072e+01   -1.0296444663e+01    4.0213270459e+00    8.4125568376e+00    7.0352112605e+00   -2.6511420281e+01    7.6720752083e-01    1.3440000000e+03    2.7998307668e-02    5.3916294643e-01
       266   -6.2742124948e+00    3.9404664322e+01   -1.0317131834e+01    4.0429193389e+00    8.4186823149e+00    7.0352112605e+00   -2.6522287741e+01    7.5126233168e-01    1.3440000000e+03    2.7979330437e-02    5.3999627976e-01
       267   -6.2713486949e+00    3.9362201121e+01   -1.0289561102e+01    4.0182124066e+00    8.3686508659e+00    7.0352112605e+00   -2.6380051837e+01    6.8662860905e-01    1.3440000000e+03    2.7972329491e-02    5.3953125000e-01
       268   -6.2702774126e+00    3.9361247095e+01   -1.0341845108e+01    4.0715676956e+00    8.5025596245e+00    7.0352112605e+00   -2.6596117746e+01    7.1650175313e-01    1.3440000000e+03    2.8006248106e-02    5.3831473214e-01
       269   -6.2625908879e+00    3.9254561714e+01   -1.0331348771e+01    4.0687578835e+00    8.4710363271e+00    7.0352112605e+00   -2.6590004223e+01    7.5240786384e-01    1.3440000000e+03    2.8043345721e-02    5.3968005952e-01
       270   -6.2688038378e+00    3.9344091520e+01   -1.0280994570e+01    4.0121907326e+00    8.4495114891e+00    7.0352112605e+00   -2.6440087482e+01    6.7437016174e-01    1.3440000000e+03    2.8021326824e-02    5.4060081845e-01
       271   -6.2714939267e+00    3.9371348889e+01   -1.0230670088e+01    3.9591761614e+00    8.4512026366e+00    7.0352112605e+00   -2.6415651437e+01    6.9856745162e-01    1.3440000000e+03    2.8043920105e-02    5.4009114583e-01
       272   -6.2696849570e+00    3.9334709416e+01   -1.0288099684e+01    4.0184147273e+00    8.3988802065e+00    7.0352112605e+00   -2.6414826205e+01    6.9263505339e-01    1.3440000000e+03    2.7984202447e-02    5.3897693452e-01
       273   -6.2575727004e+00    3.9185129590e+01   -1.0321272764e+01    4.0637000634e+00    8.4866665122e+00    7.0352112605e+00   -2.6508991108e+01    6.6584057162e-01    1.3440000000e+03    2.8018075054e-02    5.3887090774e-01
       274   -6.2706689152e+00    3.9376103375e+01   -1.0365672604e+01    4.0950036886e+00    8.4713054417e+00    7.0352112605e+00   -2.6647569590e+01    7.7538028384e-01    1.3440000000e+03    2.8057271053e-02    5.4010416667e-01
       275   -6.2770181724e+00    3.9440565995e+01   -1.0175955003e+01    3.8989368311e+00    8.4864965969e+00    7.0352112605e+00   -2.6460737372e+01    7.6307451108e-01    1.3440000000e+03    2.8074893395e-02    5.3909040179e-01
       276   -6.2642294869e+00    3.9269817747e+01   -1.0290253572e+01    4.0260240848e+00    8.4939496901e+00    7.0352112605e+00   -2.6526415462e+01    7.0700093921e-01    1.3440000000e+03    2.8012905875e-02    5.4092819940e-01
       277   -6.2619814436e+00    3.9243697188e+01   -1.0274367249e+01    4.0123858049e+00    8.4285147893e+00    7.0352112605e+00   -2.6456660892e+01    7.1856759319e-01    1.3440000000e+03    2.8017580853e-02    5.3902901786e-01
       278   -6.2717657656e+00    3.9363283706e+01   -1.0225598557e+01    3.9538327910e+00    8.4618368275e+00    7.0352112605e+00   -2.6457400598e+01    7.3475395305e-01    1.3440000000e+03    2.7998600934e-02    5.3822172619e-01
       279   -6.2772195377e+00    3.9429387014e+01   -1.0241094161e+01    3.9638746235e+00    8.3997230117e+00    7.0352112605e+00   -2.6345807867e+01    6.6977943321e-01    1.3440000000e+03    2.7972922192e-02    5.3895833333e-01
       280   -6.2767667570e+00    3.9434699079e+01   -1.0261182568e+01    3.9844158105e+00    8.4281346162e+00    7.0352112605e+00   -2.6554874276e+01    8.3034583182e-01    1.3440000000e+03    2.7982689922e-02    5.4039062500e-01
       281   -6.2804707106e+00    3.9470618850e+01   -1.0289444688e+01    4.0089739773e+00    8.4307840133e+00    7.0352112605e+00   -2.6457688515e+01    7.0224855369e-01    1.3440000000e+03    2.8019013498e-02    5.4044456845e-01
       282   -6.2674643902e+00    3.9311463133e+01   -1.0316576081e+01    4.0491116906e+00    8.3998173616e+00    7.0352112605e+00   -2.6496284877e+01    7.4468017395e-01    1.3440000000e+03    2.7989209394e-02    5.3917968750e-01
       283   -6.2660790370e+00    3.9290673689e+01   -1.0231915849e+01    3.9658368119e+00    8.4733187836e+00    7.0352112605e+00   -2.6464619326e+01    7.2417343291e-01    1.3440000000e+03    2.8025765090e-02    5.3834077381e-01
       284   -6.2639499401e+00    3.9269905572e+01   -1.0326465782e+01    4.0625158422e+00    8.3861715405e+00    7.0352112605e+00   -2.6429373903e+01    6.8152531966e-01    1.3440000000e+03    2.7965847563e-02    5.3947172619e-01
       285   -6.2800096671e+00    3.9473691233e+01   -1.0242053616e+01    3.9620439484e+00    8.4175353497e+00    7.0352112605e+00   -2.6484287444e+01    7.8948721788e-01    1.3440000000e+03    2.8019241445e-02    5.3956287202e-01
       286   -6.2729226654e+00    3.9377407114e+01   -1.0235286065e+01    3.9623633991e+00    8.4478036138e+00    7.0352112605e+00   -2.6441644057e+01    7.2334311846e-01    1.3440000000e+03    2.8000862090e-02    5.4037760417e-01
       287   -6.2622604283e+00    3.9251603992e+01   -1.0295316379e+01    4.0330559510e+00    8.4579758800e+00    7.0352112605e+00   -2.6515008838e+01    7.2650531817e-01    1.3440000000e+03    2.8045749354e-02    5.3936011905e-01
       288   -6.2679277769e+00    3.9322377496e+01   -1.0307844485e+01    4.0399167080e+00    8.4350347006e+00    7.0352112605e+00   -2.6568491380e+01    7.9040093442e-01    1.3440000000e+03    2.8011968073e-02    5.4018973214e-01
       289   -6.2690082068e+00    3.9332974950e+01   -1.0312393981e+01    4.0433857744e+00    8.4427793167e+00    7.0352112605e+00   -2.6505758797e+01    7.1537423851e-01    1.3440000000e+03    2.8001288408e-02    5.3954985119e-01
       290   -6.2635399743e+00    3.9272812854e+01   -1.0279532802e+01    4.0159928275e+00    8.4989836270e+00    7.0352112605e+00   -2.6527914920e+01    7.1418723054e-01    1.3440000000e+03    2.8022697765e-02    5.3989769345e-01
       291   -6.2722080476e+00    3.9368483803e+01   -1.0232511435e+01    3.9603033875e+00    8.4404328969e+00    7.0352112605e+00   -2.6439381300e+01    7.3122570779e-01    1.3440000000e+03    2.7987237244e-02    5.3884114583e-01
       292   -6.2691594814e+00    3.9335278858e+01   -1.0228116390e+01    3.9589569089e+00    8.4334353839e+00    7.0352112605e+00   -2.6458998240e+01    7.6223520569e-01    1.3440000000e+03    2.8024716066e-02    5.3995907738e-01
       293   -6.2700816424e+00    3.9349178621e+01   -1.0301601352e+01    4.0315197095e+00    8.4246579313e+00    7.0352112605e+00   -2.6504432566e+01    7.4296202264e-01    1.3440000000e+03    2.7973934288e-02    5.3881882440e-01
       294   -6.2703357241e+00    3.9347641089e+01   -1.0226233671e+01    3.9558979468e+00    8.4175127774e+00    7.0352112605e+00   -2.6421327295e+01    7.4236958628e-01    1.3440000000e+03    2.8024748725e-02    5.3968563988e-01
       295   -6.2659221284e+00    3.9290563072e+01   -1.0361288976e+01    4.0953668472e+00    8.4443756392e+00    7.0352112605e+00   -2.6595676368e+01    7.5480049270e-01    1.3440000000e+03    2.8046608036e-02    5.3911458333e-01
       296   -6.2696438915e+00    3.9340565152e+01   -1.0187781589e+01    3.9181376976e+00    8.4422896411e+00    7.0352112605e+00   -2.6393391645e+01    7.2810915417e-01    1.3440000000e+03    2.8024123139e-02    5.3975074405e-01
       297   -6.2718156099e+00    3.9367088417e+01   -1.0241976329e+01    3.9701607194e+00    8.4279480985e+00    7.0352112605e+00   -2.6369698547e+01    6.6456285828e-01    1.3440000000e+03    2.7983527383e-02    5.3862351190e-01
       298   -6.2654853702e+00    3.9295264177e+01   -1.0365899300e+01    4.1004139302e+00    8.4019410612e+00    7.0352112605e+00   -2.6567259461e+01    7.6420783940e-01    1.3440000000e+03    2.7999049130e-02    5.3897693452e-01
       299   -6.2700414335e+00    3.9342681572e+01   -1.0275732396e+01    4.0056909623e+00    8.4308515449e+00    7.0352112605e+00   -2.6430756704e+01    6.8896150236e-01    1.3440000000e+03    2.7989282468e-02    5.3903831845e-01
       300   -6.2719362544e+00    3.9363938318e+01   -1.0296579667e+01    4.0246434130e+00    8.4485464299e+00    7.0352112605e+00   -2.6575219401e+01    7.9488204336e-01    1.3440000000e+03    2.8043112566e-02    5.4017299107e-01
       301   -6.2673493374e+00    3.9327211955e+01   -1.0293364887e+01    4.0260155494e+00    8.4498997749e+00    7.0352112605e+00   -2.6519179169e+01    7.4070324655e-01    1.3440000000e+03    2.8020483275e-02    5.4044456845e-01
       302   -6.2685122203e+00    3.9327227146e+01   -1.0252458430e+01    3.9839462092e+00    8.4274199444e+00    7.0352112605e+00   -2.6399884992e+01    6.8479535725e-01    1.3440000000e+03    2.7986259148e-02    5.3852120536e-01
       303   -6.2731790385e+00    3.9383680603e+01   -1.0292200120e+01    4.0190210814e+00    8.4967248710e+00    7.0352112605e+00   -2.6531164083e+01    7.0702783203e-01    1.3440000000e+03    2.8047136184e-02    5.3980096726e-01
       304   -6.2677374260e+00    3.9320475412e+01   -1.0246046134e+01    3.9783087079e+00    8.5003352557e+00    7.0352112605e+00   -2.6497574391e+01    7.1598174111e-01    1.3440000000e+03    2.8020969892e-02    5.3982514881e-01
       305   -6.2709072212e+00    3.9363500123e+01   -1.0335968463e+01    4.0650612418e+00    8.4329510449e+00    7.0352112605e+00   -2.6560684639e+01    7.5655387099e-01    1.3440000000e+03    2.8002173446e-02    5.3936197917e-01
       306   -6.2670243932e+00    3.9314935798e+01   -1.0230405047e+01    3.9633806535e+00    8.4517547635e+00    7.0352112605e+00   -2.6402645029e+01    6.8527395878e-01    1.3440000000e+03    2.8026929057e-02    5.3890625000e-01
       307   -6.2672162632e+00    3.9305707484e+01   -1.0223017492e+01    3.9558012288e+00    8.4490395656e+00    7.0352112605e+00   -2.6376875892e+01    6.6960757385e-01    1.3440000000e+03    2.8012589915e-02    5.3926897321e-01
       308   -6.2698108931e+00    3.9341502635e+01   -1.0112200091e+01    3.8423891977e+00    8.4254573422e+00    7.0352112605e+00   -2.6280672444e+01    7.0780375081e-01    1.3440000000e+03    2.8010086516e-02    5.4018415179e-01
       309   -6.2767190151e+00    3.9434992819e+01   -1.0293710913e+01    4.0169918982e+00    8.4352708364e+00    7.0352112605e+00   -2.6524532098e+01    7.6033908824e-01    1.3440000000e+03    2.8009874260e-02    5.4004278274e-01
       310   -6.2654465153e+00    3.9294658172e+01   -1.0221059852e+01    3.9556133366e+00    8.4132860504e+00    7.0352112605e+00   -2.6384511077e+01    7.1495391391e-01    1.3440000000e+03    2.8017334507e-02    5.4052083333e-01
       311   -6.2701357382e+00    3.9348693306e+01   -1.0237967866e+01    3.9678321278e+00    8.4011508491e+00    7.0352112605e+00   -2.6437290644e+01    7.6296066818e-01    1.3440000000e+03    2.7980480541e-02    5.3912016369e-01
       312   -6.2669949738e+00    3.9303974755e+01   -1.0321710547e+01    4.0547155728e+00    8.4383750943e+00    7.0352112605e+00   -2.6505242041e+01    7.0994513950e-01    1.3440000000e+03    2.8023813637e-02    5.4053199405e-01
       313   -6.2784017218e+00    3.9468651283e+01   -1.0278314841e+01    3.9999131189e+00    8.4328621567e+00    7.0352112605e+00   -2.6509072294e+01    7.6268403611e-01    1.3440000000e+03    2.8001636807e-02    5.4078125000e-01
       314   -6.2694307106e+00    3.9334515523e+01   -1.0315932062e+01    4.0465013515e+00    8.4396896697e+00    7.0352112605e+00   -2.6455972176e+01    6.6513918397e-01    1.3440000000e+03    2.7980763927e-02    5.3977120536e-01
       315   -6.2752326489e+00    3.9419278828e+01   -1.0200979049e+01    3.9257464005e+00    8.4642558638e+00    7.0352112605e+00   -2.6460086411e+01    7.5964023710e-01    1.3440000000e+03    2.8036492434e-02    5.3994233631e-01
       316   -6.2647873405e+00    3.9273045763e+01   -1.0341289280e+01    4.0765019391e+00    8.4026121960e+00    7.0352112605e+00   -2.6435690800e+01    6.5657806419e-01    1.3440000000e+03    2.8008280764e-02    5.3993117560e-01
       317   -6.2783287035e+00    3.9458990376e+01   -1.0377137447e+01    4.0988087434e+00    8.4301038410e+00    7.0352112605e+00   -2.6522988159e+01    6.8053561028e-01    1.3440000000e+03    2.7977739026e-02    5.3938802083e-01
       318   -6.2737588891e+00    3.9394582590e+01   -1.0270601834e+01    3.9968429450e+00    8.4749650946e+00    7.0352112605e+00   -2.6516033753e+01    7.3525556376e-01    1.3440000000e+03    2.8019166380e-02    5.3868117560e-01
       319   -6.2652825106e+00    3.9283526036e+01   -1.0231878885e+01    3.9665963743e+00    8.4743817615e+00    7.0352112605e+00   -2.6450783301e+01    7.0931139368e-01    1.3440000000e+03    2.8031663630e-02    5.3967075893e-01
       320   -6.2716189764e+00    3.9364256490e+01   -1.0364632599e+01    4.0930136228e+00    8.4326147165e+00    7.0352112605e+00   -2.6541382391e+01    7.0892381510e-01    1.3440000000e+03    2.8020329309e-02    5.3966889881e-01
       321   -6.2629612031e+00    3.9271838863e+01   -1.0194324171e+01    3.9313629677e+00    8.4448541546e+00    7.0352112605e+00   -2.6378920633e+01    7.0453104707e-01    1.3440000000e+03    2.8016610499e-02    5.3978608631e-01
       322   -6.2671713243e+00    3.9308525656e+01   -1.0264539191e+01    3.9973678668e+00    8.4172873561e+00    7.0352112605e+00   -2.6468442946e+01    7.5140513811e-01    1.3440000000e+03    2.8012434081e-02    5.4074218750e-01
       323   -6.2652479821e+00    3.9284847998e+01   -1.0343414437e+01    4.0781664546e+00    8.4447732897e+00    7.0352112605e+00   -2.6578114140e+01    7.5471515308e-01    1.3440000000e+03    2.8007513655e-02    5.3927269345e-01
       324   -6.2607366681e+00    3.9233550888e+01   -1.0248801534e+01    3.9880648660e+00    8.4321610092e+00    7.0352112605e+00   -2.6426416020e+01    7.1024221654e-01    1.3440000000e+03    2.8041956499e-02    5.3936941964e-01
       325   -6.2630369628e+00    3.9271298366e+01   -1.0340696994e+01    4.0776600311e+00    8.4717474943e+00    7.0352112605e+00   -2.6556723575e+01    7.0906782607e-01    1.3440000000e+03    2.8043668943e-02    5.4012462798e-01
       326   -6.2664937197e+00    3.9301302171e+01   -1.0252962901e+01    3.9864691809e+00    8.3944128163e+00    7.0352112605e+00   -2.6456995392e+01    7.7440841483e-01    1.3440000000e+03    2.7993516664e-02    5.3923735119e-01
       327   -6.2718559261e+00    3.9363385813e+01   -1.0319807889e+01    4.0479519627e+00    8.4579677064e+00    7.0352112605e+00   -2.6505153911e+01    6.9216705562e-01    1.3440000000e+03    2.8012572029e-02    5.3876302083e-01
       328   -6.2653068365e+00    3.9286095770e+01   -1.0276483262e+01    4.0111764251e+00    8.4303262025e+00    7.0352112605e+00   -2.6530412002e+01    7.8839127737e-01    1.3440000000e+03    2.8011534712e-02    5.3998511905e-01
       329   -6.2669333225e+00    3.9307790295e+01   -1.0297048747e+01    4.0301154241e+00    8.4565225717e+00    7.0352112605e+00   -2.6514879671e+01    7.2609709221e-01    1.3440000000e+03    2.8030184665e-02    5.3894903274e-01
       330   -6.2685740905e+00    3.9346499732e+01   -1.0274285244e+01    4.0057111533e+00    8.4251431894e+00    7.0352112605e+00   -2.6483433777e+01    7.4879408318e-01    1.3440000000e+03    2.8022491692e-02    5.4062872024e-01
       331   -6.2766407657e+00    3.9425092709e+01   -1.0317993621e+01    4.0413528552e+00    8.4405353604e+00    7.0352112605e+00   -2.6487892913e+01    6.9415267140e-01    1.3440000000e+03    2.8034133454e-02    5.3975446429e-01
       332   -6.2668374362e+00    3.9335554531e+01   -1.0206613858e+01    3.9397764219e+00    8.4462500144e+00    7.0352112605e+00   -2.6390405868e+01    7.0233073523e-01    1.3440000000e+03    2.8018101568e-02    5.4002790179e-01
       333   -6.2747431507e+00    3.9426215992e+01   -1.0206962293e+01    3.9322191420e+00    8.4673149380e+00    7.0352112605e+00   -2.6491014810e+01    7.8152631893e-01    1.3440000000e+03    2.8033477038e-02    5.3992559524e-01
       334   -6.2775710361e+00    3.9439602710e+01   -1.0351904486e+01    4.0743334499e+00    8.4498274627e+00    7.0352112605e+00   -2.6591360485e+01    7.5441727632e-01    1.3440000000e+03    2.8010233821e-02    5.3896763393e-01
       335   -6.2663500671e+00    3.9304609640e+01   -1.0278177409e+01    4.0118273422e+00    8.4603437732e+00    7.0352112605e+00   -2.6496735214e+01    7.2300277136e-01    1.3440000000e+03    2.7974149809e-02    5.3861793155e-01
       336   -6.2725100056e+00    3.9380802721e+01   -1.0236228185e+01    3.9637181797e+00    8.4228816850e+00    7.0352112605e+00   -2.6464877862e+01    7.7055673159e-01    1.3440000000e+03    2.7985294674e-02    5.3974330357e-01
       337   -6.2665915808e+00    3.9304120823e+01   -1.0275809751e+01    4.0092181697e+00    8.4489030640e+00    7.0352112605e+00   -2.6458097692e+01    6.9817361707e-01    1.3440000000e+03    2.8011794421e-02    5.3974702381e-01
       338   -6.2692004580e+00    3.9333084442e+01   -1.0222778112e+01    3.9535776540e+00    8.3961478760e+00    7.0352112605e+00   -2.6321379477e+01    6.6724222881e-01    1.3440000000e+03    2.7954416363e-02    5.3822358631e-01
       339   -6.2718330415e+00    3.9366636878e+01   -1.0293774203e+01    4.0219411611e+00    8.4416077517e+00    7.0352112605e+00   -2.6441035295e+01    6.7044208025e-01    1.3440000000e+03    2.8009145949e-02    5.3807105655e-01
       340   -6.2680877217e+00    3.9326694990e+01   -1.0206805115e+01    3.9387173930e+00    8.4529413221e+00    7.0352112605e+00   -2.6433908626e+01    7.3895092826e-01    1.3440000000e+03    2.8025304002e-02    5.3928571429e-01
       341   -6.2672907686e+00    3.9311905123e+01   -1.0281418492e+01    4.0141277234e+00    8.4305749908e+00    7.0352112605e+00   -2.6536803362e+01    7.8959861895e-01    1.3440000000e+03    2.8068963181e-02    5.4052269345e-01
       342   -6.2700121800e+00    3.9342889421e+01   -1.0373650730e+01    4.1036385497e+00    8.3745366870e+00    7.0352112605e+00   -2.6464229475e+01    6.8083079794e-01    1.3440000000e+03    2.7998229191e-02    5.4044828869e-01
       343   -6.2654798336e+00    3.9287940228e+01   -1.0350409956e+01    4.0849301227e+00    8.4227368179e+00    7.0352112605e+00   -2.6514567169e+01    7.0620913460e-01    1.3440000000e+03    2.8016255502e-02    5.4046316964e-01
       344   -6.2703802331e+00    3.9378717476e+01   -1.0326352913e+01    4.0559726797e+00    8.4216781982e+00    7.0352112605e+00   -2.6496009953e+01    7.1276758170e-01    1.3440000000e+03    2.8039839849e-02    5.3900855655e-01
       345   -6.2613178262e+00    3.9238561051e+01   -1.0265208994e+01    4.0038911678e+00    8.4370267310e+00    7.0352112605e+00   -2.6487220682e+01    7.4977369658e-01    1.3440000000e+03    2.8015096059e-02    5.3930989583e-01
       346   -6.2729694581e+00    3.9383323160e+01   -1.0201531874e+01    3.9285624154e+00    8.4350540136e+00    7.0352112605e+00   -2.6393853445e+01    7.2205629734e-01    1.3440000000e+03    2.8008290197e-02    5.4010974702e-01
       347   -6.2677380377e+00    3.9330768771e+01   -1.0147471549e+01    3.8797335111e+00    8.3650289352e+00    7.0352112605e+00   -2.6332823057e+01    7.8511131278e-01    1.3440000000e+03    2.7949859640e-02    5.3910528274e-01
       348   -6.2764550447e+00    3.9425077451e+01   -1.0353579845e+01    4.0771248004e+00    8.4517051261e+00    7.0352112605e+00   -2.6555525817e+01    7.1502958553e-01    1.3440000000e+03    2.8041584024e-02    5.4017113095e-01
       349   -6.2677832269e+00    3.9319147637e+01   -1.0331096220e+01    4.0633129928e+00    8.4294893465e+00    7.0352112605e+00   -2.6441974952e+01    6.4617812511e-01    1.3440000000e+03    2.8042705172e-02    5.3808593750e-01
       350   -6.2734247299e+00    3.9389291187e+01   -1.0309951703e+01    4.0365269731e+00    8.4719751134e+00    7.0352112605e+00   -2.6518552917e+01    7.0141484025e-01    1.3440000000e+03    2.8052380006e-02    5.4030133929e-01
       351   -6.2807177494e+00    3.9489228692e+01   -1.0165406312e+01    3.8846885622e+00    8.4532789253e+00    7.0352112605e+00   -2.6464857133e+01    8.1096063528e-01    1.3440000000e+03    2.8014468445e-02    5.3852492560e-01
       352   -6.2653921443e+00    3.9284089005e+01   -1.0212326040e+01    3.9469338954e+00    8.4346768401e+00    7.0352112605e+00   -2.6461097429e+01    7.7888328873e-01    1.3440000000e+03    2.7979688434e-02    5.3881510417e-01
       353   -6.2702412658e+00    3.9353347226e+01   -1.0211564144e+01    3.9413228784e+00    8.4444641536e+00    7.0352112605e+00   -2.6430315369e+01    7.3907581041e-01    1.3440000000e+03    2.8012752777e-02    5.4045386905e-01
       354   -6.2698423765e+00    3.9348323804e+01   -1.0279879276e+01    4.0100368996e+00    8.4360686518e+00    7.0352112605e+00   -2.6469991165e+01    7.1883197652e-01    1.3440000000e+03    2.8006104890e-02    5.3849144345e-01
       355   -6.2700373283e+00    3.9345664113e+01   -1.0241076074e+01    3.9710387458e+00    8.4116967960e+00    7.0352112605e+00   -2.6393904169e+01    7.0592003804e-01    1.3440000000e+03    2.8000344967e-02    5.3968005952e-01
       356   -6.2728088769e+00    3.9375263628e+01   -1.0262855173e+01    3.9900462957e+00    8.4149882137e+00    7.0352112605e+00   -2.6420190919e+01    7.0713627246e-01    1.3440000000e+03    2.7972312729e-02    5.3875186012e-01
       357   -6.2765617372e+00    3.9465556991e+01   -1.0296539000e+01    4.0199772626e+00    8.4188084215e+00    7.0352112605e+00   -2.6466962357e+01    7.1640367545e-01    1.3440000000e+03    2.8023647081e-02    5.4024925595e-01
       358   -6.2781576757e+00    3.9451522536e+01   -1.0191960175e+01    3.9138024992e+00    8.4139373615e+00    7.0352112605e+00   -2.6380469393e+01    7.3936059623e-01    1.3440000000e+03    2.8002742195e-02    5.4015438988e-01
       359   -6.2685003597e+00    3.9322477242e+01   -1.0227581111e+01    3.9590807513e+00    8.4578183247e+00    7.0352112605e+00   -2.6476779819e+01    7.5616912250e-01    1.3440000000e+03    2.8013510860e-02    5.4021949405e-01
       360   -6.2634432200e+00    3.9260584756e+01   -1.0212539957e+01    3.9490967368e+00    8.4313166637e+00    7.0352112605e+00   -2.6435263884e+01    7.5619600345e-01    1.3440000000e+03    2.8001834121e-02    5.4008928571e-01
       361   -6.2708847749e+00    3.9353314008e+01   -1.0296757975e+01    4.0258732003e+00    8.5030446372e+00    7.0352112605e+00   -2.6609134670e+01    7.7412079676e-01    1.3440000000e+03    2.8031878167e-02    5.4010788690e-01
       362   -6.2633907356e+00    3.9269585762e+01   -1.0187754497e+01    3.9243637610e+00    8.4315285115e+00    7.0352112605e+00   -2.6460358590e+01    8.0586432096e-01    1.3440000000e+03    2.8025707435e-02    5.3935081845e-01
       363   -6.2653473689e+00    3.9294026352e+01   -1.0381784037e+01    4.1164366680e+00    8.3662797239e+00    7.0352112605e+00   -2.6501093509e+01    7.1781848733e-01    1.3440000000e+03    2.7993987762e-02    5.4056361607e-01
       364   -6.2774521386e+00    3.9438643264e+01   -1.0284345030e+01    4.0068928914e+00    8.4239722682e+00    7.0352112605e+00   -2.6492251901e+01    7.4872334272e-01    1.3440000000e+03    2.8016764629e-02    5.3994233631e-01
       365   -6.2718226216e+00    3.9364610971e+01   -1.0277186737e+01    4.0053641157e+00    8.4639011990e+00    7.0352112605e+00   -2.6426758415e+01    6.5045921863e-01    1.3440000000e+03    2.8030510600e-02    5.3939732143e-01
       366   -6.2558576680e+00    3.9176304454e+01   -1.0288964464e+01    4.0331067960e+00    8.3985197642e+00    7.0352112605e+00   -2.6400391251e+01    6.7769576233e-01    1.3440000000e+03    2.8003884347e-02    5.3938802083e-01
       367   -6.2673595779e+00    3.9320575136e+01   -1.0226389233e+01    3.9590296550e+00    8.4255349634e+00    7.0352112605e+00   -2.6437777331e+01    7.5064187412e-01    1.3440000000e+03    2.7996129768e-02    5.4072916667e-01
       368   -6.2723026220e+00    3.9384024920e+01   -1.0214702645e+01    3.9424000226e+00    8.3927424450e+00    7.0352112605e+00   -2.6435912995e+01    7.9325664443e-01    1.3440000000e+03    2.8023833771e-02    5.4062500000e-01
       369   -6.2711255881e+00    3.9360404681e+01   -1.0302172417e+01    4.0310468284e+00    8.4409447246e+00    7.0352112605e+00   -2.6562665168e+01    7.8433676614e-01    1.3440000000e+03    2.8017136964e-02    5.4017113095e-01
       370   -6.2723119793e+00    3.9372351212e+01   -1.0276952263e+01    4.0046402841e+00    8.4210781444e+00    7.0352112605e+00   -2.6416819368e+01    6.8357769939e-01    1.3440000000e+03    2.8024672306e-02    5.4034040179e-01
       371   -6.2743848263e+00    3.9399918605e+01   -1.0272756408e+01    3.9983715814e+00    8.4338360112e+00    7.0352112605e+00   -2.6405251881e+01    6.6344820180e-01    1.3440000000e+03    2.8001948023e-02    5.4135044643e-01
       372   -6.2695018076e+00    3.9343402471e+01   -1.0223820572e+01    3.9543187647e+00    8.4883401068e+00    7.0352112605e+00   -2.6515173796e+01    7.6780185603e-01    1.3440000000e+03    2.8002586246e-02    5.3879092262e-01
       373   -6.2707437652e+00    3.9352417695e+01   -1.0287441076e+01    4.0166973105e+00    8.4238402345e+00    7.0352112605e+00   -2.6454320541e+01    7.0782797046e-01    1.3440000000e+03    2.8041477873e-02    5.4051711310e-01
       374   -6.2647391242e+00    3.9274571708e+01   -1.0156568454e+01    3.8918293297e+00    8.4264537910e+00    7.0352112605e+00   -2.6356874496e+01    7.3864099104e-01    1.3440000000e+03    2.7973452462e-02    5.4034412202e-01
       375   -6.2624701724e+00    3.9252638889e+01   -1.0156912184e+01    3.8944420117e+00    8.4089307563e+00    7.0352112605e+00   -2.6361858927e+01    7.6080472624e-01    1.3440000000e+03    2.7976250428e-02    5.4036086310e-01
       376   -6.2781062056e+00    3.9454802010e+01   -1.0287485448e+01    4.0093792423e+00    8.4862236446e+00    7.0352112605e+00   -2.6526301759e+01    7.1738140560e-01    1.3440000000e+03    2.8057599174e-02    5.3935639881e-01
       377   -6.2621931308e+00    3.9243389134e+01   -1.0212037036e+01    3.9498439049e+00    8.4376399472e+00    7.0352112605e+00   -2.6381479097e+01    6.9659085364e-01    1.3440000000e+03    2.8017094092e-02    5.3876116071e-01
       378   -6.2703422193e+00    3.9344960305e+01   -1.0242777642e+01    3.9724354224e+00    8.4466075873e+00    7.0352112605e+00   -2.6474596374e+01    7.4999988423e-01    1.3440000000e+03    2.7994675786e-02    5.3896019345e-01
       379   -6.2633062354e+00    3.9264726308e+01   -1.0186194516e+01    3.9228882808e+00    8.4317933555e+00    7.0352112605e+00   -2.6419040466e+01    7.6584133358e-01    1.3440000000e+03    2.8013925165e-02    5.3898437500e-01
       380   -6.2815065469e+00    3.9530895066e+01   -1.0177932311e+01    3.8964257643e+00    8.3985556677e+00    7.0352112605e+00   -2.6205083993e+01    5.9338475397e-01    1.3440000000e+03    2.7958109843e-02    5.4028645833e-01
       381   -6.2720393401e+00    3.9364876727e+01   -1.0343055518e+01    4.0710161777e+00    8.4334945700e+00    7.0352112605e+00   -2.6445707495e+01    6.3394614640e-01    1.3440000000e+03    2.7998972312e-02    5.4011718750e-01
       382   -6.2712115686e+00    3.9355842677e+01   -1.0195272052e+01    3.9240604833e+00    8.4736098237e+00    7.0352112605e+00   -2.6538647553e+01    8.3455441725e-01    1.3440000000e+03    2.8008299238e-02    5.3832775298e-01
       383   -6.2655807667e+00    3.9284509753e+01   -1.0262373705e+01    3.9967929383e+00    8.4921663241e+00    7.0352112605e+00   -2.6550004504e+01    7.6025321448e-01    1.3440000000e+03    2.8078490096e-02    5.4062313988e-01
       384   -6.2624109043e+00    3.9259397372e+01   -1.0317298328e+01    4.0548874238e+00    8.4609616660e+00    7.0352112605e+00   -2.6509325743e+01    6.9585448796e-01    1.3440000000e+03    2.8019541806e-02    5.3995349702e-01
       385   -6.2638193552e+00    3.9274659974e+01   -1.0168829551e+01    3.9050101956e+00    8.4383291929e+00    7.0352112605e+00   -2.6463446226e+01    8.2107622133e-01    1.3440000000e+03    2.8037269794e-02    5.3995907738e-01
       386   -6.2684494558e+00    3.9322650817e+01   -1.0309388893e+01    4.0409394372e+00    8.3940837647e+00    7.0352112605e+00   -2.6388273127e+01    6.4958920868e-01    1.3440000000e+03    2.7942287428e-02    5.3852120536e-01
       387   -6.2716100839e+00    3.9364135856e+01   -1.0282938033e+01    4.0113279491e+00    8.3947652718e+00    7.0352112605e+00   -2.6410135021e+01    6.9722045560e-01    1.3440000000e+03    2.8006251762e-02    5.4107514881e-01
       388   -6.2643614182e+00    3.9271308407e+01   -1.0258703621e+01    3.9943422023e+00    8.4435962164e+00    7.0352112605e+00   -2.6471588310e+01    7.3407721290e-01    1.3440000000e+03    2.7985818377e-02    5.3998883929e-01
       389   -6.2630974706e+00    3.9258380040e+01   -1.0202048913e+01    3.9389514420e+00    8.3946759841e+00    7.0352112605e+00   -2.6312614739e+01    6.8067858201e-01    1.3440000000e+03    2.7977713917e-02    5.4004464286e-01
       390   -6.2772264656e+00    3.9434709424e+01   -1.0224055208e+01    3.9468287422e+00    8.4153254060e+00    7.0352112605e+00   -2.6353413988e+01    6.7882211345e-01    1.3440000000e+03    2.8020314164e-02    5.3961681548e-01
       391   -6.2549856199e+00    3.9180487282e+01   -1.0240658585e+01    3.9856729647e+00    8.4730194558e+00    7.0352112605e+00   -2.6469644407e+01    7.2075510561e-01    1.3440000000e+03    2.7989237501e-02    5.3716703869e-01
       392   -6.2736733772e+00    3.9395654791e+01   -1.0332362195e+01    4.0586888179e+00    8.4937249910e+00    7.0352112605e+00   -2.6546378121e+01    6.8507967469e-01    1.3440000000e+03    2.8030153512e-02    5.3931361607e-01
       393   -6.2764242004e+00    3.9431953625e+01   -1.0375134101e+01    4.0987099006e+00    8.4991843887e+00    7.0352112605e+00   -2.6632952459e+01    7.2342270910e-01    1.3440000000e+03    2.8031451538e-02    5.3951450893e-01
       394   -6.2684442863e+00    3.9338598728e+01   -1.0331430489e+01    4.0629862024e+00    8.3876117495e+00    7.0352112605e+00   -2.6503374757e+01    7.4912125871e-01    1.3440000000e+03    2.7995918610e-02    5.3920758929e-01
       395   -6.2631909074e+00    3.9294369058e+01   -1.0231805669e+01    3.9686147617e+00    8.4158829253e+00    7.0352112605e+00   -2.6435052562e+01    7.5215270739e-01    1.3440000000e+03    2.7972379469e-02    5.3911272321e-01
       396   -6.2741903075e+00    3.9397175290e+01   -1.0350807801e+01    4.0766174935e+00    8.4599135148e+00    7.0352112605e+00   -2.6542861487e+01    6.9692891119e-01    1.3440000000e+03    2.8015649524e-02    5.3868861607e-01
       397   -6.2770560123e+00    3.9444150643e+01   -1.0213665613e+01    3.9366096005e+00    8.4407156649e+00    7.0352112605e+00   -2.6380117421e+01    6.9052488245e-01    1.3440000000e+03    2.8020795898e-02    5.3989025298e-01
       398   -6.2643991788e+00    3.9293581552e+01   -1.0377662081e+01    4.1132629019e+00    8.4679047673e+00    7.0352112605e+00   -2.6579381380e+01    6.9860327154e-01    1.3440000000e+03    2.8065549526e-02    5.4008184524e-01
       399   -6.2639669355e+00    3.9267518183e+01   -1.0378982439e+01    4.1150155032e+00    8.4673898780e+00    7.0352112605e+00   -2.6634407336e+01    7.5282375863e-01    1.3440000000e+03    2.8009801535e-02    5.3866257440e-01
