#   index    LocalEnergy         LocalEnergy_sq      LocalPotential      Kinetic             ElecElec            IonIon              LocalECP            NonLocalECP         BlockWeight         BlockCPU            AcceptRatio         
         0   -5.9188983723e+00    3.5095223181e+01   -9.6049332825e+00    3.6860349102e+00    7.7591808366e+00    7.0352107511e+00   -2.5364963062e+01    9.6563819221e-01    1.6800000000e+02    7.9460151527e-03    5.6998511905e-01
         1   -5.8989993499e+00    3.4877081898e+01   -9.6409233367e+00    3.7419239868e+00    7.7040587123e+00    7.0352107511e+00   -2.5131609070e+01    7.5141627022e-01    1.6800000000e+02    7.4015661154e-03    5.7336309524e-01
         2   -5.8918915407e+00    3.4753855568e+01   -9.5462376950e+00    3.6543461543e+00    7.8054291488e+00    7.0352107511e+00   -2.5268920618e+01    8.8204302312e-01    1.6800000000e+02    7.3578328426e-03    5.6867559524e-01
         3   -5.9214311475e+00    3.5101691047e+01   -9.6859452796e+00    3.7645141321e+00    7.7435147135e+00    7.0352107511e+00   -2.5154551918e+01    6.8988117326e-01    1.6800000000e+02    7.3622855846e-03    5.7202380952e-01
         4   -5.9078779431e+00    3.4940706170e+01   -9.5279200360e+00    3.6200420929e+00    7.7098611158e+00    7.0352107511e+00   -2.5236008572e+01    9.6301666886e-01    1.6800000000e+02    7.4462420751e-03    5.7357142857e-01
         5   -5.9105515989e+00    3.4994537765e+01   -9.5966799903e+00    3.6861283914e+00    7.8211685127e+00    7.0352107511e+00   -2.5365424329e+01    9.1236507466e-01    1.6800000000e+02    7.4175377598e-03    5.7312500000e-01
         6   -5.8910743732e+00    3.4755232215e+01   -9.5891220848e+00    3.6980477116e+00    7.6985010443e+00    7.0352107511e+00   -2.5003970690e+01    6.8113680993e-01    1.6800000000e+02    7.4306430151e-03    5.6973214286e-01
         7   -5.8874858367e+00    3.4705274834e+01   -9.8233715187e+00    3.9358856820e+00    7.7046286640e+00    7.0352107511e+00   -2.5089421435e+01    5.2621050091e-01    1.6800000000e+02    7.3349474807e-03    5.6858630952e-01
         8   -5.8914791011e+00    3.4769413749e+01   -9.5495249935e+00    3.6580458923e+00    7.8168423239e+00    7.0352107511e+00   -2.5235902987e+01    8.3432491895e-01    1.6800000000e+02    7.3655330676e-03    5.7409226190e-01
         9   -5.9126850121e+00    3.5002070291e+01   -9.7345410066e+00    3.8218559945e+00    7.8667296989e+00    7.0352107511e+00   -2.5288723989e+01    6.5224253219e-01    1.6800000000e+02    7.4519171003e-03    5.7157738095e-01
        10   -5.9294335534e+00    3.5228103000e+01   -9.7216129410e+00    3.7921793876e+00    7.7846005031e+00    7.0352107511e+00   -2.5332516508e+01    7.9109231322e-01    1.6800000000e+02    7.4607343468e-03    5.7363095238e-01
        11   -5.9101928105e+00    3.4969487115e+01   -9.2846013518e+00    3.3744085413e+00    7.7501062420e+00    7.0352107511e+00   -2.4992606370e+01    9.2268802508e-01    1.6800000000e+02    7.4487027291e-03    5.7321428571e-01
        12   -5.9080489655e+00    3.4947171555e+01   -9.9612910248e+00    4.0532420593e+00    7.6699922056e+00    7.0352107511e+00   -2.5589121075e+01    9.2262709330e-01    1.6800000000e+02    7.4399412233e-03    5.7553571429e-01
        13   -5.8957994701e+00    3.4798332305e+01   -9.4475552397e+00    3.5517557696e+00    7.7201557216e+00    7.0352107511e+00   -2.4775371032e+01    5.7244931923e-01    1.6800000000e+02    7.3718851698e-03    5.7379464286e-01
        14   -5.9168705433e+00    3.5050066458e+01   -9.5080183098e+00    3.5911477665e+00    7.5940111123e+00    7.0352107511e+00   -2.4734034003e+01    5.9679382984e-01    1.6800000000e+02    7.3791155702e-03    5.7269345238e-01
        15   -5.9295107277e+00    3.5198016017e+01   -9.7742407618e+00    3.8447300341e+00    7.7169284809e+00    7.0352107511e+00   -2.5385347727e+01    8.5896773314e-01    1.6800000000e+02    7.4591817490e-03    5.7708333333e-01
        16   -5.8975405760e+00    3.4825096799e+01   -9.4112546328e+00    3.5137140568e+00    7.8713001627e+00    7.0352107511e+00   -2.5165501910e+01    8.4773636346e-01    1.6800000000e+02    7.4747921844e-03    5.6858630952e-01
        17   -5.8985963828e+00    3.4848438771e+01   -1.0075207066e+01    4.1766106827e+00    7.7308238378e+00    7.0352107511e+00   -2.5586389438e+01    7.4514778388e-01    1.6800000000e+02    7.3658634321e-03    5.6918154762e-01
        18   -5.9063169464e+00    3.4924736349e+01   -9.8928428513e+00    3.9865259049e+00    7.7965106970e+00    7.0352107511e+00   -2.5516602242e+01    7.9203794286e-01    1.6800000000e+02    7.4135602141e-03    5.7019345238e-01
        19   -5.8883456289e+00    3.4736102195e+01   -9.8306243978e+00    3.9422787689e+00    7.8273829027e+00    7.0352107511e+00   -2.5671222090e+01    9.7800403857e-01    1.6800000000e+02    7.4306331309e-03    5.7505952381e-01
        20   -5.9406024555e+00    3.5362064836e+01   -9.9099613591e+00    3.9693589036e+00    7.8248996126e+00    7.0352107511e+00   -2.5512694886e+01    7.4262316342e-01    1.6800000000e+02    7.4811187307e-03    5.7183035714e-01
        21   -5.9051373595e+00    3.4913482074e+01   -9.8679143994e+00    3.9627770400e+00    7.7622177825e+00    7.0352107511e+00   -2.5502466134e+01    8.3712320105e-01    1.6800000000e+02    7.5058777639e-03    5.7153273810e-01
        22   -5.9403729359e+00    3.5423157640e+01   -9.9715474466e+00    4.0311745107e+00    7.8065860655e+00    7.0352107511e+00   -2.5578172474e+01    7.6482821087e-01    1.6800000000e+02    7.4644364317e-03    5.7081845238e-01
        23   -5.9005485343e+00    3.4859950377e+01   -9.6755899236e+00    3.7750413892e+00    7.8217097283e+00    7.0352107511e+00   -2.5301834198e+01    7.6932379470e-01    1.6800000000e+02    7.4012235439e-03    5.7495535714e-01
        24   -5.9023511277e+00    3.4894918944e+01   -9.4829320106e+00    3.5805808829e+00    7.6865359144e+00    7.0352107511e+00   -2.5286060521e+01    1.0813818446e+00    1.6800000000e+02    7.4825643761e-03    5.7406250000e-01
        25   -5.8858235264e+00    3.4679835848e+01   -9.8639916229e+00    3.9781680965e+00    7.7146863349e+00    7.0352107511e+00   -2.5256103152e+01    6.4221444338e-01    1.6800000000e+02    7.4059809281e-03    5.7148809524e-01
        26   -5.9091688039e+00    3.4951921370e+01   -9.8772914441e+00    3.9681226402e+00    7.7435144966e+00    7.0352107511e+00   -2.5321480252e+01    6.6546356024e-01    1.6800000000e+02    7.3933340942e-03    5.7233630952e-01
        27   -5.8924622122e+00    3.4778271865e+01   -9.6004120813e+00    3.7079498691e+00    7.6933598593e+00    7.0352107511e+00   -2.5172190240e+01    8.4320754867e-01    1.6800000000e+02    7.4239083776e-03    5.7254464286e-01
        28   -5.8873233635e+00    3.4709336779e+01   -9.4724278484e+00    3.5851044849e+00    7.7741963258e+00    7.0352107511e+00   -2.5132767736e+01    8.5093281047e-01    1.6800000000e+02    7.3841587319e-03    5.7162202381e-01
        29   -5.8916380018e+00    3.4759272530e+01   -9.6742659467e+00    3.7826279449e+00    7.6650920290e+00    7.0352107511e+00   -2.4887342072e+01    5.1277334548e-01    1.6800000000e+02    7.3859637958e-03    5.6891369048e-01
        30   -5.9110666572e+00    3.5007098891e+01   -9.5515237278e+00    3.6404570707e+00    7.5542186057e+00    7.0352107511e+00   -2.4993404041e+01    8.5245095631e-01    1.6800000000e+02    7.3959750035e-03    5.7110119048e-01
        31   -5.9103064007e+00    3.4973832393e+01   -9.8849541241e+00    3.9746477234e+00    7.6123614527e+00    7.0352107511e+00   -2.5309691551e+01    7.7716522260e-01    1.6800000000e+02    7.3911131171e-03    5.7444940476e-01
        32   -5.8956276074e+00    3.4800137868e+01   -9.4846820885e+00    3.5890544811e+00    7.6353036543e+00    7.0352107511e+00   -2.4792608089e+01    6.3741159494e-01    1.6800000000e+02    7.3635232291e-03    5.6933035714e-01
        33   -5.8941743416e+00    3.4775163386e+01   -9.6055712539e+00    3.7113969124e+00    7.7316451243e+00    7.0352107511e+00   -2.4913531971e+01    5.4110484139e-01    1.6800000000e+02    7.4817861064e-03    5.7065476190e-01
        34   -5.8839073186e+00    3.4764655524e+01   -9.7282401399e+00    3.8443328213e+00    7.7878685497e+00    7.0352107511e+00   -2.5484032598e+01    9.3271315692e-01    1.6800000000e+02    7.3413728359e-03    5.7028273810e-01
        35   -5.8810160262e+00    3.4637821413e+01   -9.6057745991e+00    3.7247585730e+00    7.6403540390e+00    7.0352107511e+00   -2.4976575351e+01    6.9523596133e-01    1.6800000000e+02    7.3931534786e-03    5.7157738095e-01
        36   -5.8810446214e+00    3.4622496544e+01   -1.0014317604e+01    4.1332729824e+00    7.7680294563e+00    7.0352107511e+00   -2.5573963670e+01    7.5640585854e-01    1.6800000000e+02    7.4914266976e-03    5.7130952381e-01
        37   -5.9528422486e+00    3.5479038761e+01   -9.6217241887e+00    3.6688819401e+00    7.6598398802e+00    7.0352107511e+00   -2.5259795600e+01    9.4302078017e-01    1.6800000000e+02    7.3787502867e-03    5.6952380952e-01
        38   -5.9247265402e+00    3.5135395542e+01   -9.7140681321e+00    3.7893415919e+00    7.6700442828e+00    7.0352107511e+00   -2.5136173369e+01    7.1685020335e-01    1.6800000000e+02    7.4277214007e-03    5.7450892857e-01
        39   -5.8984990929e+00    3.4848322028e+01   -9.4908860829e+00    3.5923869900e+00    7.6557366678e+00    7.0352107511e+00   -2.4948199318e+01    7.6636581581e-01    1.6800000000e+02    7.4065177579e-03    5.7316964286e-01
        40   -5.9229816903e+00    3.5111897751e+01   -9.8669401005e+00    3.9439584102e+00    7.6195739299e+00    7.0352107511e+00   -2.5263611958e+01    7.4188717624e-01    1.6800000000e+02    7.3966154928e-03    5.7175595238e-01
        41   -5.9106411234e+00    3.4973169528e+01   -9.7053675284e+00    3.7947264051e+00    7.7176225794e+00    7.0352107511e+00   -2.5169808838e+01    7.1160797862e-01    1.6800000000e+02    7.4071615957e-03    5.6959821429e-01
        42   -5.9027719245e+00    3.4889410727e+01   -9.7376972861e+00    3.8349253616e+00    7.6651481042e+00    7.0352107511e+00   -2.5127910448e+01    6.8985430697e-01    1.6800000000e+02    7.3879072554e-03    5.7160714286e-01
        43   -5.9029056122e+00    3.4876373189e+01   -9.9520427928e+00    4.0491371806e+00    7.8764674711e+00    7.0352107511e+00   -2.5590416284e+01    7.2669526851e-01    1.6800000000e+02    7.4847040011e-03    5.7126488095e-01
        44   -5.9203659099e+00    3.5109469124e+01   -9.5237882370e+00    3.6034223271e+00    7.7074167718e+00    7.0352107511e+00   -2.5006099947e+01    7.3968418730e-01    1.6800000000e+02    7.4535775320e-03    5.7316964286e-01
        45   -5.9150415892e+00    3.5028703539e+01   -9.7073448992e+00    3.7923033100e+00    7.6351447618e+00    7.0352107511e+00   -2.5068426746e+01    6.9072633361e-01    1.6800000000e+02    7.4039616489e-03    5.7026785714e-01
        46   -5.8852075181e+00    3.4822881209e+01   -9.6301645660e+00    3.7449570480e+00    7.6967126326e+00    7.0352107511e+00   -2.5331884219e+01    9.6979626921e-01    1.6800000000e+02    7.4244785743e-03    5.7004464286e-01
        47   -5.9059166654e+00    3.4924952897e+01   -9.7059172259e+00    3.8000005606e+00    7.7417606700e+00    7.0352107511e+00   -2.5161037506e+01    6.7814885910e-01    1.6800000000e+02    7.4566297588e-03    5.7022321429e-01
        48   -5.9261576551e+00    3.5168258150e+01   -9.5123147240e+00    3.5861570689e+00    7.7756992163e+00    7.0352107511e+00   -2.4928933751e+01    6.0570906011e-01    1.6800000000e+02    7.4576463140e-03    5.7096726190e-01
        49   -5.8971810266e+00    3.4810238539e+01   -1.0006193242e+01    4.1090122152e+00    7.8324333909e+00    7.0352107511e+00   -2.5581845400e+01    7.0800801614e-01    1.6800000000e+02    7.4562131638e-03    5.7126488095e-01
        50   -5.8982104971e+00    3.4846553492e+01   -9.8623771281e+00    3.9641666310e+00    7.7032209121e+00    7.0352107511e+00   -2.5399585962e+01    7.9877717049e-01    1.6800000000e+02    7.4097362591e-03    5.7062500000e-01
        51   -5.8976617088e+00    3.4838817659e+01   -9.9480798770e+00    4.0504181682e+00    7.7514142592e+00    7.0352107511e+00   -2.5435835434e+01    7.0113054662e-01    1.6800000000e+02    7.4362255455e-03    5.7467261905e-01
        52   -5.8965025579e+00    3.4807967218e+01   -9.7920415195e+00    3.8955389615e+00    7.6560947613e+00    7.0352107511e+00   -2.5287387756e+01    8.0404072443e-01    1.6800000000e+02    7.3912551660e-03    5.7473214286e-01
        53   -5.8915450827e+00    3.4765888493e+01   -9.7555347596e+00    3.8639896769e+00    7.7795713271e+00    7.0352107511e+00   -2.5257242590e+01    6.8692575181e-01    1.6800000000e+02    7.3930015122e-03    5.7306547619e-01
        54   -5.9090448670e+00    3.4953755510e+01   -9.6837826192e+00    3.7747377521e+00    7.5686430578e+00    7.0352107511e+00   -2.5084316904e+01    7.9668047608e-01    1.6800000000e+02    7.4479759094e-03    5.7184523810e-01
        55   -5.8979822583e+00    3.4831497916e+01   -9.6715138486e+00    3.7735315903e+00    7.7730844532e+00    7.0352107511e+00   -2.5243305704e+01    7.6349665074e-01    1.6800000000e+02    7.4069229775e-03    5.7444940476e-01
        56   -5.8891951900e+00    3.4729418772e+01   -9.7650032357e+00    3.8758080457e+00    7.6666998039e+00    7.0352107511e+00   -2.5247334381e+01    7.8042059011e-01    1.6800000000e+02    7.4081930631e-03    5.6961309524e-01
        57   -5.9286895417e+00    3.5201219797e+01   -9.6497688167e+00    3.7210792750e+00    7.8618102547e+00    7.0352107511e+00   -2.5535187136e+01    9.8839731357e-01    1.6800000000e+02    7.4056844571e-03    5.6976190476e-01
        58   -5.8825765296e+00    3.4660063096e+01   -9.4992188595e+00    3.6166423299e+00    7.7847337356e+00    7.0352107511e+00   -2.5095449017e+01    7.7628567122e-01    1.6800000000e+02    7.4765619024e-03    5.7242559524e-01
        59   -5.8867878086e+00    3.4744800601e+01   -9.5680898583e+00    3.6813020497e+00    7.8224008163e+00    7.0352107511e+00   -2.5191869951e+01    7.6616852540e-01    1.6800000000e+02    7.4440414707e-03    5.7409226190e-01
        60   -5.9148299121e+00    3.5038877754e+01   -9.5207485908e+00    3.6059186787e+00    7.5747983392e+00    7.0352107511e+00   -2.5067266138e+01    9.3650845642e-01    1.6800000000e+02    7.3786578307e-03    5.7260416667e-01
        61   -5.8982088392e+00    3.4839712381e+01   -9.8065650546e+00    3.9083562154e+00    7.8334012505e+00    7.0352107511e+00   -2.5470823861e+01    7.9564680498e-01    1.6800000000e+02    7.4252304676e-03    5.7169642857e-01
        62   -5.9009192262e+00    3.4873697467e+01   -1.0043415201e+01    4.1424959748e+00    7.7711608045e+00    7.0352107511e+00   -2.5713978017e+01    8.6419126086e-01    1.6800000000e+02    7.4641598400e-03    5.7297619048e-01
        63   -5.9323270827e+00    3.5231741859e+01   -9.8011990125e+00    3.8688719298e+00    7.7707859789e+00    7.0352107511e+00   -2.5194391535e+01    5.8719579232e-01    1.6800000000e+02    7.4272426954e-03    5.7471726190e-01
        64   -5.9022921255e+00    3.4898689829e+01   -9.7443859946e+00    3.8420938691e+00    7.7037517625e+00    7.0352107511e+00   -2.5233010576e+01    7.4966206788e-01    1.6800000000e+02    7.4182933895e-03    5.7093750000e-01
        65   -5.9058106474e+00    3.4934267653e+01   -9.8327747556e+00    3.9269641082e+00    7.6817353071e+00    7.0352107511e+00   -2.5300419978e+01    7.5069916442e-01    1.6800000000e+02    7.3960710184e-03    5.6824404762e-01
        66   -5.8888430812e+00    3.4739786042e+01   -9.4151676086e+00    3.5263245274e+00    7.7775143624e+00    7.0352107511e+00   -2.5100920260e+01    8.7302753830e-01    1.6800000000e+02    7.3781952739e-03    5.6970238095e-01
        67   -5.9393449499e+00    3.5325565964e+01   -9.8374717881e+00    3.8981268382e+00    7.7342311676e+00    7.0352107511e+00   -2.5385765029e+01    7.7885132190e-01    1.6800000000e+02    7.4335123534e-03    5.7218750000e-01
        68   -5.9101931574e+00    3.4972840104e+01   -9.6051956468e+00    3.6950024895e+00    7.6963993155e+00    7.0352107511e+00   -2.5033135672e+01    6.9632995862e-01    1.6800000000e+02    7.3997974673e-03    5.7287202381e-01
        69   -5.9415804763e+00    3.5392972661e+01   -9.6607872283e+00    3.7192067521e+00    7.7608220273e+00    7.0352107511e+00   -2.5293613404e+01    8.3679339726e-01    1.6800000000e+02    7.3962157282e-03    5.7385416667e-01
        70   -5.9375150205e+00    3.5307642873e+01   -9.6219936975e+00    3.6844786770e+00    7.7079454815e+00    7.0352107511e+00   -2.5037656820e+01    6.7250688998e-01    1.6800000000e+02    7.3739680728e-03    5.6687500000e-01
        71   -5.9412002083e+00    3.5345008079e+01   -9.5685117367e+00    3.6273115284e+00    7.6567907055e+00    7.0352107511e+00   -2.4803627873e+01    5.4311467941e-01    1.6800000000e+02    7.4741254572e-03    5.7461309524e-01
        72   -5.9446881997e+00    3.5430903286e+01   -1.0138532670e+01    4.1938444698e+00    7.8342346085e+00    7.0352107511e+00   -2.5752836899e+01    7.4485887039e-01    1.6800000000e+02    7.4674329510e-03    5.7525297619e-01
        73   -5.8997140802e+00    3.4855261523e+01   -9.5875586704e+00    3.6878445902e+00    7.6860518664e+00    7.0352107511e+00   -2.5227269252e+01    9.1844796440e-01    1.6800000000e+02    7.3756256218e-03    5.6913690476e-01
        74   -5.9193484688e+00    3.5108384603e+01   -9.3487713715e+00    3.4294229027e+00    7.6751209743e+00    7.0352107511e+00   -2.4852501784e+01    7.9339868702e-01    1.6800000000e+02    7.4154315904e-03    5.7337797619e-01
        75   -5.8898637234e+00    3.4752435546e+01   -9.5531933331e+00    3.6633296097e+00    7.8743476524e+00    7.0352107511e+00   -2.5467227851e+01    1.0044761145e+00    1.6800000000e+02    7.4410271398e-03    5.7306547619e-01
        76   -5.9081590544e+00    3.4953849353e+01   -9.7076887907e+00    3.7995297363e+00    7.9272243685e+00    7.0352107511e+00   -2.5337449220e+01    6.6732531003e-01    1.6800000000e+02    7.5495764114e-03    5.7549107143e-01
        77   -5.8937181073e+00    3.4798426409e+01   -9.5887425770e+00    3.6950244697e+00    7.7327749985e+00    7.0352107511e+00   -2.5376040172e+01    1.0193118457e+00    1.6800000000e+02    7.4767886628e-03    5.7247023810e-01
        78   -5.9122470017e+00    3.5014222029e+01   -9.5637657468e+00    3.6515187451e+00    7.6841679310e+00    7.0352107511e+00   -2.4940537285e+01    6.5739285558e-01    1.6800000000e+02    7.4578159589e-03    5.7238095238e-01
        79   -5.9394261380e+00    3.5318904329e+01   -9.9495860198e+00    4.0101598819e+00    7.6434731563e+00    7.0352107511e+00   -2.5192011688e+01    5.6374176026e-01    1.6800000000e+02    7.3918937040e-03    5.7419642857e-01
        80   -5.9018899449e+00    3.4885625719e+01   -9.6200394023e+00    3.7181494574e+00    7.7811169786e+00    7.0352107511e+00   -2.5336632249e+01    9.0026511716e-01    1.6800000000e+02    7.4157848832e-03    5.7072916667e-01
        81   -5.9197972064e+00    3.5074418244e+01   -9.6858424023e+00    3.7660451959e+00    7.7876731506e+00    7.0352107511e+00   -2.5242521367e+01    7.3379506272e-01    1.6800000000e+02    7.3981872383e-03    5.6913690476e-01
        82   -5.9162574170e+00    3.5057523611e+01   -9.5916325240e+00    3.6753751070e+00    7.8066294423e+00    7.0352107511e+00   -2.5345067084e+01    9.1159436611e-01    1.6800000000e+02    7.4553001905e-03    5.7016369048e-01
        83   -5.8899989201e+00    3.4777134540e+01   -9.4230829597e+00    3.5330840396e+00    7.7832025036e+00    7.0352107511e+00   -2.5091622931e+01    8.5012671704e-01    1.6800000000e+02    7.4375734631e-03    5.7273809524e-01
        84   -5.8955824168e+00    3.4806457733e+01   -9.5454964774e+00    3.6499140606e+00    7.6655593251e+00    7.0352107511e+00   -2.5084722521e+01    8.3845596747e-01    1.6800000000e+02    7.3517534793e-03    5.7145833333e-01
        85   -5.9112587534e+00    3.4992853786e+01   -9.9526315859e+00    4.0413728325e+00    7.7143816329e+00    7.0352107511e+00   -2.5380018611e+01    6.7779464141e-01    1.6800000000e+02    7.4143115808e-03    5.7339285714e-01
        86   -5.9078649128e+00    3.4951678370e+01   -9.5659560112e+00    3.6580910983e+00    7.6914711832e+00    7.0352107511e+00   -2.5095324654e+01    8.0268670851e-01    1.6800000000e+02    7.4332262988e-03    5.7116071429e-01
        87   -5.9265998288e+00    3.5183390021e+01   -9.9093349473e+00    3.9827351186e+00    7.7987037762e+00    7.0352107511e+00   -2.5491071406e+01    7.4782193151e-01    1.6800000000e+02    7.4553207128e-03    5.7413690476e-01
        88   -5.8999786871e+00    3.4853335218e+01   -9.7369234437e+00    3.8369447566e+00    7.7647084265e+00    7.0352107511e+00   -2.5397579973e+01    8.6073735152e-01    1.6800000000e+02    7.3494867067e-03    5.6757440476e-01
        89   -5.8977290996e+00    3.4815454807e+01   -9.9150549945e+00    4.0173258949e+00    7.8337049568e+00    7.0352107511e+00   -2.5513679763e+01    7.2970906110e-01    1.6800000000e+02    7.4762502641e-03    5.7083333333e-01
        90   -5.9077073966e+00    3.4954860038e+01   -9.6705339872e+00    3.7628265906e+00    7.7963899062e+00    7.0352107511e+00   -2.5144196004e+01    6.4206135954e-01    1.6800000000e+02    7.4496493298e-03    5.7322916667e-01
        91   -5.9117117818e+00    3.5007816877e+01   -9.4982115539e+00    3.5864997721e+00    7.7139983165e+00    7.0352107511e+00   -2.4920968994e+01    6.7354837301e-01    1.6800000000e+02    7.4271849479e-03    5.7087797619e-01
        92   -5.8931778160e+00    3.4773985979e+01   -9.7797358456e+00    3.8865580297e+00    7.8373040643e+00    7.0352107511e+00   -2.5486939661e+01    8.3468900020e-01    1.6800000000e+02    7.4051142493e-03    5.7114583333e-01
        93   -5.9071906111e+00    3.4937747548e+01   -9.7833906946e+00    3.8762000835e+00    7.5747443954e+00    7.0352107511e+00   -2.5085343348e+01    6.9199750700e-01    1.6800000000e+02    7.4367703970e-03    5.7105654762e-01
        94   -5.9142824541e+00    3.5029516522e+01   -9.5641719250e+00    3.6498894709e+00    7.6977373141e+00    7.0352107511e+00   -2.5109381841e+01    8.1226185052e-01    1.6800000000e+02    7.4083112247e-03    5.7294642857e-01
        95   -5.9388396190e+00    3.5329901595e+01   -9.4906426235e+00    3.5518030045e+00    7.7833250737e+00    7.0352107511e+00   -2.5205890137e+01    8.9671168911e-01    1.6800000000e+02    7.4241380540e-03    5.7300595238e-01
        96   -5.8957468043e+00    3.4818133020e+01   -9.8467434517e+00    3.9509966474e+00    7.7599651129e+00    7.0352107511e+00   -2.5353831037e+01    7.1191172150e-01    1.6800000000e+02    7.4043938934e-03    5.7110119048e-01
        97   -5.9133511124e+00    3.5015168423e+01   -9.3789693394e+00    3.4656182270e+00    7.6438139982e+00    7.0352107511e+00   -2.4733416720e+01    6.7542263135e-01    1.6800000000e+02    7.3181760353e-03    5.6903273810e-01
        98   -5.9092180422e+00    3.4966130800e+01   -9.9254423447e+00    4.0162243025e+00    7.8789683884e+00    7.0352107511e+00   -2.5544654745e+01    7.0503326055e-01    1.6800000000e+02    7.3528988897e-03    5.7208333333e-01
        99   -5.9432668631e+00    3.5382045354e+01   -9.4286519081e+00    3.4853850450e+00    7.7453343900e+00    7.0352107511e+00   -2.5118625328e+01    9.0942827874e-01    1.6800000000e+02    7.4293667595e-03    5.7438988095e-01
       100   -5.9096942938e+00    3.4967749433e+01   -9.8072632034e+00    3.8975689096e+00    7.6937404312e+00    7.0352107511e+00   -2.5211112227e+01    6.7489784122e-01    1.6800000000e+02    7.4000824077e-03    5.7197916667e-01
       101   -5.9184331638e+00    3.5073621260e+01   -9.8215213254e+00    3.9030881616e+00    7.8524648509e+00    7.0352107511e+00   -2.5411869058e+01    7.0267213035e-01    1.6800000000e+02    7.4457794517e-03    5.7247023810e-01
       102   -5.9039432017e+00    3.4901310476e+01   -9.7081274305e+00    3.8041842289e+00    7.7691049491e+00    7.0352107511e+00   -2.5326700767e+01    8.1425763583e-01    1.6800000000e+02    7.4286709007e-03    5.7062500000e-01
       103   -5.9078672953e+00    3.4974838822e+01   -9.7888254231e+00    3.8809581278e+00    7.6994077599e+00    7.0352107511e+00   -2.5348739044e+01    8.2529510987e-01    1.6800000000e+02    7.4185342916e-03    5.7238095238e-01
       104   -5.9371347816e+00    3.5298186684e+01   -9.5815789304e+00    3.6444441488e+00    7.7326385538e+00    7.0352107511e+00   -2.5303646836e+01    9.5421860094e-01    1.6800000000e+02    7.4393710321e-03    5.7206845238e-01
       105   -5.9004640584e+00    3.4865772069e+01   -9.6453921298e+00    3.7449280714e+00    7.6541203296e+00    7.0352107511e+00   -2.5330197032e+01    9.9547382160e-01    1.6800000000e+02    7.4338657016e-03    5.7040178571e-01
       106   -5.9126237075e+00    3.5000647374e+01   -9.7664013838e+00    3.8537776763e+00    7.7927639992e+00    7.0352107511e+00   -2.5301478208e+01    7.0710207363e-01    1.6800000000e+02    7.4587780927e-03    5.7349702381e-01
       107   -5.9159759340e+00    3.5081839758e+01   -9.4121741632e+00    3.4961982292e+00    7.6666018407e+00    7.0352107511e+00   -2.5207449745e+01    1.0934629901e+00    1.6800000000e+02    7.4179628587e-03    5.7730654762e-01
       108   -5.8900342679e+00    3.4737453236e+01   -9.4695579826e+00    3.5795237148e+00    7.7201640810e+00    7.0352107511e+00   -2.5089613857e+01    8.6468104238e-01    1.6800000000e+02    7.4359560219e-03    5.7352678571e-01
       109   -5.9041120767e+00    3.4909935057e+01   -9.5428910091e+00    3.6387789324e+00    7.7381825287e+00    7.0352107511e+00   -2.5261321832e+01    9.4503754265e-01    1.6800000000e+02    7.4672871436e-03    5.7565476190e-01
       110   -5.8875590145e+00    3.4710737091e+01   -9.6989760381e+00    3.8114170237e+00    7.6852827144e+00    7.0352107511e+00   -2.5009049523e+01    5.8958001928e-01    1.6800000000e+02    7.3897026901e-03    5.7186011905e-01
       111   -5.8950413816e+00    3.4803205088e+01   -9.6872840696e+00    3.7922426881e+00    7.7622317185e+00    7.0352107511e+00   -2.5207118824e+01    7.2239228469e-01    1.6800000000e+02    7.4333706760e-03    5.7178571429e-01
       112   -5.9137372901e+00    3.5015472606e+01   -9.7999521465e+00    3.8862148564e+00    7.6861570442e+00    7.0352107511e+00   -2.5093638200e+01    5.7231825795e-01    1.6800000000e+02    7.4730267349e-03    5.7163690476e-01
       113   -5.9128792111e+00    3.5002330053e+01   -9.7590779587e+00    3.8461987476e+00    7.7018550699e+00    7.0352107511e+00   -2.5091391014e+01    5.9524723414e-01    1.6800000000e+02    7.3902363989e-03    5.7169642857e-01
       114   -5.9293974425e+00    3.5223147900e+01   -9.4456758025e+00    3.5162783600e+00    7.7470835723e+00    7.0352107511e+00   -2.5105749520e+01    8.7777939404e-01    1.6800000000e+02    7.3456381492e-03    5.7104166667e-01
       115   -5.9285558780e+00    3.5191739231e+01   -9.9419262053e+00    4.0133703273e+00    7.8099154781e+00    7.0352107511e+00   -2.5614468399e+01    8.2741596454e-01    1.6800000000e+02    7.4387306758e-03    5.7063988095e-01
       116   -5.8936903759e+00    3.4798233477e+01   -9.7247177897e+00    3.8310274138e+00    7.8711868191e+00    7.0352107511e+00   -2.5624059688e+01    9.9294432763e-01    1.6800000000e+02    7.4632538350e-03    5.7385416667e-01
       117   -5.8970151560e+00    3.4825737624e+01   -9.3673391665e+00    3.4703240105e+00    7.7591221403e+00    7.0352107511e+00   -2.5024087363e+01    8.6241530534e-01    1.6800000000e+02    7.4236226168e-03    5.6989583333e-01
       118   -5.8851578821e+00    3.4689830728e+01   -9.5426181080e+00    3.6574602259e+00    7.6386371643e+00    7.0352107511e+00   -2.5084491682e+01    8.6802565853e-01    1.6800000000e+02    7.3812241455e-03    5.7468750000e-01
       119   -5.9083672407e+00    3.4961684780e+01   -9.7000220512e+00    3.7916548104e+00    7.7492673024e+00    7.0352107511e+00   -2.5437151695e+01    9.5265159059e-01    1.6800000000e+02    7.3707496326e-03    5.6967261905e-01
       120   -5.9120615350e+00    3.4993568473e+01   -9.6098548115e+00    3.6977932765e+00    7.6640515178e+00    7.0352107511e+00   -2.5112233876e+01    8.0311679605e-01    1.6800000000e+02    7.4306811661e-03    5.7360119048e-01
       121   -5.9206124076e+00    3.5122328677e+01   -9.7120792212e+00    3.7914668136e+00    7.7706518881e+00    7.0352107511e+00   -2.5235303557e+01    7.1736169667e-01    1.6800000000e+02    7.3966826645e-03    5.7311011905e-01
       122   -5.9336433775e+00    3.5255725241e+01   -9.5156835396e+00    3.5820401621e+00    7.7504164942e+00    7.0352107511e+00   -2.5009503015e+01    7.0819223002e-01    1.6800000000e+02    7.4136777326e-03    5.7543154762e-01
       123   -5.9051058426e+00    3.4946907630e+01   -9.7813187646e+00    3.8762129221e+00    7.7210307707e+00    7.0352107511e+00   -2.5507420763e+01    9.6986047679e-01    1.6800000000e+02    7.4220339247e-03    5.7449404762e-01
       124   -5.8784059125e+00    3.4607736639e+01   -9.7636025666e+00    3.8851966541e+00    7.7530943942e+00    7.0352107511e+00   -2.5382068163e+01    8.3016045148e-01    1.6800000000e+02    7.3952809409e-03    5.7313988095e-01
       125   -5.8989589972e+00    3.4835790101e+01   -9.9203703724e+00    4.0214113752e+00    7.7714216127e+00    7.0352107511e+00   -2.5572910845e+01    8.4590810850e-01    1.6800000000e+02    7.4527696374e-03    5.7111607143e-01
       126   -5.9115948762e+00    3.4992122734e+01   -9.4695577261e+00    3.5579628499e+00    7.7252285078e+00    7.0352107511e+00   -2.5063380116e+01    8.3338313150e-01    1.6800000000e+02    7.4153707219e-03    5.7126488095e-01
       127   -5.9309433424e+00    3.5243227954e+01   -9.7089473047e+00    3.7780039623e+00    7.7858140955e+00    7.0352107511e+00   -2.5288197868e+01    7.5822571703e-01    1.6800000000e+02    7.3956618518e-03    5.7046130952e-01
       128   -5.8674407550e+00    3.4504555869e+01   -9.6111590986e+00    3.7437183436e+00    7.8842336305e+00    7.0352107511e+00   -2.5474199329e+01    9.4359584844e-01    1.6800000000e+02    7.4421617125e-03    5.7251488095e-01
       129   -5.9160890491e+00    3.5037828512e+01   -9.5658582013e+00    3.6497691522e+00    7.6528145416e+00    7.0352107511e+00   -2.4896788122e+01    6.4290462747e-01    1.6800000000e+02    7.4837010054e-03    5.7538690476e-01
       130   -5.9151513693e+00    3.5042387571e+01   -9.9103146642e+00    3.9951632949e+00    7.7198960679e+00    7.0352107511e+00   -2.5380104602e+01    7.1468311859e-01    1.6800000000e+02    7.4406578483e-03    5.7043154762e-01
       131   -5.9050768121e+00    3.4907851450e+01   -9.8641822896e+00    3.9591054775e+00    7.6654913070e+00    7.0352107511e+00   -2.5197275483e+01    6.3239113549e-01    1.6800000000e+02    7.4096196109e-03    5.7099702381e-01
       132   -5.9246644472e+00    3.5141443991e+01   -9.5686148869e+00    3.6439504397e+00    7.7441615371e+00    7.0352107511e+00   -2.5118248634e+01    7.7026145900e-01    1.6800000000e+02    7.4443746569e-03    5.7436011905e-01
       133   -5.9210756664e+00    3.5115536393e+01   -9.4596002569e+00    3.5385245905e+00    7.8224039715e+00    7.0352107511e+00   -2.5102543261e+01    7.8532828159e-01    1.6800000000e+02    7.4314016383e-03    5.7598214286e-01
       134   -5.9319767741e+00    3.5235346248e+01   -9.8397217520e+00    3.9077449779e+00    7.7896426812e+00    7.0352107511e+00   -2.5326829896e+01    6.6225471149e-01    1.6800000000e+02    7.4295368700e-03    5.7424107143e-01
       135   -5.9043021339e+00    3.4908100088e+01   -9.7781842501e+00    3.8738821162e+00    7.6187446245e+00    7.0352107511e+00   -2.5125335250e+01    6.9319562451e-01    1.6800000000e+02    7.4178310987e-03    5.7095238095e-01
       136   -5.9188899397e+00    3.5079713471e+01   -9.3466703526e+00    3.4277804129e+00    7.7724993405e+00    7.0352107511e+00   -2.5004512722e+01    8.5013227741e-01    1.6800000000e+02    7.4869781855e-03    5.7440476190e-01
       137   -5.9284985202e+00    3.5252793653e+01   -9.6135012696e+00    3.6850027495e+00    7.8643386436e+00    7.0352107511e+00   -2.5219409518e+01    7.0635885412e-01    1.6800000000e+02    7.4297534080e-03    5.7120535714e-01
       138   -5.9266841081e+00    3.5211183903e+01   -9.5551163197e+00    3.6284322116e+00    7.5432341742e+00    7.0352107511e+00   -2.5066867559e+01    9.3330631421e-01    1.6800000000e+02    7.3999428312e-03    5.7141369048e-01
       139   -5.8967452872e+00    3.4823852991e+01   -9.7760553674e+00    3.8793100802e+00    7.8236329430e+00    7.0352107511e+00   -2.5518637244e+01    8.8373818211e-01    1.6800000000e+02    7.4230046510e-03    5.7275297619e-01
       140   -5.9176052769e+00    3.5068033769e+01   -9.7183961186e+00    3.8007908417e+00    7.6620286435e+00    7.0352107511e+00   -2.5205403768e+01    7.8976825491e-01    1.6800000000e+02    7.4161233635e-03    5.7153273810e-01
       141   -5.8606055894e+00    3.4424966039e+01   -9.6131119831e+00    3.7525063937e+00    7.7464686604e+00    7.0352107511e+00   -2.5208521697e+01    8.1373030275e-01    1.6800000000e+02    7.4484535005e-03    5.7306547619e-01
       142   -5.9360436171e+00    3.5285505450e+01   -9.6639612747e+00    3.7279176577e+00    7.6902707975e+00    7.0352107511e+00   -2.5229086563e+01    8.3964373980e-01    1.6800000000e+02    7.4494647893e-03    5.7258928571e-01
       143   -5.9083286259e+00    3.4963885909e+01   -9.6882039829e+00    3.7798753570e+00    7.6287023863e+00    7.0352107511e+00   -2.4981459592e+01    6.2934247190e-01    1.6800000000e+02    7.3980353717e-03    5.7107142857e-01
       144   -5.8891433538e+00    3.4734740718e+01   -9.2691128740e+00    3.3799695203e+00    7.6279594752e+00    7.0352107511e+00   -2.4732692767e+01    8.0040966679e-01    1.6800000000e+02    7.4022207187e-03    5.7471726190e-01
       145   -5.8776053028e+00    3.4587775040e+01   -9.2885942684e+00    3.4109889657e+00    7.7985889313e+00    7.0352107511e+00   -2.5046347115e+01    9.2395316361e-01    1.6800000000e+02    7.3662884312e-03    5.7116071429e-01
       146   -5.8875281963e+00    3.4713971208e+01   -9.5904714121e+00    3.7029432157e+00    7.8027313001e+00    7.0352107511e+00   -2.5413684250e+01    9.8527078677e-01    1.6800000000e+02    7.4723549908e-03    5.7305059524e-01
       147   -5.9149171932e+00    3.5030898205e+01   -9.6386274458e+00    3.7237102526e+00    7.7303229614e+00    7.0352107511e+00   -2.5164023099e+01    7.5986194088e-01    1.6800000000e+02    7.3988046054e-03    5.7229166667e-01
       148   -5.9046275907e+00    3.4905372418e+01   -9.8610332986e+00    3.9564057079e+00    7.6781276001e+00    7.0352107511e+00   -2.5183421500e+01    6.0904985018e-01    1.6800000000e+02    7.3653328166e-03    5.7044642857e-01
       149   -5.9029261309e+00    3.4890322859e+01   -9.6467292714e+00    3.7438031405e+00    7.7490120322e+00    7.0352107511e+00   -2.5200976253e+01    7.7002419845e-01    1.6800000000e+02    7.3661021611e-03    5.6894345238e-01
       150   -5.9171214354e+00    3.5071137817e+01   -9.7308937108e+00    3.8137722754e+00    7.7528549183e+00    7.0352107511e+00   -2.5268133459e+01    7.4917407920e-01    1.6800000000e+02    7.4487230075e-03    5.7431547619e-01
       151   -5.9166738731e+00    3.5039228852e+01   -9.5540945031e+00    3.6374206300e+00    7.8859641230e+00    7.0352107511e+00   -2.5343134847e+01    8.6786546986e-01    1.6800000000e+02    7.4135560121e-03    5.7369047619e-01
       152   -5.8969942328e+00    3.4841660486e+01   -9.6700324333e+00    3.7730382006e+00    7.7363095227e+00    7.0352107511e+00   -2.5159415179e+01    7.1786247141e-01    1.6800000000e+02    7.4668615513e-03    5.7733630952e-01
       153   -5.9097124243e+00    3.4970845005e+01   -9.6851216014e+00    3.7754091771e+00    7.6839870742e+00    7.0352107511e+00   -2.5248253094e+01    8.4393366701e-01    1.6800000000e+02    7.3523054099e-03    5.6940476190e-01
       154   -5.8938029185e+00    3.4774070062e+01   -9.5436150116e+00    3.6498120930e+00    7.6783228237e+00    7.0352107511e+00   -2.4989724751e+01    7.3257616434e-01    1.6800000000e+02    7.3920410193e-03    5.6772321429e-01
       155   -5.8803468099e+00    3.4621357205e+01   -9.6891483433e+00    3.8088015334e+00    7.5936364201e+00    7.0352107511e+00   -2.5149996405e+01    8.3200089033e-01    1.6800000000e+02    7.3601626126e-03    5.7453869048e-01
       156   -5.8848168730e+00    3.4678121193e+01   -9.4339506127e+00    3.5491337396e+00    7.7760869466e+00    7.0352107511e+00   -2.5029246637e+01    7.8399832638e-01    1.6800000000e+02    7.4459342175e-03    5.7577380952e-01
       157   -5.9044897532e+00    3.4892619474e+01   -9.9348353776e+00    4.0303456244e+00    7.7482796224e+00    7.0352107511e+00   -2.5378997841e+01    6.6067209002e-01    1.6800000000e+02    7.4638424253e-03    5.7184523810e-01
       158   -5.9156695850e+00    3.5023399522e+01   -9.6425282722e+00    3.7268586872e+00    7.6764822492e+00    7.0352107511e+00   -2.4795277432e+01    4.4105615910e-01    1.6800000000e+02    7.4652210876e-03    5.7299107143e-01
       159   -5.8707505735e+00    3.4520043814e+01   -9.8085574631e+00    3.9378068896e+00    7.7777645563e+00    7.0352107511e+00   -2.5379727800e+01    7.5819502910e-01    1.6800000000e+02    7.4207955539e-03    5.7569940476e-01
       160   -5.9182656190e+00    3.5076273394e+01   -9.8042508257e+00    3.8859852068e+00    7.7302141335e+00    7.0352107511e+00   -2.5223251451e+01    6.5357574098e-01    1.6800000000e+02    7.4131894812e-03    5.7046130952e-01
       161   -5.9128105378e+00    3.5000569753e+01   -9.8051828046e+00    3.8923722668e+00    7.7918622705e+00    7.0352107511e+00   -2.5383572220e+01    7.5131639369e-01    1.6800000000e+02    7.4534932307e-03    5.7069940476e-01
       162   -5.8749933331e+00    3.4601732345e+01   -9.6450683503e+00    3.7700750172e+00    7.7872541236e+00    7.0352107511e+00   -2.5212298428e+01    7.4476520269e-01    1.6800000000e+02    7.3786128002e-03    5.6904761905e-01
       163   -5.9078195748e+00    3.4939185384e+01   -9.6917458638e+00    3.7839262889e+00    7.8576653767e+00    7.0352107511e+00   -2.5315335282e+01    7.3071329032e-01    1.6800000000e+02    7.4521202893e-03    5.7224702381e-01
       164   -5.9056407352e+00    3.4912642856e+01   -9.5337990477e+00    3.6281583124e+00    7.6982522202e+00    7.0352107511e+00   -2.4944173306e+01    6.7691128662e-01    1.6800000000e+02    7.4035743573e-03    5.7330357143e-01
       165   -5.9073480182e+00    3.4960369835e+01   -9.5545122537e+00    3.6471642356e+00    7.7446623782e+00    7.0352107511e+00   -2.5259492638e+01    9.2510725524e-01    1.6800000000e+02    7.4425446745e-03    5.7434523810e-01
       166   -5.8919089444e+00    3.4747271545e+01   -9.6784920118e+00    3.7865830674e+00    7.6948899522e+00    7.0352107511e+00   -2.4981850101e+01    5.7325738591e-01    1.6800000000e+02    7.3508333714e-03    5.7226190476e-01
       167   -5.9062981487e+00    3.4970756470e+01   -9.7633890881e+00    3.8570909394e+00    7.6860882862e+00    7.0352107511e+00   -2.5242509175e+01    7.5782104933e-01    1.6800000000e+02    7.4069061028e-03    5.7111607143e-01
       168   -5.9107602969e+00    3.4992151333e+01   -9.4018301444e+00    3.4910698475e+00    7.8181107174e+00    7.0352107511e+00   -2.5132081056e+01    8.7692944302e-01    1.6800000000e+02    7.4301185364e-03    5.6882440476e-01
       169   -5.9238863678e+00    3.5172420282e+01   -9.5557861414e+00    3.6318997736e+00    7.7519237388e+00    7.0352107511e+00   -2.5297892442e+01    9.5497181060e-01    1.6800000000e+02    7.4257078037e-03    5.7099702381e-01
       170   -5.8932275636e+00    3.4784756997e+01   -9.6815680137e+00    3.7883404501e+00    7.8145265272e+00    7.0352107511e+00   -2.5502357776e+01    9.7105248415e-01    1.6800000000e+02    7.4642300051e-03    5.7156250000e-01
       171   -5.9123767791e+00    3.4990512341e+01   -9.5926321239e+00    3.6802553448e+00    7.6824528991e+00    7.0352107511e+00   -2.5011115460e+01    7.0081968581e-01    1.6800000000e+02    7.3674846818e-03    5.7188988095e-01
       172   -5.8925345866e+00    3.4770323631e+01   -9.3336878729e+00    3.4411532863e+00    7.5795540728e+00    7.0352107511e+00   -2.4862391593e+01    9.1393889638e-01    1.6800000000e+02    7.3359369001e-03    5.7136904762e-01
       173   -5.9067760303e+00    3.4936869623e+01   -9.4503552087e+00    3.5435791784e+00    7.5752410621e+00    7.0352107511e+00   -2.5041038836e+01    9.8023181421e-01    1.6800000000e+02    7.3997573151e-03    5.7206845238e-01
       174   -5.9478584892e+00    3.5423100379e+01   -9.7092305707e+00    3.7613720815e+00    7.7339709686e+00    7.0352107511e+00   -2.5502720705e+01    1.0243084145e+00    1.6800000000e+02    7.5207462124e-03    5.7724702381e-01
       175   -5.9285407735e+00    3.5189760367e+01   -9.9494474535e+00    4.0209066800e+00    7.9116222224e+00    7.0352107511e+00   -2.5662433235e+01    7.6615280848e-01    1.6800000000e+02    7.5092808831e-03    5.7093750000e-01
       176   -5.9353308611e+00    3.5322859535e+01   -9.6461628053e+00    3.7108319442e+00    7.7754715384e+00    7.0352107511e+00   -2.5701020187e+01    1.2441750923e+00    1.6800000000e+02    7.4718898839e-03    5.6973214286e-01
       177   -5.9209488230e+00    3.5121835956e+01   -9.6605212748e+00    3.7395724518e+00    7.8047273968e+00    7.0352107511e+00   -2.5591934014e+01    1.0914745913e+00    1.6800000000e+02    7.3879722040e-03    5.7008928571e-01
       178   -5.9073596609e+00    3.4936873046e+01   -9.6160097935e+00    3.7086501327e+00    7.6254274820e+00    7.0352107511e+00   -2.4957769491e+01    6.8112146478e-01    1.6800000000e+02    7.4081407982e-03    5.7258928571e-01
       179   -5.8886170358e+00    3.4717731854e+01   -9.4436832905e+00    3.5550662547e+00    7.6037787905e+00    7.0352107511e+00   -2.4760218399e+01    6.7754556671e-01    1.6800000000e+02    7.4077937752e-03    5.7319940476e-01
       180   -5.9441594289e+00    3.5376289618e+01   -9.8819595607e+00    3.9378001319e+00    7.7984996207e+00    7.0352107511e+00   -2.5620276430e+01    9.0460649720e-01    1.6800000000e+02    7.3867692346e-03    5.7436011905e-01
       181   -5.8927542072e+00    3.4766732213e+01   -9.5109640050e+00    3.6182097978e+00    7.9583283429e+00    7.0352107511e+00   -2.5335700194e+01    8.3119709459e-01    1.6800000000e+02    7.3745441069e-03    5.7139880952e-01
       182   -5.9122987736e+00    3.5004033944e+01   -9.7415360524e+00    3.8292372788e+00    7.7163301562e+00    7.0352107511e+00   -2.5105950659e+01    6.1287369931e-01    1.6800000000e+02    7.4114588621e-03    5.7357142857e-01
       183   -5.9083379270e+00    3.4971974589e+01   -9.8210390244e+00    3.9127010973e+00    7.8556023984e+00    7.0352107511e+00   -2.5765048639e+01    1.0531964652e+00    1.6800000000e+02    7.4357925304e-03    5.7096726190e-01
       184   -5.9206510619e+00    3.5111028153e+01   -1.0126996675e+01    4.2063456133e+00    7.6219185005e+00    7.0352107511e+00   -2.5459715813e+01    6.7558988626e-01    1.6800000000e+02    7.4738922773e-03    5.7410714286e-01
       185   -5.9159403052e+00    3.5041963175e+01   -9.3469172523e+00    3.4309769471e+00    7.7602467365e+00    7.0352107511e+00   -2.4929107987e+01    7.8673324711e-01    1.6800000000e+02    7.4476127103e-03    5.7337797619e-01
       186   -5.9258749335e+00    3.5171064210e+01   -9.6454722093e+00    3.7195972759e+00    7.6389381319e+00    7.0352107511e+00   -2.4924477958e+01    6.0485686584e-01    1.6800000000e+02    7.4377408296e-03    5.7148809524e-01
       187   -5.9280242501e+00    3.5225615298e+01   -9.6190115872e+00    3.6909873371e+00    7.7226678645e+00    7.0352107511e+00   -2.5204413510e+01    8.2752330735e-01    1.6800000000e+02    7.3182799831e-03    5.6816964286e-01
       188   -5.8991213662e+00    3.4854663380e+01   -9.3244747053e+00    3.4253533391e+00    7.9537176409e+00    7.0352107511e+00   -2.5397371981e+01    1.0839688840e+00    1.6800000000e+02    7.4238640622e-03    5.7150297619e-01
       189   -5.9327784971e+00    3.5251565318e+01   -9.7331205013e+00    3.8003420042e+00    7.7054299518e+00    7.0352107511e+00   -2.5135356600e+01    6.6159539591e-01    1.6800000000e+02    7.4689021456e-03    5.7211309524e-01
       190   -5.8912005373e+00    3.4769823383e+01   -9.5309400242e+00    3.6397394869e+00    7.6815070694e+00    7.0352107511e+00   -2.5089155293e+01    8.4149744839e-01    1.6800000000e+02    7.4542702253e-03    5.7313988095e-01
       191   -5.9214388814e+00    3.5114105330e+01   -9.8975403004e+00    3.9761014190e+00    7.7903302699e+00    7.0352107511e+00   -2.5527639827e+01    8.0455850560e-01    1.6800000000e+02    7.4329037563e-03    5.7309523810e-01
       192   -5.9090680014e+00    3.4973753493e+01   -9.7376750585e+00    3.8286070571e+00    7.7109365728e+00    7.0352107511e+00   -2.5299321022e+01    8.1549863995e-01    1.6800000000e+02    7.4396380112e-03    5.6901785714e-01
       193   -5.9125398833e+00    3.4996045677e+01   -9.6343370721e+00    3.7217971888e+00    7.6864624093e+00    7.0352107511e+00   -2.5093993991e+01    7.3798375850e-01    1.6800000000e+02    7.3896386450e-03    5.7421130952e-01
       194   -5.9007804978e+00    3.4857029342e+01   -9.6452677878e+00    3.7444872900e+00    7.8890735773e+00    7.0352107511e+00   -2.5403959506e+01    8.3440738947e-01    1.6800000000e+02    7.3764756865e-03    5.7203869048e-01
       195   -5.9158448782e+00    3.5036408946e+01   -9.7308758222e+00    3.8150309440e+00    7.7218968155e+00    7.0352107511e+00   -2.5314626470e+01    8.2664308094e-01    1.6800000000e+02    7.3784688443e-03    5.7190476190e-01
       196   -5.9090253987e+00    3.4962842709e+01   -9.6600284907e+00    3.7510030921e+00    7.7190579606e+00    7.0352107511e+00   -2.5047073736e+01    6.3277653390e-01    1.6800000000e+02    7.4422976911e-03    5.7433035714e-01
       197   -5.9202567826e+00    3.5095753538e+01   -9.9343269893e+00    4.0140702067e+00    7.7388273964e+00    7.0352107511e+00   -2.5437978937e+01    7.2961380025e-01    1.6800000000e+02    7.3999454811e-03    5.6924107143e-01
       198   -5.9027330928e+00    3.4885011256e+01   -9.6073264876e+00    3.7045933947e+00    7.7500958576e+00    7.0352107511e+00   -2.5022510291e+01    6.2987719521e-01    1.6800000000e+02    7.4212993218e-03    5.7193452381e-01
       199   -5.9288451983e+00    3.5198013354e+01   -9.6311298219e+00    3.7022846236e+00    7.6712794639e+00    7.0352107511e+00   -2.5245078489e+01    9.0745845172e-01    1.6800000000e+02    7.4147176541e-03    5.7093750000e-01
       200   -5.9047613259e+00    3.4911016309e+01   -9.5882997288e+00    3.6835384029e+00    7.6527233539e+00    7.0352107511e+00   -2.5170215599e+01    8.9398176566e-01    1.6800000000e+02    7.4066648958e-03    5.6971726190e-01
       201   -5.9246170839e+00    3.5147029848e+01   -9.7410331007e+00    3.8164160168e+00    7.6967970912e+00    7.0352107511e+00   -2.5208231099e+01    7.3519015598e-01    1.6800000000e+02    7.4358374834e-03    5.7174107143e-01
       202   -5.9023907152e+00    3.4894670189e+01   -9.7995945381e+00    3.8972038230e+00    7.8057727372e+00    7.0352107511e+00   -2.5333081116e+01    6.9250308934e-01    1.6800000000e+02    7.4180742959e-03    5.7002976190e-01
       203   -5.9007373993e+00    3.4866219481e+01   -9.6179262101e+00    3.7171888108e+00    7.6558233129e+00    7.0352107511e+00   -2.4991439051e+01    6.8247877642e-01    1.6800000000e+02    7.3983124069e-03    5.7041666667e-01
       204   -5.9225858560e+00    3.5121210218e+01   -9.8838810952e+00    3.9612952392e+00    7.9030679629e+00    7.0352107511e+00   -2.5471319077e+01    6.4915926728e-01    1.6800000000e+02    7.4792953785e-03    5.7556547619e-01
       205   -5.9093318201e+00    3.4996130198e+01   -9.9239202570e+00    4.0145884369e+00    7.6701336537e+00    7.0352107511e+00   -2.5412729691e+01    7.8346502939e-01    1.6800000000e+02    7.4557946840e-03    5.7174107143e-01
       206   -5.8875504014e+00    3.4713702104e+01   -9.7601306830e+00    3.8725802816e+00    7.7448789004e+00    7.0352107511e+00   -2.5152755308e+01    6.1253497387e-01    1.6800000000e+02    7.4255972591e-03    5.6992559524e-01
       207   -5.9040606122e+00    3.4903194140e+01   -9.7944120370e+00    3.8903514248e+00    7.6210178664e+00    7.0352107511e+00   -2.5491765681e+01    1.0411250267e+00    1.6800000000e+02    7.3555292163e-03    5.7113095238e-01
       208   -5.9123594286e+00    3.4998533635e+01   -9.8146138986e+00    3.9022544700e+00    7.6489025839e+00    7.0352107511e+00   -2.5204896339e+01    7.0616910560e-01    1.6800000000e+02    7.3691762352e-03    5.7394345238e-01
       209   -5.8951823139e+00    3.4782765079e+01   -9.6651316011e+00    3.7699492872e+00    7.7777365246e+00    7.0352107511e+00   -2.5094561178e+01    6.1648230121e-01    1.6800000000e+02    7.3831193814e-03    5.6989583333e-01
       210   -5.8957526269e+00    3.4822839957e+01   -9.6844764551e+00    3.7887238282e+00    7.7568858380e+00    7.0352107511e+00   -2.5408586389e+01    9.3201334519e-01    1.6800000000e+02    7.3759192435e-03    5.7495535714e-01
       211   -5.9007442522e+00    3.4878237265e+01   -9.5882869729e+00    3.6875427206e+00    7.6961184529e+00    7.0352107511e+00   -2.5126251013e+01    8.0663483579e-01    1.6800000000e+02    7.4008803072e-03    5.7002976190e-01
       212   -5.8842121342e+00    3.4690430417e+01   -9.5516782963e+00    3.6674661620e+00    7.6651196089e+00    7.0352107511e+00   -2.5006712381e+01    7.5470372480e-01    1.6800000000e+02    7.4305507366e-03    5.7322916667e-01
       213   -5.9296992059e+00    3.5207670481e+01   -9.7264086219e+00    3.7967094160e+00    7.6606760110e+00    7.0352107511e+00   -2.5268873487e+01    8.4657810283e-01    1.6800000000e+02    7.4375201505e-03    5.7308035714e-01
       214   -5.8632365076e+00    3.4434437625e+01   -9.3848516490e+00    3.5216151414e+00    7.7710738279e+00    7.0352107511e+00   -2.5139031210e+01    9.4789498160e-01    1.6800000000e+02    7.4343608493e-03    5.7104166667e-01
       215   -5.9205916738e+00    3.5112888650e+01   -9.4917167907e+00    3.5711251168e+00    7.7103209507e+00    7.0352107511e+00   -2.4946524148e+01    7.0927565598e-01    1.6800000000e+02    7.3453851953e-03    5.6961309524e-01
       216   -5.8932514728e+00    3.4791834946e+01   -9.4938117817e+00    3.6005603089e+00    7.6477501092e+00    7.0352107511e+00   -2.4919720127e+01    7.4294748543e-01    1.6800000000e+02    7.3479697153e-03    5.7044642857e-01
       217   -5.8934014323e+00    3.4784874891e+01   -9.8615025662e+00    3.9681011339e+00    7.8242321078e+00    7.0352107511e+00   -2.5563424185e+01    8.4247876022e-01    1.6800000000e+02    7.4203473438e-03    5.7264880952e-01
       218   -5.8988958257e+00    3.4859488109e+01   -9.5483353350e+00    3.6494395093e+00    7.8097799543e+00    7.0352107511e+00   -2.5215934852e+01    8.2260881106e-01    1.6800000000e+02    7.3584547499e-03    5.7401785714e-01
       219   -5.9140870219e+00    3.5012325508e+01   -9.7735341813e+00    3.8594471594e+00    7.7935468287e+00    7.0352107511e+00   -2.5157550220e+01    5.5525845918e-01    1.6800000000e+02    7.4680503735e-03    5.7482142857e-01
       220   -5.9234062004e+00    3.5120472187e+01   -9.9254802014e+00    4.0020740010e+00    7.7093727866e+00    7.0352107511e+00   -2.5406522946e+01    7.3645920729e-01    1.6800000000e+02    7.3254746607e-03    5.6961309524e-01
       221   -5.8954648995e+00    3.4791091018e+01   -9.5356762587e+00    3.6402113592e+00    7.7788687233e+00    7.0352107511e+00   -2.5236340618e+01    8.8658488517e-01    1.6800000000e+02    7.4074961955e-03    5.6870535714e-01
       222   -5.8971341779e+00    3.4832709470e+01   -9.6570600047e+00    3.7599258268e+00    7.7876350972e+00    7.0352107511e+00   -2.5444026063e+01    9.6412021019e-01    1.6800000000e+02    7.3768670915e-03    5.7047619048e-01
       223   -5.9168491641e+00    3.5050735397e+01   -9.7877747608e+00    3.8709255968e+00    7.7802800115e+00    7.0352107511e+00   -2.5394680049e+01    7.9141452520e-01    1.6800000000e+02    7.4380393129e-03    5.7166666667e-01
       224   -5.9261289308e+00    3.5167669627e+01   -9.6193110167e+00    3.6931820859e+00    7.8681871082e+00    7.0352107511e+00   -2.5418924689e+01    8.9621581316e-01    1.6800000000e+02    7.5142112494e-03    5.7342261905e-01
       225   -5.9192744938e+00    3.5089991132e+01   -9.7673460489e+00    3.8480715550e+00    7.7519597194e+00    7.0352107511e+00   -2.5200486915e+01    6.4597039548e-01    1.6800000000e+02    7.4173136548e-03    5.6872023810e-01
       226   -5.9139805600e+00    3.5014792662e+01   -9.4248298311e+00    3.5108492711e+00    7.7214693589e+00    7.0352107511e+00   -2.4870683062e+01    6.8917312036e-01    1.6800000000e+02    7.4227949926e-03    5.7233630952e-01
       227   -5.9278688644e+00    3.5206282793e+01   -9.8129988870e+00    3.8851300226e+00    7.6903915895e+00    7.0352107511e+00   -2.5324406071e+01    7.8580484333e-01    1.6800000000e+02    7.4038713993e-03    5.7346726190e-01
       228   -5.9017169441e+00    3.4874054095e+01   -9.6532832221e+00    3.7515662781e+00    7.7687881987e+00    7.0352107511e+00   -2.5178008814e+01    7.2072664208e-01    1.6800000000e+02    7.4575151195e-03    5.6691964286e-01
       229   -5.9067251321e+00    3.4932428294e+01   -9.4738331987e+00    3.5671080666e+00    7.7800519498e+00    7.0352107511e+00   -2.5019465470e+01    7.3036957059e-01    1.6800000000e+02    7.4048751655e-03    5.6873511905e-01
       230   -5.8973786117e+00    3.4853867059e+01   -9.6550074602e+00    3.7576288485e+00    7.7653474347e+00    7.0352107511e+00   -2.5369114372e+01    9.1354872612e-01    1.6800000000e+02    7.4297754770e-03    5.7028273810e-01
       231   -5.9090700189e+00    3.5002031423e+01   -9.6796930020e+00    3.7706229831e+00    7.8474544672e+00    7.0352107511e+00   -2.5324703523e+01    7.6234530275e-01    1.6800000000e+02    7.4469165078e-03    5.7287202381e-01
       232   -5.8708547586e+00    3.4511365879e+01   -9.5162486149e+00    3.6453938563e+00    7.7329962501e+00    7.0352107511e+00   -2.5087762555e+01    8.0330693885e-01    1.6800000000e+02    7.4745017004e-03    5.7651785714e-01
       233   -5.9197993445e+00    3.5090163563e+01   -9.9332494068e+00    4.0134500623e+00    7.7347465988e+00    7.0352107511e+00   -2.5334867787e+01    6.3166103023e-01    1.6800000000e+02    7.4180509130e-03    5.7401785714e-01
       234   -5.9119425510e+00    3.5014323184e+01   -9.7361604417e+00    3.8242178907e+00    7.8345573738e+00    7.0352107511e+00   -2.5512342443e+01    9.0641387678e-01    1.6800000000e+02    7.4228909576e-03    5.6928571429e-01
       235   -5.9574661104e+00    3.5544197793e+01   -9.5893175013e+00    3.6318513908e+00    7.7585101068e+00    7.0352107511e+00   -2.5205446589e+01    8.2240822948e-01    1.6800000000e+02    7.4048856817e-03    5.6886904762e-01
       236   -5.9119135237e+00    3.4995848451e+01   -9.5585974714e+00    3.6466839477e+00    7.6929151989e+00    7.0352107511e+00   -2.5135353888e+01    8.4863046621e-01    1.6800000000e+02    7.3544258318e-03    5.6803571429e-01
       237   -5.8925561512e+00    3.4776859959e+01   -9.7689748883e+00    3.8764187370e+00    7.7707428976e+00    7.0352107511e+00   -2.5181903371e+01    6.0697483419e-01    1.6800000000e+02    7.4399054283e-03    5.7172619048e-01
       238   -5.9187211028e+00    3.5073650858e+01   -9.7329856110e+00    3.8142645082e+00    7.8101025989e+00    7.0352107511e+00   -2.5508649331e+01    9.3035036978e-01    1.6800000000e+02    7.4530422488e-03    5.6924107143e-01
       239   -5.8974918382e+00    3.4821284584e+01   -9.7688658546e+00    3.8713740164e+00    7.6659872061e+00    7.0352107511e+00   -2.5149444960e+01    6.7938114791e-01    1.6800000000e+02    7.3730333852e-03    5.7254464286e-01
       240   -5.9314566636e+00    3.5243133919e+01   -9.6210255397e+00    3.6895688761e+00    7.6936036713e+00    7.0352107511e+00   -2.5379400532e+01    1.0295605699e+00    1.6800000000e+02    7.3507252382e-03    5.7177083333e-01
       241   -5.9448827259e+00    3.5417638412e+01   -9.3897828312e+00    3.4449001053e+00    7.8862286274e+00    7.0352107511e+00   -2.5300521732e+01    9.8929952209e-01    1.6800000000e+02    7.4169410814e-03    5.7220238095e-01
       242   -5.9212194214e+00    3.5099473802e+01   -9.5983919632e+00    3.6771725418e+00    7.5676761102e+00    7.0352107511e+00   -2.4946303768e+01    7.4502494368e-01    1.6800000000e+02    7.3321578037e-03    5.7330357143e-01
       243   -5.8774311058e+00    3.4596519917e+01   -9.8634763107e+00    3.9860452048e+00    7.8594389037e+00    7.0352107511e+00   -2.5625317042e+01    8.6719107686e-01    1.6800000000e+02    7.3877811221e-03    5.7209821429e-01
       244   -5.8912733300e+00    3.4806728664e+01   -9.8526108695e+00    3.9613375396e+00    7.7699764287e+00    7.0352107511e+00   -2.5417139707e+01    7.5934165759e-01    1.6800000000e+02    7.3834855298e-03    5.6627976190e-01
       245   -5.8874546281e+00    3.4710674083e+01   -9.7108976847e+00    3.8234430566e+00    7.7701331630e+00    7.0352107511e+00   -2.5265515856e+01    7.4927425671e-01    1.6800000000e+02    7.4787927747e-03    5.7278273810e-01
       246   -5.9232909104e+00    3.5190888994e+01   -9.5996342901e+00    3.6763433797e+00    7.6524334633e+00    7.0352107511e+00   -2.5330829730e+01    1.0435512253e+00    1.6800000000e+02    7.3941328640e-03    5.6934523810e-01
       247   -5.9043643152e+00    3.4906831736e+01   -9.6820180403e+00    3.7776537251e+00    7.7321618316e+00    7.0352107511e+00   -2.4993857217e+01    5.4446659404e-01    1.6800000000e+02    7.3868977793e-03    5.6928571429e-01
       248   -5.8822626808e+00    3.4688159672e+01   -9.5559514457e+00    3.6736887649e+00    7.7889884179e+00    7.0352107511e+00   -2.5314463006e+01    9.3431239169e-01    1.6800000000e+02    7.4435154675e-03    5.7188988095e-01
       249   -5.8769303358e+00    3.4577185864e+01   -9.6432942956e+00    3.7663639598e+00    7.7252717206e+00    7.0352107511e+00   -2.5157195099e+01    7.5341833173e-01    1.6800000000e+02    7.4501210613e-03    5.7672619048e-01
       250   -5.8974160525e+00    3.4831273225e+01   -9.8242460282e+00    3.9268299757e+00    7.6428789205e+00    7.0352107511e+00   -2.5352267385e+01    8.4993168543e-01    1.6800000000e+02    7.3693974964e-03    5.7395833333e-01
       251   -5.9247748910e+00    3.5139912516e+01   -9.7239975816e+00    3.7992226906e+00    7.6995642601e+00    7.0352107511e+00   -2.5224119039e+01    7.6534644607e-01    1.6800000000e+02    7.4172096626e-03    5.6985119048e-01
       252   -5.9244338443e+00    3.5162101233e+01   -9.5081638853e+00    3.5837300410e+00    7.7278439931e+00    7.0352107511e+00   -2.4939503005e+01    6.6828437535e-01    1.6800000000e+02    7.4100483353e-03    5.7305059524e-01
       253   -5.9128531228e+00    3.5029968718e+01   -9.7407770076e+00    3.8279238848e+00    7.7330890890e+00    7.0352107511e+00   -2.5438429685e+01    9.2935283749e-01    1.6800000000e+02    7.4269508366e-03    5.7294642857e-01
       254   -5.8923312007e+00    3.4780756563e+01   -9.5302814059e+00    3.6379502052e+00    7.7671325305e+00    7.0352107511e+00   -2.5328050467e+01    9.9542577976e-01    1.6800000000e+02    7.4432676636e-03    5.7459821429e-01
       255   -5.9154821049e+00    3.5053119023e+01   -9.5762043142e+00    3.6607222092e+00    7.7650796416e+00    7.0352107511e+00   -2.5062370875e+01    6.8587616768e-01    1.6800000000e+02    7.3909530072e-03    5.6799107143e-01
       256   -5.9261928568e+00    3.5183230113e+01   -9.5620568015e+00    3.6358639447e+00    7.7457645040e+00    7.0352107511e+00   -2.5340015359e+01    9.9698330283e-01    1.6800000000e+02    7.4113302121e-03    5.7330357143e-01
       257   -5.9004525186e+00    3.4881610841e+01   -9.5755813596e+00    3.6751288410e+00    7.7819576394e+00    7.0352107511e+00   -2.5386958675e+01    9.9420892450e-01    1.6800000000e+02    7.3967748100e-03    5.7163690476e-01
       258   -5.8617693177e+00    3.4426145401e+01   -9.6693310150e+00    3.8075616973e+00    7.6819542495e+00    7.0352107511e+00   -2.5368472462e+01    9.8197644658e-01    1.6800000000e+02    7.4164114249e-03    5.7175595238e-01
       259   -5.9221059364e+00    3.5140162328e+01   -9.7076098732e+00    3.7855039369e+00    7.7580055707e+00    7.0352107511e+00   -2.5374025707e+01    8.7319951168e-01    1.6800000000e+02    7.3770759849e-03    5.7069940476e-01
       260   -5.9217855866e+00    3.5103349288e+01   -9.5815487457e+00    3.6597631592e+00    7.6593286633e+00    7.0352107511e+00   -2.5219354252e+01    9.4326609143e-01    1.6800000000e+02    7.3590865580e-03    5.6892857143e-01
       261   -5.8959449647e+00    3.4809635803e+01   -9.4658291245e+00    3.5698841598e+00    7.9338691858e+00    7.0352107511e+00   -2.5264276165e+01    8.2936710373e-01    1.6800000000e+02    7.4739987252e-03    5.6944940476e-01
       262   -5.9089701552e+00    3.4950262074e+01   -9.6636410142e+00    3.7546708590e+00    7.7501200618e+00    7.0352107511e+00   -2.5224667210e+01    7.7569538332e-01    1.6800000000e+02    7.4671319841e-03    5.7392857143e-01
       263   -5.9029039187e+00    3.4881392566e+01   -9.8084739870e+00    3.9055700683e+00    7.7396147151e+00    7.0352107511e+00   -2.5166714251e+01    5.8341479753e-01    1.6800000000e+02    7.3546288435e-03    5.7153273810e-01
       264   -5.9034606787e+00    3.4908177076e+01   -9.8960324778e+00    3.9925717991e+00    7.7716870949e+00    7.0352107511e+00   -2.5435874584e+01    7.3294426034e-01    1.6800000000e+02    7.4314923314e-03    5.7007440476e-01
       265   -5.9163513167e+00    3.5053958888e+01   -9.6085929295e+00    3.6922416128e+00    7.7314977626e+00    7.0352107511e+00   -2.5203321324e+01    8.2801988035e-01    1.6800000000e+02    7.3775683330e-03    5.7125000000e-01
       266   -5.9127544438e+00    3.4991102599e+01   -9.6130318119e+00    3.7002773680e+00    7.8104344321e+00    7.0352107511e+00   -2.5236770741e+01    7.7809374557e-01    1.6800000000e+02    7.4302881757e-03    5.7424107143e-01
       267   -5.9109194115e+00    3.4993991522e+01   -9.8072055812e+00    3.8962861697e+00    7.7835584057e+00    7.0352107511e+00   -2.5162811677e+01    5.3683693853e-01    1.6800000000e+02    7.4075392747e-03    5.7279761905e-01
       268   -5.9465036929e+00    3.5395158252e+01   -9.8491019260e+00    3.9025982331e+00    7.7677576015e+00    7.0352107511e+00   -2.5444896025e+01    7.9282574664e-01    1.6800000000e+02    7.3970262338e-03    5.7278273810e-01
       269   -5.9362748710e+00    3.5315016010e+01   -9.7996601634e+00    3.8633852924e+00    7.7928602845e+00    7.0352107511e+00   -2.5435159657e+01    8.0742845763e-01    1.6800000000e+02    7.4122360287e-03    5.7138392857e-01
       270   -5.9016961957e+00    3.4922584021e+01   -9.8461746510e+00    3.9444784552e+00    7.7849142302e+00    7.0352107511e+00   -2.5662326208e+01    9.9602657561e-01    1.6800000000e+02    7.4575910500e-03    5.7363095238e-01
       271   -5.9149891335e+00    3.5024492851e+01   -9.7419408796e+00    3.8269517462e+00    7.7846744225e+00    7.0352107511e+00   -2.5368381808e+01    8.0655575524e-01    1.6800000000e+02    7.4485812580e-03    5.6950892857e-01
       272   -5.8900720561e+00    3.4727043882e+01   -9.7610351262e+00    3.8709630701e+00    7.6005143349e+00    7.0352107511e+00   -2.5110951789e+01    7.1419157686e-01    1.6800000000e+02    7.3769100487e-03    5.7313988095e-01
       273   -5.9127367354e+00    3.4990624292e+01   -9.8746871354e+00    3.9619503999e+00    7.6760171271e+00    7.0352107511e+00   -2.5126550601e+01    5.4063558748e-01    1.6800000000e+02    7.4413645558e-03    5.7334821429e-01
       274   -5.8806931425e+00    3.4627943752e+01   -9.6234849040e+00    3.7427917614e+00    7.7581266944e+00    7.0352107511e+00   -2.5304343481e+01    8.8752113177e-01    1.6800000000e+02    7.4334842973e-03    5.7278273810e-01
       275   -5.9123305297e+00    3.4991046233e+01   -9.8096379418e+00    3.8973074121e+00    7.6860885066e+00    7.0352107511e+00   -2.5108454018e+01    5.7751681835e-01    1.6800000000e+02    7.4389587500e-03    5.7043154762e-01
       276   -5.9152273715e+00    3.5056183758e+01   -9.8336421752e+00    3.9184148037e+00    7.6749006804e+00    7.0352107511e+00   -2.5645262563e+01    1.1015089561e+00    1.6800000000e+02    7.4121496873e-03    5.7135416667e-01
       277   -5.9305405800e+00    3.5252815980e+01   -9.7631593433e+00    3.8326187633e+00    7.7244028660e+00    7.0352107511e+00   -2.5255083034e+01    7.3231007335e-01    1.6800000000e+02    7.3738449220e-03    5.7279761905e-01
       278   -5.8934181269e+00    3.4788735557e+01   -9.5316615767e+00    3.6382434497e+00    7.7528605084e+00    7.0352107511e+00   -2.5101704514e+01    7.8197167769e-01    1.6800000000e+02    7.4643847765e-03    5.7098214286e-01
       279   -5.9249752370e+00    3.5148935503e+01   -9.7978163609e+00    3.8728411239e+00    7.8124470525e+00    7.0352107511e+00   -2.5410209096e+01    7.6473493192e-01    1.6800000000e+02    7.4588066699e-03    5.7130952381e-01
       280   -5.8824423808e+00    3.4655769350e+01   -9.1668493886e+00    3.2844070078e+00    7.6979744886e+00    7.0352107511e+00   -2.4595171646e+01    6.9513701790e-01    1.6800000000e+02    7.4253278463e-03    5.7485119048e-01
       281   -5.9268442274e+00    3.5164590651e+01   -9.4969114606e+00    3.5700672332e+00    7.7757672757e+00    7.0352107511e+00   -2.5124734972e+01    8.1684548482e-01    1.6800000000e+02    7.4121400137e-03    5.7095238095e-01
       282   -5.9407774627e+00    3.5334359068e+01   -9.4879156506e+00    3.5471381880e+00    7.6714234418e+00    7.0352107511e+00   -2.4885117605e+01    6.9056776103e-01    1.6800000000e+02    7.4016094662e-03    5.7303571429e-01
       283   -5.9041343962e+00    3.4904785378e+01   -9.4563250567e+00    3.5521906604e+00    7.7886042450e+00    7.0352107511e+00   -2.5156143693e+01    8.7600364016e-01    1.6800000000e+02    7.4166959883e-03    5.7223214286e-01
       284   -5.9147856622e+00    3.5024901993e+01   -9.6190856636e+00    3.7043000014e+00    7.7612298145e+00    7.0352107511e+00   -2.5200080381e+01    7.8455415200e-01    1.6800000000e+02    7.4679060240e-03    5.7342261905e-01
       285   -5.9311011365e+00    3.5304825763e+01   -9.6396178365e+00    3.7085167000e+00    7.6312790560e+00    7.0352107511e+00   -2.4999024549e+01    6.9291690498e-01    1.6800000000e+02    7.4572088252e-03    5.7938988095e-01
       286   -5.8903202746e+00    3.4742164000e+01   -9.7595601326e+00    3.8692398580e+00    7.8008176209e+00    7.0352107511e+00   -2.5456143543e+01    8.6055503865e-01    1.6800000000e+02    7.4550657189e-03    5.6866071429e-01
       287   -5.8941707779e+00    3.4785709911e+01   -9.7698477313e+00    3.8756769534e+00    7.7535200315e+00    7.0352107511e+00   -2.5340599581e+01    7.8202106682e-01    1.6800000000e+02    7.4383874335e-03    5.7342261905e-01
       288   -5.8906810731e+00    3.4745724091e+01   -9.5771837588e+00    3.6865026857e+00    7.5657908371e+00    7.0352107511e+00   -2.4930444402e+01    7.5225905528e-01    1.6800000000e+02    7.3910982215e-03    5.7252976190e-01
       289   -5.8991165098e+00    3.4865155013e+01   -9.5810588272e+00    3.6819423174e+00    7.8259163057e+00    7.0352107511e+00   -2.5320884336e+01    8.7869845192e-01    1.6800000000e+02    7.5002283113e-03    5.7358630952e-01
       290   -5.9136803528e+00    3.5016206267e+01   -9.7152742322e+00    3.8015938794e+00    7.6754363390e+00    7.0352107511e+00   -2.5050613591e+01    6.2469226888e-01    1.6800000000e+02    7.3967266972e-03    5.7333333333e-01
       291   -5.8920893677e+00    3.4784476866e+01   -9.4291177582e+00    3.5370283905e+00    7.7207876063e+00    7.0352107511e+00   -2.4906884463e+01    7.2176834758e-01    1.6800000000e+02    7.3949790815e-03    5.6956845238e-01
       292   -5.8650250382e+00    3.4750440622e+01   -9.4517870845e+00    3.5867620463e+00    7.8042779373e+00    7.0352107511e+00   -2.5220493927e+01    9.2921815431e-01    1.6800000000e+02    7.4457523768e-03    5.6922619048e-01
       293   -5.9079133730e+00    3.4964755909e+01   -9.6692145686e+00    3.7613011956e+00    7.7452994020e+00    7.0352107511e+00   -2.5167002648e+01    7.1727792595e-01    1.6800000000e+02    7.3602891061e-03    5.6809523810e-01
       294   -5.9120837331e+00    3.4986282807e+01   -9.5412849683e+00    3.6292012352e+00    7.6967672793e+00    7.0352107511e+00   -2.4834864918e+01    5.6160191937e-01    1.6800000000e+02    7.4607416976e-03    5.7433035714e-01
       295   -5.8853027398e+00    3.4677771826e+01   -9.5529569426e+00    3.6676542028e+00    7.6298288159e+00    7.0352107511e+00   -2.4999303526e+01    7.8130701629e-01    1.6800000000e+02    7.4316761512e-03    5.7244047619e-01
       296   -5.9540205175e+00    3.5547919809e+01   -9.6811886468e+00    3.7271681293e+00    7.7505898106e+00    7.0352107511e+00   -2.5102686601e+01    6.3569739291e-01    1.6800000000e+02    7.3929970275e-03    5.7427083333e-01
       297   -5.9221987228e+00    3.5107551128e+01   -9.7852846606e+00    3.8630859379e+00    7.5872129392e+00    7.0352107511e+00   -2.4977922266e+01    5.7021391467e-01    1.6800000000e+02    7.4199403669e-03    5.7290178571e-01
       298   -5.9055219676e+00    3.4919123233e+01   -9.6702027207e+00    3.7646807532e+00    7.6864651656e+00    7.0352107511e+00   -2.5116296640e+01    7.2441800300e-01    1.6800000000e+02    7.3679223812e-03    5.7068452381e-01
       299   -5.8991158703e+00    3.4835250226e+01   -9.7429257702e+00    3.8438098998e+00    7.6519580679e+00    7.0352107511e+00   -2.5115849329e+01    6.8575474019e-01    1.6800000000e+02    7.3955054173e-03    5.7196428571e-01
       300   -5.9214082382e+00    3.5127014596e+01   -9.5076009108e+00    3.5861926726e+00    7.8797019965e+00    7.0352107511e+00   -2.5426488196e+01    1.0039745379e+00    1.6800000000e+02    7.3950344564e-03    5.6953869048e-01
       301   -5.8926416871e+00    3.4768909309e+01   -9.9117108365e+00    4.0190691494e+00    7.7665266224e+00    7.0352107511e+00   -2.5405462505e+01    6.9201429531e-01    1.6800000000e+02    7.4284024359e-03    5.7293154762e-01
       302   -5.8752289486e+00    3.4559193635e+01   -9.7547175896e+00    3.8794886410e+00    7.7172484585e+00    7.0352107511e+00   -2.5181385579e+01    6.7420877951e-01    1.6800000000e+02    7.3931228835e-03    5.7025297619e-01
       303   -5.8997093940e+00    3.4839432378e+01   -9.5880939523e+00    3.6883845583e+00    7.7124724239e+00    7.0352107511e+00   -2.5115296666e+01    7.7951953829e-01    1.6800000000e+02    7.4319629764e-03    5.7291666667e-01
       304   -5.9077617653e+00    3.4959696210e+01   -9.5727239234e+00    3.6649621582e+00    7.7374147769e+00    7.0352107511e+00   -2.5173844656e+01    8.2849520461e-01    1.6800000000e+02    7.4172622657e-03    5.7095238095e-01
       305   -5.9151105946e+00    3.5024116064e+01   -9.8899352557e+00    3.9748246611e+00    7.7145960866e+00    7.0352107511e+00   -2.5234458665e+01    5.9471657115e-01    1.6800000000e+02    7.4575165054e-03    5.7287202381e-01
       306   -5.9377499172e+00    3.5308782942e+01   -9.6043205699e+00    3.6665706526e+00    7.6772562982e+00    7.0352107511e+00   -2.5095062708e+01    7.7827508929e-01    1.6800000000e+02    7.3875276250e-03    5.6909226190e-01
       307   -5.8779784084e+00    3.4588033632e+01   -9.3510036180e+00    3.4730252096e+00    7.6642263100e+00    7.0352107511e+00   -2.4763646816e+01    7.1320613690e-01    1.6800000000e+02    7.3743175460e-03    5.7017857143e-01
       308   -5.8983689349e+00    3.4871205824e+01   -9.7049156414e+00    3.8065467065e+00    7.8492141316e+00    7.0352107511e+00   -2.5528459787e+01    9.3911926286e-01    1.6800000000e+02    7.4177681735e-03    5.7522321429e-01
       309   -5.9184090484e+00    3.5072901975e+01   -9.6609067523e+00    3.7424977039e+00    7.7260233829e+00    7.0352107511e+00   -2.5192653580e+01    7.7051269413e-01    1.6800000000e+02    7.4287985307e-03    5.7330357143e-01
       310   -5.9082645708e+00    3.4947324508e+01   -9.3889086776e+00    3.4806441068e+00    7.8543703746e+00    7.0352107511e+00   -2.4989259894e+01    7.1077009067e-01    1.6800000000e+02    7.4417589210e-03    5.6953869048e-01
       311   -5.9007464198e+00    3.4886119767e+01   -9.9105240752e+00    4.0097776555e+00    7.9144479809e+00    7.0352107511e+00   -2.5840638139e+01    9.8045533151e-01    1.6800000000e+02    7.4905471133e-03    5.7254464286e-01
       312   -5.9465585797e+00    3.5434375817e+01   -9.4443489354e+00    3.4977903557e+00    7.5923640940e+00    7.0352107511e+00   -2.4929537509e+01    8.5761372864e-01    1.6800000000e+02    7.4218899688e-03    5.7343750000e-01
       313   -5.8835597586e+00    3.4689621625e+01   -9.7269728177e+00    3.8434130590e+00    7.8195701114e+00    7.0352107511e+00   -2.5352294501e+01    7.7054082121e-01    1.6800000000e+02    7.3594581724e-03    5.7071428571e-01
       314   -5.8929254182e+00    3.4784473845e+01   -9.5395661999e+00    3.6466407818e+00    7.7502427875e+00    7.0352107511e+00   -2.5477580061e+01    1.1525603220e+00    1.6800000000e+02    7.4844683820e-03    5.7415178571e-01
       315   -5.8936840248e+00    3.4800756362e+01   -9.8384698501e+00    3.9447858253e+00    7.8768523768e+00    7.0352107511e+00   -2.5509439634e+01    7.5890665566e-01    1.6800000000e+02    7.4473161893e-03    5.7404761905e-01
       316   -5.8987218295e+00    3.4860801021e+01   -9.8750953562e+00    3.9763735267e+00    7.8677253947e+00    7.0352107511e+00   -2.5639779834e+01    8.6174833206e-01    1.6800000000e+02    7.3655402243e-03    5.6998511905e-01
       317   -5.9089135501e+00    3.4951502686e+01   -9.7117911190e+00    3.8028775690e+00    7.7666687178e+00    7.0352107511e+00   -2.5203823498e+01    6.9015291032e-01    1.6800000000e+02    7.4292441353e-03    5.6918154762e-01
       318   -5.9111913184e+00    3.4983640347e+01   -9.7400328247e+00    3.8288415063e+00    7.7442269472e+00    7.0352107511e+00   -2.5216764630e+01    6.9729410703e-01    1.6800000000e+02    7.4394991389e-03    5.7294642857e-01
       319   -5.9188259925e+00    3.5077735819e+01   -9.9854900939e+00    4.0666641014e+00    7.6971122897e+00    7.0352107511e+00   -2.5558881317e+01    8.4106818268e-01    1.6800000000e+02    7.4395299612e-03    5.7270833333e-01
       320   -5.9028988299e+00    3.4878628125e+01   -9.6395077777e+00    3.7366089477e+00    7.6635274906e+00    7.0352107511e+00   -2.4863183498e+01    5.2493747908e-01    1.6800000000e+02    7.4152401926e-03    5.7281250000e-01
       321   -5.9045683656e+00    3.4912566722e+01   -9.7938986503e+00    3.8893302847e+00    7.7226566410e+00    7.0352107511e+00   -2.5232352548e+01    6.8058650552e-01    1.6800000000e+02    7.4349196317e-03    5.7404761905e-01
       322   -5.9113653614e+00    3.5027838384e+01   -9.6434482212e+00    3.7320828598e+00    7.7537618022e+00    7.0352107511e+00   -2.5357675169e+01    9.2525439488e-01    1.6800000000e+02    7.4480106289e-03    5.7209821429e-01
       323   -5.9190284974e+00    3.5107665970e+01   -9.5750983503e+00    3.6560698529e+00    7.7410265707e+00    7.0352107511e+00   -2.5413337060e+01    1.0620013874e+00    1.6800000000e+02    7.4648296438e-03    5.7102678571e-01
       324   -5.8848096418e+00    3.4678157626e+01   -9.8275274162e+00    3.9427177744e+00    7.7083553707e+00    7.0352107511e+00   -2.5140116925e+01    5.6902338709e-01    1.6800000000e+02    7.4161741927e-03    5.6985119048e-01
       325   -5.9447729080e+00    3.5387180196e+01   -9.5751316389e+00    3.6303587309e+00    7.6666685143e+00    7.0352107511e+00   -2.4979414902e+01    7.0240399733e-01    1.6800000000e+02    7.4049178289e-03    5.7138392857e-01
       326   -5.9266634280e+00    3.5200755228e+01   -9.6673411930e+00    3.7406777650e+00    7.7289998271e+00    7.0352107511e+00   -2.5336365189e+01    9.0481341826e-01    1.6800000000e+02    7.4292867378e-03    5.7102678571e-01
       327   -5.8854962937e+00    3.4702127202e+01   -9.6419559043e+00    3.7564596106e+00    7.6559852074e+00    7.0352107511e+00   -2.5040025501e+01    7.0687363854e-01    1.6800000000e+02    7.4204098644e-03    5.7306547619e-01
       328   -5.9258052308e+00    3.5151473121e+01   -9.4894178078e+00    3.5636125770e+00    7.6595054790e+00    7.0352107511e+00   -2.4976498336e+01    7.9236429826e-01    1.6800000000e+02    7.3982074613e-03    5.7325892857e-01
       329   -5.9299643270e+00    3.5195557973e+01   -9.5526869225e+00    3.6227225954e+00    7.6070608663e+00    7.0352107511e+00   -2.4914577885e+01    7.1961934469e-01    1.6800000000e+02    7.3376307375e-03    5.7366071429e-01
       330   -5.8945857977e+00    3.4785082711e+01   -9.7426362842e+00    3.8480504865e+00    7.6796310823e+00    7.0352107511e+00   -2.5237993491e+01    7.8051537374e-01    1.6800000000e+02    7.4543741898e-03    5.7443452381e-01
       331   -5.8952311887e+00    3.4796807412e+01   -9.4161964665e+00    3.5209652778e+00    7.6764036855e+00    7.0352107511e+00   -2.4911332571e+01    7.8352166765e-01    1.6800000000e+02    7.3059169032e-03    5.6659226190e-01
       332   -5.9060408210e+00    3.4941320013e+01   -9.7142927132e+00    3.8082518922e+00    7.8583063362e+00    7.0352107511e+00   -2.5506517201e+01    8.9870740096e-01    1.6800000000e+02    7.4186743947e-03    5.7424107143e-01
       333   -5.9186768358e+00    3.5072146235e+01   -9.6211501417e+00    3.7024733059e+00    7.6385327057e+00    7.0352107511e+00   -2.5000002967e+01    7.0510936802e-01    1.6800000000e+02    7.3803918591e-03    5.7077380952e-01
       334   -5.9059806940e+00    3.4917704244e+01   -9.8216864936e+00    3.9157057995e+00    7.7821270210e+00    7.0352107511e+00   -2.5263907804e+01    6.2488353826e-01    1.6800000000e+02    7.4167333299e-03    5.7229166667e-01
       335   -5.9119272207e+00    3.5004232747e+01   -9.4541295137e+00    3.5422022930e+00    7.8072366175e+00    7.0352107511e+00   -2.4919954174e+01    6.2337729206e-01    1.6800000000e+02    7.4431664820e-03    5.7154761905e-01
       336   -5.8940110880e+00    3.4801925848e+01   -9.5230365463e+00    3.6290254583e+00    7.6805207415e+00    7.0352107511e+00   -2.5168952539e+01    9.3018449972e-01    1.6800000000e+02    7.3699326465e-03    5.7276785714e-01
       337   -5.9236883306e+00    3.5155847473e+01   -9.4926058221e+00    3.5689174916e+00    7.8081201136e+00    7.0352107511e+00   -2.5134720929e+01    7.9878424192e-01    1.6800000000e+02    7.4203614911e-03    5.7077380952e-01
       338   -5.9237548517e+00    3.5151232032e+01   -9.5760747583e+00    3.6523199066e+00    7.7026162166e+00    7.0352107511e+00   -2.5172503128e+01    8.5860140238e-01    1.6800000000e+02    7.4767153045e-03    5.7400297619e-01
       339   -5.9118690483e+00    3.4994575471e+01   -9.4847232242e+00    3.5728541759e+00    7.6652983221e+00    7.0352107511e+00   -2.4988927307e+01    8.0369501007e-01    1.6800000000e+02    7.3934501048e-03    5.7592261905e-01
       340   -5.9211201326e+00    3.5122428383e+01   -1.0113421638e+01    4.1923015054e+00    7.7007677235e+00    7.0352107511e+00   -2.5647153569e+01    7.9775345669e-01    1.6800000000e+02    7.3959393693e-03    5.7105654762e-01
       341   -5.8940508959e+00    3.4784042301e+01   -9.3537228039e+00    3.4596719080e+00    7.5943100482e+00    7.0352107511e+00   -2.4549150399e+01    5.6590679614e-01    1.6800000000e+02    7.3403221544e-03    5.7221726190e-01
       342   -5.9097964342e+00    3.4965437772e+01   -9.5717634151e+00    3.6619669810e+00    7.7793503661e+00    7.0352107511e+00   -2.5007262170e+01    6.2093763747e-01    1.6800000000e+02    7.4218891151e-03    5.7241071429e-01
       343   -5.8923943508e+00    3.4764587438e+01   -9.4788811357e+00    3.5864867849e+00    7.6944217689e+00    7.0352107511e+00   -2.4928216553e+01    7.1970289714e-01    1.6800000000e+02    7.4548811563e-03    5.7339285714e-01
       344   -5.9128245670e+00    3.5028558533e+01   -9.7485006842e+00    3.8356761172e+00    7.6530178005e+00    7.0352107511e+00   -2.5096292760e+01    6.5956352397e-01    1.6800000000e+02    7.4577721867e-03    5.7541666667e-01
       345   -5.8884379615e+00    3.4736260770e+01   -9.6131306076e+00    3.7246926462e+00    7.7774857199e+00    7.0352107511e+00   -2.5082656996e+01    6.5682991756e-01    1.6800000000e+02    7.3980004471e-03    5.7267857143e-01
       346   -5.9049816744e+00    3.4918355048e+01   -9.4745885867e+00    3.5696069123e+00    7.8376097706e+00    7.0352107511e+00   -2.5269843178e+01    9.2243406911e-01    1.6800000000e+02    7.4194467383e-03    5.6706845238e-01
       347   -5.8908819416e+00    3.4745319516e+01   -9.7202575257e+00    3.8293755841e+00    7.6878987802e+00    7.0352107511e+00   -2.5060231914e+01    6.1686485639e-01    1.6800000000e+02    7.3961948621e-03    5.6946428571e-01
       348   -5.9156716979e+00    3.5037272251e+01   -9.9037428819e+00    3.9880711840e+00    7.7655239337e+00    7.0352107511e+00   -2.5291645427e+01    5.8716786065e-01    1.6800000000e+02    7.4183912172e-03    5.7346726190e-01
       349   -5.9558375106e+00    3.5543757909e+01   -9.8411653939e+00    3.8853278833e+00    7.7101398170e+00    7.0352107511e+00   -2.5508547207e+01    9.2203124542e-01    1.6800000000e+02    7.4621893166e-03    5.7479166667e-01
       350   -5.8953353102e+00    3.4794581878e+01   -9.9271145342e+00    4.0317792240e+00    7.7691094118e+00    7.0352107511e+00   -2.5760967231e+01    1.0295325343e+00    1.6800000000e+02    7.3877349551e-03    5.7153273810e-01
       351   -5.8994901974e+00    3.4848928094e+01   -9.9482292327e+00    4.0487390354e+00    7.7578937119e+00    7.0352107511e+00   -2.5309690261e+01    5.6835656557e-01    1.6800000000e+02    7.4995953446e-03    5.7449404762e-01
       352   -5.9246224879e+00    3.5145964118e+01   -9.5592189668e+00    3.6345964789e+00    7.8707119622e+00    7.0352107511e+00   -2.5159053736e+01    6.9391205561e-01    1.6800000000e+02    7.4747275960e-03    5.7369047619e-01
       353   -5.8754474499e+00    3.4658029826e+01   -9.4732597163e+00    3.5978122664e+00    7.9091231772e+00    7.0352107511e+00   -2.5238870463e+01    8.2127681797e-01    1.6800000000e+02    7.3999425540e-03    5.7107142857e-01
       354   -5.9211198855e+00    3.5103628476e+01   -9.4856418182e+00    3.5645219327e+00    7.6810817666e+00    7.0352107511e+00   -2.5111278888e+01    9.0934455203e-01    1.6800000000e+02    7.4221575688e-03    5.6755952381e-01
       355   -5.8879054368e+00    3.4713692489e+01   -9.8279295541e+00    3.9400241173e+00    7.8355452714e+00    7.0352107511e+00   -2.5461312985e+01    7.6262740820e-01    1.6800000000e+02    7.4442610743e-03    5.6919642857e-01
       356   -5.9164493790e+00    3.5055813834e+01   -9.8586028593e+00    3.9421534803e+00    7.8571003185e+00    7.0352107511e+00   -2.5453455339e+01    7.0254140984e-01    1.6800000000e+02    7.4785911711e-03    5.7272321429e-01
       357   -5.9163873615e+00    3.5069232444e+01   -9.5593684092e+00    3.6429810477e+00    7.7310259598e+00    7.0352107511e+00   -2.5117133277e+01    7.9152815642e-01    1.6800000000e+02    7.4756940095e-03    5.7366071429e-01
       358   -5.9080684415e+00    3.4945839268e+01   -9.6711172744e+00    3.7630488330e+00    7.6884099530e+00    7.0352107511e+00   -2.5074032159e+01    6.7929418078e-01    1.6800000000e+02    7.4193643218e-03    5.6994047619e-01
       359   -5.8973537377e+00    3.4824604465e+01   -9.5979057594e+00    3.7005520217e+00    7.6920328439e+00    7.0352107511e+00   -2.5308581782e+01    9.8343242751e-01    1.6800000000e+02    7.4301793384e-03    5.7034226190e-01
       360   -5.8951013737e+00    3.4797456874e+01   -9.4313523966e+00    3.5362510228e+00    7.6801115576e+00    7.0352107511e+00   -2.4940509419e+01    7.9383471331e-01    1.6800000000e+02    7.4471183775e-03    5.7247023810e-01
       361   -5.9682689714e+00    3.5814247211e+01   -9.4690341705e+00    3.5007651991e+00    7.8068363868e+00    7.0352107511e+00   -2.5332921951e+01    1.0218406426e+00    1.6800000000e+02    7.3929410151e-03    5.7282738095e-01
       362   -5.8966615961e+00    3.4831507788e+01   -9.5439526413e+00    3.6472910452e+00    7.8736807430e+00    7.0352107511e+00   -2.5093463563e+01    6.4061942794e-01    1.6800000000e+02    7.3903831820e-03    5.7071428571e-01
       363   -5.8938786619e+00    3.4777072443e+01   -9.6582665300e+00    3.7643878681e+00    7.6887671466e+00    7.0352107511e+00   -2.5120207386e+01    7.3796295830e-01    1.6800000000e+02    7.3880797163e-03    5.6989583333e-01
       364   -5.8874637855e+00    3.4708427268e+01   -9.7107343900e+00    3.8232706046e+00    7.6865141998e+00    7.0352107511e+00   -2.5168756106e+01    7.3629676534e-01    1.6800000000e+02    7.3417606209e-03    5.6754464286e-01
       365   -5.8828130023e+00    3.4697899531e+01   -9.8362426738e+00    3.9534296716e+00    7.8671663439e+00    7.0352107511e+00   -2.5613359830e+01    8.7474006096e-01    1.6800000000e+02    7.4458381361e-03    5.7110119048e-01
       366   -5.9123801566e+00    3.5006562095e+01   -9.9449765074e+00    4.0325963508e+00    7.6468382915e+00    7.0352107511e+00   -2.5316431119e+01    6.8940556933e-01    1.6800000000e+02    7.4312003008e-03    5.7419642857e-01
       367   -5.9072747614e+00    3.4929100885e+01   -9.6299550703e+00    3.7226803089e+00    7.7516985696e+00    7.0352107511e+00   -2.5235204625e+01    8.1834023403e-01    1.6800000000e+02    7.3790553059e-03    5.7337797619e-01
       368   -5.9404273538e+00    3.5355484468e+01   -9.4640921371e+00    3.5236647832e+00    7.7764659634e+00    7.0352107511e+00   -2.5209210891e+01    9.3344203981e-01    1.6800000000e+02    7.4301882636e-03    5.7186011905e-01
       369   -5.9217763245e+00    3.5114093304e+01   -9.7134277075e+00    3.7916513830e+00    7.6340502066e+00    7.0352107511e+00   -2.5003298241e+01    6.2060957583e-01    1.6800000000e+02    7.4070531298e-03    5.7290178571e-01
       370   -5.9332525032e+00    3.5243163030e+01   -9.5167888698e+00    3.5835363666e+00    7.6420979201e+00    7.0352107511e+00   -2.4912114566e+01    7.1801702541e-01    1.6800000000e+02    7.3638127928e-03    5.7125000000e-01
       371   -5.9041343559e+00    3.4885087776e+01   -9.8441717538e+00    3.9400373979e+00    7.5744636188e+00    7.0352107511e+00   -2.5157365187e+01    7.0351906359e-01    1.6800000000e+02    7.3719133645e-03    5.7092261905e-01
       372   -5.9264048080e+00    3.5171865076e+01   -9.6876261601e+00    3.7612213521e+00    7.6481383003e+00    7.0352107511e+00   -2.5126442846e+01    7.5546763423e-01    1.6800000000e+02    7.4823639200e-03    5.7331845238e-01
       373   -5.8933171740e+00    3.4779136632e+01   -9.6859258592e+00    3.7926086852e+00    7.8025678714e+00    7.0352107511e+00   -2.5367727071e+01    8.4402258884e-01    1.6800000000e+02    7.4118466305e-03    5.7200892857e-01
       374   -5.9038675462e+00    3.4886371800e+01   -9.8546016984e+00    3.9507341522e+00    7.6976013844e+00    7.0352107511e+00   -2.5408471302e+01    8.2105746797e-01    1.6800000000e+02    7.4121578807e-03    5.7084821429e-01
       375   -5.9119964803e+00    3.5017312935e+01   -9.4404169836e+00    3.5284205033e+00    7.7214031677e+00    7.0352107511e+00   -2.5083612017e+01    8.8658111503e-01    1.6800000000e+02    7.4220012563e-03    5.7272321429e-01
       376   -5.9141101740e+00    3.5027286597e+01   -9.7168504159e+00    3.8027402419e+00    7.7166783903e+00    7.0352107511e+00   -2.5239553718e+01    7.7081416040e-01    1.6800000000e+02    7.3536310755e-03    5.7135416667e-01
       377   -5.8926396078e+00    3.4771806616e+01   -9.7885563710e+00    3.8959167631e+00    7.6470728998e+00    7.0352107511e+00   -2.5119881049e+01    6.4904102718e-01    1.6800000000e+02    7.4205380876e-03    5.7026785714e-01
       378   -5.9126418838e+00    3.5001866844e+01   -9.6541567784e+00    3.7415148946e+00    7.7351377936e+00    7.0352107511e+00   -2.5198895689e+01    7.7439036591e-01    1.6800000000e+02    7.3601571133e-03    5.6913690476e-01
       379   -5.9128015086e+00    3.4995963100e+01   -9.3840925103e+00    3.4712910018e+00    7.6178287234e+00    7.0352107511e+00   -2.4807689634e+01    7.7055764952e-01    1.6800000000e+02    7.3651755450e-03    5.7129464286e-01
       380   -5.8821814438e+00    3.4653507040e+01   -9.6392918850e+00    3.7571104411e+00    7.8677211448e+00    7.0352107511e+00   -2.5343384894e+01    8.0116111301e-01    1.6800000000e+02    7.4255902797e-03    5.7025297619e-01
       381   -5.9041412465e+00    3.4898871188e+01   -9.7990068578e+00    3.8948656113e+00    7.7161370745e+00    7.0352107511e+00   -2.5289512840e+01    7.3915815658e-01    1.6800000000e+02    7.4674601922e-03    5.7275297619e-01
       382   -5.9044334636e+00    3.4927403276e+01   -1.0059760049e+01    4.1553265857e+00    7.7662342845e+00    7.0352107511e+00   -2.5722812732e+01    8.6160764667e-01    1.6800000000e+02    7.4492533292e-03    5.7375000000e-01
       383   -5.9046208708e+00    3.4914159768e+01   -9.7088404078e+00    3.8042195370e+00    7.7236708224e+00    7.0352107511e+00   -2.5385334123e+01    9.1761214169e-01    1.6800000000e+02    7.4457717627e-03    5.7171130952e-01
       384   -5.9214428141e+00    3.5113063192e+01   -9.6075149809e+00    3.6860721668e+00    7.7468651155e+00    7.0352107511e+00   -2.5364142369e+01    9.7455152179e-01    1.6800000000e+02    7.4275714578e-03    5.6840773810e-01
       385   -5.9228227998e+00    3.5127051115e+01   -9.7590469311e+00    3.8362241314e+00    7.6611845684e+00    7.0352107511e+00   -2.5450453248e+01    9.9501099742e-01    1.6800000000e+02    7.3712063244e-03    5.7480654762e-01
       386   -5.9326474718e+00    3.5227230479e+01   -1.0035028510e+01    4.1023810378e+00    7.7243890650e+00    7.0352107511e+00   -2.5507517770e+01    7.1288944422e-01    1.6800000000e+02    7.4088907291e-03    5.6875000000e-01
       387   -5.9263397314e+00    3.5175282921e+01   -9.4629323299e+00    3.5365925985e+00    7.6139603580e+00    7.0352107511e+00   -2.4896498529e+01    7.8439508948e-01    1.6800000000e+02    7.3319819667e-03    5.6995535714e-01
       388   -5.8930344618e+00    3.4781207098e+01   -9.4125953000e+00    3.5195608382e+00    7.7692440736e+00    7.0352107511e+00   -2.5243644852e+01    1.0265947270e+00    1.6800000000e+02    7.4056039753e-03    5.7491071429e-01
       389   -5.9063892665e+00    3.4929680186e+01   -9.7293219083e+00    3.8229326417e+00    7.7898069170e+00    7.0352107511e+00   -2.5409194650e+01    8.5485507339e-01    1.6800000000e+02    7.4938441837e-03    5.7092261905e-01
       390   -5.9278737170e+00    3.5189138400e+01   -9.5856818888e+00    3.6578081718e+00    7.7816333624e+00    7.0352107511e+00   -2.5126054404e+01    7.2352840122e-01    1.6800000000e+02    7.4835330348e-03    5.7699404762e-01
       391   -5.8914410704e+00    3.4755206524e+01   -9.6430617862e+00    3.7516207158e+00    7.7791551672e+00    7.0352107511e+00   -2.5448940168e+01    9.9151246312e-01    1.6800000000e+02    7.4104194618e-03    5.7123511905e-01
       392   -5.8997669173e+00    3.4846727063e+01   -9.9360652259e+00    4.0362983086e+00    7.7257029555e+00    7.0352107511e+00   -2.5449021037e+01    7.5204210471e-01    1.6800000000e+02    7.3962171196e-03    5.7087797619e-01
       393   -5.8876999258e+00    3.4705770114e+01   -9.9714483446e+00    4.0837484188e+00    7.8239017859e+00    7.0352107511e+00   -2.5389429391e+01    5.5886850919e-01    1.6800000000e+02    7.4855898939e-03    5.6941964286e-01
       394   -5.8932101779e+00    3.4773840001e+01   -9.6689587239e+00    3.7757485460e+00    7.8707195111e+00    7.0352107511e+00   -2.5707236944e+01    1.1323479577e+00    1.6800000000e+02    7.4170449904e-03    5.7145833333e-01
       395   -5.8942511858e+00    3.4798613162e+01   -9.7325771395e+00    3.8383259536e+00    7.6745447126e+00    7.0352107511e+00   -2.5181462521e+01    7.3912991808e-01    1.6800000000e+02    7.3589263096e-03    5.7120535714e-01
       396   -5.8934898617e+00    3.4777236976e+01   -9.5456165865e+00    3.6521267248e+00    7.8661311177e+00    7.0352107511e+00   -2.5158427612e+01    7.1146915655e-01    1.6800000000e+02    7.3780106613e-03    5.7119047619e-01
       397   -5.9384091982e+00    3.5297552212e+01   -9.8200415691e+00    3.8816323709e+00    7.6033220630e+00    7.0352107511e+00   -2.5044435885e+01    5.8586150172e-01    1.6800000000e+02    7.4149021779e-03    5.7294642857e-01
       398   -5.9382108233e+00    3.5315133811e+01   -9.4456446382e+00    3.5074338149e+00    7.6978717316e+00    7.0352107511e+00   -2.5112037560e+01    9.3331043864e-01    1.6800000000e+02    7.3471394412e-03    5.7011904762e-01
       399   -5.9161617945e+00    3.5056984275e+01   -9.9153785214e+00    3.9992167269e+00    7.7018143722e+00    7.0352107511e+00   -2.5525878509e+01    8.7347486404e-01    1.6800000000e+02    7.3960415154e-03    5.7086309524e-01
