#   index    LocalEnergy         LocalEnergy_sq      LocalPotential      Kinetic             ElecElec            IonIon              LocalECP            NonLocalECP         BlockWeight         BlockCPU            AcceptRatio         
         0   -5.9163452874e+00    3.5061393005e+01   -9.6752385791e+00    3.7588932917e+00    7.7454524605e+00    7.0352107511e+00   -2.5269536779e+01    8.1363498877e-01    2.5238790000e+06    1.7254299563e+01    9.9996191452e-01
         1   -5.9197424318e+00    3.5100912656e+01   -9.6893001608e+00    3.7695577289e+00    7.7513663219e+00    7.0352107511e+00   -2.5321480083e+01    8.4560284942e-01    2.5168520000e+06    1.7059984976e+01    9.9996687276e-01
         2   -5.9254073808e+00    3.5166629236e+01   -9.6896327837e+00    3.7642254029e+00    7.7517282441e+00    7.0352107511e+00   -2.5268067456e+01    7.9149567675e-01    2.5280210000e+06    1.7365476586e+01    9.9996469670e-01
         3   -5.9223864702e+00    3.5129724367e+01   -9.6910687506e+00    3.7686822804e+00    7.7386193600e+00    7.0352107511e+00   -2.5248307352e+01    7.8340849032e-01    2.5302420000e+06    1.7765316498e+01    9.9996601190e-01
         4   -5.9228569185e+00    3.5139349855e+01   -9.6328082639e+00    3.7099513455e+00    7.7259976987e+00    7.0352107511e+00   -2.5222229365e+01    8.2821265136e-01    2.5342640000e+06    1.7119382532e+01    9.9996606648e-01
         5   -5.9202030387e+00    3.5103682271e+01   -9.6624440386e+00    3.7422410000e+00    7.7415727600e+00    7.0352107511e+00   -2.5221572168e+01    7.8234461811e-01    2.5060460000e+06    1.7213732234e+01    9.9996558399e-01
         6   -5.9225017432e+00    3.5130815973e+01   -9.6623339621e+00    3.7398322189e+00    7.7287576084e+00    7.0352107511e+00   -2.5244543502e+01    8.1824118086e-01    2.5216800000e+06    1.7350438222e+01    9.9996594516e-01
         7   -5.9229017280e+00    3.5136384904e+01   -9.6250850514e+00    3.7021833233e+00    7.7110608216e+00    7.0352107511e+00   -2.5161989304e+01    7.9063267941e-01    2.5198980000e+06    1.7283419941e+01    9.9996612013e-01
         8   -5.9233960314e+00    3.5141460459e+01   -9.6535693118e+00    3.7301732805e+00    7.7070120395e+00    7.0352107511e+00   -2.5161700183e+01    7.6590808031e-01    2.5267430000e+06    1.7366998577e+01    9.9996438230e-01
         9   -5.9205323194e+00    3.5106841379e+01   -9.6874826595e+00    3.7669503401e+00    7.7191350097e+00    7.0352107511e+00   -2.5225261059e+01    7.8343263866e-01    2.5229850000e+06    1.7399612161e+01    9.9996418026e-01
        10   -5.9217979844e+00    3.5124570951e+01   -9.6810984965e+00    3.7593005120e+00    7.6970003629e+00    7.0352107511e+00   -2.5203638651e+01    7.9032904060e-01    2.5248110000e+06    1.7033131005e+01    9.9996281923e-01
        11   -5.9254465509e+00    3.5165304452e+01   -9.6763310450e+00    3.7508844941e+00    7.6980714846e+00    7.0352107511e+00   -2.5178389168e+01    7.6877588763e-01    2.5129860000e+06    1.6887222055e+01    9.9996453471e-01
        12   -5.9206718965e+00    3.5108989701e+01   -9.6573481573e+00    3.7366762608e+00    7.6983843749e+00    7.0352107511e+00   -2.5147656036e+01    7.5671275286e-01    2.5060840000e+06    1.6963486439e+01    9.9996488499e-01
        13   -5.9260630519e+00    3.5173487972e+01   -9.6682639467e+00    3.7422008948e+00    7.7000141218e+00    7.0352107511e+00   -2.5162225493e+01    7.5873667378e-01    2.5326640000e+06    1.7517671449e+01    9.9996332917e-01
        14   -5.9225286485e+00    3.5131278443e+01   -9.6673142235e+00    3.7447855750e+00    7.6822813917e+00    7.0352107511e+00   -2.5151118500e+01    7.6631213411e-01    2.5431570000e+06    1.7331121493e+01    9.9996357788e-01
        15   -5.9251159540e+00    3.5163096867e+01   -9.7004874576e+00    3.7753715036e+00    7.7283118554e+00    7.0352107511e+00   -2.5231578668e+01    7.6756860427e-01    2.5396010000e+06    1.7475267154e+01    9.9996500423e-01
        16   -5.9230170662e+00    3.5138503934e+01   -9.6524319715e+00    3.7294149053e+00    7.7160608829e+00    7.0352107511e+00   -2.5163962806e+01    7.6025920007e-01    2.5216180000e+06    1.7346090095e+01    9.9996306798e-01
        17   -5.9257328445e+00    3.5166704971e+01   -9.6165303321e+00    3.6907974876e+00    7.6971319771e+00    7.0352107511e+00   -2.5128510790e+01    7.7963773013e-01    2.5124370000e+06    1.7291474245e+01    9.9996243736e-01
        18   -5.9243005519e+00    3.5153622764e+01   -9.6891252332e+00    3.7648246813e+00    7.7304540991e+00    7.0352107511e+00   -2.5293966322e+01    8.3917623845e-01    2.5238330000e+06    1.7294854342e+01    9.9996409297e-01
        19   -5.9282305415e+00    3.5201126128e+01   -9.6665587467e+00    3.7383282052e+00    7.7314012808e+00    7.0352107511e+00   -2.5242270158e+01    8.0909937946e-01    2.5324330000e+06    1.7385134786e+01    9.9996623920e-01
        20   -5.9222317609e+00    3.5128583823e+01   -9.6981656814e+00    3.7759339205e+00    7.7520420726e+00    7.0352107511e+00   -2.5300791810e+01    8.1537330475e-01    2.5247070000e+06    1.7405236662e+01    9.9996187876e-01
        21   -5.9182444151e+00    3.5084314934e+01   -9.7013823415e+00    3.7831379264e+00    7.7555982176e+00    7.0352107511e+00   -2.5325800490e+01    8.3360918009e-01    2.5186530000e+06    1.7238765838e+01    9.9996297378e-01
        22   -5.9223910098e+00    3.5127622040e+01   -9.7124161060e+00    3.7900250962e+00    7.7216269502e+00    7.0352107511e+00   -2.5251784023e+01    7.8253021541e-01    2.5382880000e+06    1.7441323230e+01    9.9996217880e-01
        23   -5.9222795657e+00    3.5125859833e+01   -9.6536530741e+00    3.7313735084e+00    7.7298985292e+00    7.0352107511e+00   -2.5216019171e+01    7.9725681654e-01    2.5439970000e+06    1.7183069958e+01    9.9996206956e-01
        24   -5.9203740598e+00    3.5106644309e+01   -9.6800881187e+00    3.7597140589e+00    7.7358702924e+00    7.0352107511e+00   -2.5246000233e+01    7.9483107073e-01    2.5273410000e+06    1.7463249579e+01    9.9996557759e-01
        25   -5.9258737307e+00    3.5169616837e+01   -9.7069883982e+00    3.7811146675e+00    7.7165350974e+00    7.0352107511e+00   -2.5240624874e+01    7.8189062723e-01    2.5139880000e+06    1.7208747723e+01    9.9996509638e-01
        26   -5.9262838585e+00    3.5179871981e+01   -9.6751287003e+00    3.7488448418e+00    7.7401501116e+00    7.0352107511e+00   -2.5261506619e+01    8.1101705619e-01    2.5020910000e+06    1.6949740492e+01    9.9996498146e-01
        27   -5.9206581487e+00    3.5110033026e+01   -9.6775540413e+00    3.7568958925e+00    7.7367747663e+00    7.0352107511e+00   -2.5226903537e+01    7.7736397821e-01    2.5024610000e+06    1.7165998423e+01    9.9996288680e-01
        28   -5.9268863389e+00    3.5183204937e+01   -9.7042229046e+00    3.7773365656e+00    7.7231748942e+00    7.0352107511e+00   -2.5243246186e+01    7.8063763571e-01    2.5263840000e+06    1.7645420404e+01    9.9996412703e-01
        29   -5.9256373643e+00    3.5164721794e+01   -9.7016716181e+00    3.7760342538e+00    7.7279093521e+00    7.0352107511e+00   -2.5219093305e+01    7.5430158371e-01    2.5347170000e+06    1.7738385559e+01    9.9996483758e-01
        30   -5.9230786030e+00    3.5137568562e+01   -9.6996322949e+00    3.7765536918e+00    7.6930518480e+00    7.0352107511e+00   -2.5197223364e+01    7.6932847057e-01    2.5440530000e+06    1.7509705776e+01    9.9996447755e-01
        31   -5.9248601921e+00    3.5163979681e+01   -9.6805292011e+00    3.7556690090e+00    7.6978910219e+00    7.0352107511e+00   -2.5207065059e+01    7.9343408520e-01    2.5187410000e+06    1.7173123007e+01    9.9996436816e-01
        32   -5.9223679982e+00    3.5131281845e+01   -9.7084855948e+00    3.7861175966e+00    7.7253751706e+00    7.0352107511e+00   -2.5275290756e+01    8.0621923971e-01    2.5235450000e+06    1.7140785870e+01    9.9996339282e-01
        33   -5.9228635388e+00    3.5138040683e+01   -9.7073079464e+00    3.7844444076e+00    7.7290944307e+00    7.0352107511e+00   -2.5282886745e+01    8.1127361644e-01    2.5251130000e+06    1.7508963235e+01    9.9996470447e-01
        34   -5.9212408628e+00    3.5115935741e+01   -9.6597179262e+00    3.7384770634e+00    7.7068264955e+00    7.0352107511e+00   -2.5184845997e+01    7.8309082468e-01    2.5092090000e+06    1.7082302693e+01    9.9996363458e-01
        35   -5.9217882406e+00    3.5125049751e+01   -9.6582980576e+00    3.7365098170e+00    7.7036370401e+00    7.0352107511e+00   -2.5194388548e+01    7.9724269936e-01    2.5120650000e+06    1.7010435811e+01    9.9996282885e-01
        36   -5.9211513815e+00    3.5117824605e+01   -9.6563744345e+00    3.7352230530e+00    7.7142775082e+00    7.0352107511e+00   -2.5195968346e+01    7.9010565211e-01    2.5029970000e+06    1.7176987664e+01    9.9996619100e-01
        37   -5.9218705447e+00    3.5127705847e+01   -9.6683750064e+00    3.7465044617e+00    7.7161072651e+00    7.0352107511e+00   -2.5208925999e+01    7.8923297614e-01    2.5149480000e+06    1.7222272866e+01    9.9996411456e-01
        38   -5.9223110586e+00    3.5130238986e+01   -9.6474794082e+00    3.7251683496e+00    7.6915900192e+00    7.0352107511e+00   -2.5151481368e+01    7.7720118911e-01    2.5069700000e+06    1.7055258731e+01    9.9996345183e-01
        39   -5.9221170672e+00    3.5128170517e+01   -9.6318130664e+00    3.7096959992e+00    7.7097813157e+00    7.0352107511e+00   -2.5146608835e+01    7.6980370123e-01    2.5314560000e+06    1.7306861490e+01    9.9996494185e-01
        40   -5.9262681154e+00    3.5180117640e+01   -9.6836558620e+00    3.7573877466e+00    7.7078294512e+00    7.0352107511e+00   -2.5201958733e+01    7.7526266872e-01    2.5256150000e+06    1.7207292388e+01    9.9996376998e-01
        41   -5.9227815616e+00    3.5134341130e+01   -9.7164855024e+00    3.7937039409e+00    7.7408715744e+00    7.0352107511e+00   -2.5275550768e+01    7.8298293983e-01    2.5322580000e+06    1.7126214604e+01    9.9996223795e-01
        42   -5.9223213732e+00    3.5130420303e+01   -9.6740028809e+00    3.7516815077e+00    7.7190258172e+00    7.0352107511e+00   -2.5215197028e+01    7.8695757892e-01    2.5265060000e+06    1.7221854860e+01    9.9996170406e-01
        43   -5.9272126170e+00    3.5190129978e+01   -9.6649428928e+00    3.7377302758e+00    7.7129714265e+00    7.0352107512e+00   -2.5173123400e+01    7.5999832964e-01    2.5503240000e+06    1.7464956698e+01    9.9996598429e-01
        44   -5.9225554216e+00    3.5128419606e+01   -9.6858513829e+00    3.7632959613e+00    7.7214950247e+00    7.0352107511e+00   -2.5209534894e+01    7.6697773491e-01    2.5515480000e+06    1.7935293535e+01    9.9996340245e-01
        45   -5.9182432198e+00    3.5079923353e+01   -9.7268311068e+00    3.8085878870e+00    7.7360605538e+00    7.0352107511e+00   -2.5297684055e+01    7.9958164281e-01    2.5136100000e+06    1.7285252871e+01    9.9996613413e-01
        46   -5.9234695208e+00    3.5143425450e+01   -9.7061671563e+00    3.7826976355e+00    7.7588911611e+00    7.0352107511e+00   -2.5262157201e+01    7.6188813274e-01    2.5197330000e+06    1.7360901102e+01    9.9996284426e-01
        47   -5.9154075922e+00    3.5049797890e+01   -9.6942878720e+00    3.7788802798e+00    7.7516555152e+00    7.0352107511e+00   -2.5287756180e+01    8.0660204141e-01    2.5209940000e+06    1.7215868570e+01    9.9996424981e-01
        48   -5.9188386482e+00    3.5085002412e+01   -9.6797826093e+00    3.7609439610e+00    7.7351469847e+00    7.0352107511e+00   -2.5208134056e+01    7.5799371121e-01    2.5121000000e+06    1.7238205706e+01    9.9996725751e-01
        49   -5.9244328254e+00    3.5151664365e+01   -9.6712958900e+00    3.7468630645e+00    7.7086105905e+00    7.0352107511e+00   -2.5181887876e+01    7.6677064487e-01    2.5287280000e+06    1.7496617671e+01    9.9996549761e-01
        50   -5.9197137066e+00    3.5097989501e+01   -9.6620278540e+00    3.7423141474e+00    7.7065109095e+00    7.0352107511e+00   -2.5196633341e+01    7.9288382668e-01    2.5332210000e+06    1.7534814721e+01    9.9996619783e-01
        51   -5.9232395180e+00    3.5140482808e+01   -9.6521297492e+00    3.7288902312e+00    7.7130942450e+00    7.0352107511e+00   -2.5160958191e+01    7.6052344613e-01    2.5040160000e+06    1.7078321538e+01    9.9996271123e-01
        52   -5.9203454890e+00    3.5114055503e+01   -9.6955664540e+00    3.7752209650e+00    7.7229560991e+00    7.0352107511e+00   -2.5261714577e+01    8.0798127319e-01    2.5009670000e+06    1.7495922988e+01    9.9996521317e-01
        53   -5.9232764666e+00    3.5141561711e+01   -9.6742504462e+00    3.7509739795e+00    7.7231710517e+00    7.0352107511e+00   -2.5224944108e+01    7.9231185904e-01    2.5095580000e+06    1.7157183551e+01    9.9996508330e-01
        54   -5.9219909230e+00    3.5124691133e+01   -9.6831409355e+00    3.7611500126e+00    7.7087818270e+00    7.0352107511e+00   -2.5175444234e+01    7.4831072053e-01    2.5127590000e+06    1.7074934442e+01    9.9996268836e-01
        55   -5.9246894961e+00    3.5155631706e+01   -9.6739820445e+00    3.7492925485e+00    7.7210326772e+00    7.0352107511e+00   -2.5208338247e+01    7.7811277369e-01    2.5162830000e+06    1.7340564924e+01    9.9996582351e-01
        56   -5.9206688996e+00    3.5111249958e+01   -9.6715202793e+00    3.7508513797e+00    7.7135341399e+00    7.0352107511e+00   -2.5221937460e+01    8.0167228956e-01    2.5143970000e+06    1.7254832425e+01    9.9996375694e-01
        57   -5.9212118592e+00    3.5113909033e+01   -9.6348205454e+00    3.7136086862e+00    7.7057552345e+00    7.0352107511e+00   -2.5149632535e+01    7.7384600360e-01    2.5264910000e+06    1.7320473397e+01    9.9996477046e-01
        58   -5.9236520546e+00    3.5148048633e+01   -9.6670742286e+00    3.7434221740e+00    7.7242523722e+00    7.0352107511e+00   -2.5213644196e+01    7.8710684431e-01    2.5275850000e+06    1.7790837282e+01    9.9996340114e-01
        59   -5.9201791919e+00    3.5104565879e+01   -9.6667126796e+00    3.7465334877e+00    7.7165339012e+00    7.0352107511e+00   -2.5213550827e+01    7.9509349507e-01    2.5169170000e+06    1.7553827373e+01    9.9996438943e-01
        60   -5.9230701671e+00    3.5138898213e+01   -9.6406730708e+00    3.7176029036e+00    7.7128811694e+00    7.0352107511e+00   -2.5178715689e+01    7.8995069729e-01    2.5140700000e+06    1.7309028723e+01    9.9996037288e-01
        61   -5.9207104185e+00    3.5110536310e+01   -9.6298796482e+00    3.7091692296e+00    7.7166248896e+00    7.0352107511e+00   -2.5138929970e+01    7.5721468066e-01    2.5097440000e+06    1.7139795446e+01    9.9996488674e-01
        62   -5.9155149246e+00    3.5051339358e+01   -9.6830913009e+00    3.7675763763e+00    7.7369087209e+00    7.0352107511e+00   -2.5255314953e+01    8.0010418063e-01    2.5370910000e+06    1.7487400332e+01    9.9996225881e-01
        63   -5.9194417902e+00    3.5094600014e+01   -9.6989328751e+00    3.7794910849e+00    7.7162520726e+00    7.0352107511e+00   -2.5232485961e+01    7.8209026197e-01    2.5272200000e+06    1.7525985347e+01    9.9996310190e-01
        64   -5.9187272509e+00    3.5086932046e+01   -9.6925516502e+00    3.7738243992e+00    7.6953312724e+00    7.0352107511e+00   -2.5198144899e+01    7.7505122574e-01    2.5120590000e+06    1.6959248542e+01    9.9996447351e-01
        65   -5.9195161207e+00    3.5097334575e+01   -9.6838671293e+00    3.7643510087e+00    7.7069585986e+00    7.0352107512e+00   -2.5211648253e+01    7.8561177424e-01    2.4978710000e+06    1.7090221743e+01    9.9996452017e-01
        66   -5.9257380557e+00    3.5170033198e+01   -9.6992722969e+00    3.7735342412e+00    7.7145854137e+00    7.0352107511e+00   -2.5258133930e+01    8.0906546783e-01    2.5341140000e+06    1.7526770574e+01    9.9996280849e-01
        67   -5.9199418861e+00    3.5102203045e+01   -9.7029825782e+00    3.7830406921e+00    7.7100244390e+00    7.0352107511e+00   -2.5236944798e+01    7.8872702970e-01    2.5408980000e+06    1.7927443908e+01    9.9996595596e-01
        68   -5.9210912812e+00    3.5118305399e+01   -9.6876065677e+00    3.7665152865e+00    7.7022822454e+00    7.0352107511e+00   -2.5223315645e+01    7.9821608029e-01    2.5288970000e+06    1.7294695400e+01    9.9996450869e-01
        69   -5.9240704780e+00    3.5149960522e+01   -9.6696574661e+00    3.7455869881e+00    7.7043941766e+00    7.0352107511e+00   -2.5169265914e+01    7.6000351984e-01    2.5204120000e+06    1.7259536731e+01    9.9996255508e-01
        70   -5.9250880290e+00    3.5163466613e+01   -9.6506377544e+00    3.7255497254e+00    7.7052172773e+00    7.0352107512e+00   -2.5192227923e+01    8.0116214023e-01    2.5213230000e+06    1.7303714140e+01    9.9996182687e-01
        71   -5.9210306613e+00    3.5117879884e+01   -9.6864458373e+00    3.7654151759e+00    7.6918973157e+00    7.0352107511e+00   -2.5195830687e+01    7.8227678255e-01    2.5196120000e+06    1.7061148285e+01    9.9996601620e-01
        72   -5.9213614175e+00    3.5118497917e+01   -9.6425479320e+00    3.7211865145e+00    7.7127865592e+00    7.0352107511e+00   -2.5178493922e+01    7.8794867958e-01    2.5095280000e+06    1.7094535041e+01    9.9996657675e-01
        73   -5.9238143179e+00    3.5146022133e+01   -9.6970670964e+00    3.7732527785e+00    7.7141779886e+00    7.0352107511e+00   -2.5230748706e+01    7.8429286942e-01    2.5089760000e+06    1.7090816610e+01    9.9996089206e-01
        74   -5.9266811455e+00    3.5182421971e+01   -9.7481174450e+00    3.8214362994e+00    7.7297001241e+00    7.0352107511e+00   -2.5315715728e+01    8.0268740822e-01    2.5176730000e+06    1.7195935734e+01    9.9996340859e-01
        75   -5.9290800890e+00    3.5214660623e+01   -9.7097979574e+00    3.7807178683e+00    7.7162497660e+00    7.0352107511e+00   -2.5256215711e+01    7.9495723632e-01    2.5372460000e+06    1.7522188076e+01    9.9996438167e-01
        76   -5.9266272366e+00    3.5180906929e+01   -9.6955702448e+00    3.7689430082e+00    7.7087559707e+00    7.0352107511e+00   -2.5213644705e+01    7.7410773822e-01    2.5426480000e+06    1.7166595251e+01    9.9996420881e-01
        77   -5.9243322984e+00    3.5156085545e+01   -9.6695271305e+00    3.7451948321e+00    7.7328807663e+00    7.0352107511e+00   -2.5233311140e+01    7.9569249157e-01    2.5479320000e+06    1.7430561166e+01    9.9996423604e-01
        78   -5.9223341628e+00    3.5133317876e+01   -9.6772638610e+00    3.7549296982e+00    7.7405312944e+00    7.0352107511e+00   -2.5259734460e+01    8.0672855397e-01    2.5481710000e+06    1.7918642903e+01    9.9996360026e-01
        79   -5.9195282814e+00    3.5092533062e+01   -9.7504041214e+00    3.8308758400e+00    7.7107446963e+00    7.0352107511e+00   -2.5236250176e+01    7.3989060759e-01    2.5349840000e+06    1.7384602559e+01    9.9996410086e-01
        80   -5.9246263705e+00    3.5157614624e+01   -9.6818745951e+00    3.7572482247e+00    7.6907763723e+00    7.0352107511e+00   -2.5190601628e+01    7.8273990910e-01    2.5288490000e+06    1.7437138561e+01    9.9996159257e-01
        81   -5.9265930666e+00    3.5180929683e+01   -9.6567745170e+00    3.7301814504e+00    7.6905798062e+00    7.0352107511e+00   -2.5153896732e+01    7.7133165782e-01    2.5403920000e+06    1.7376821570e+01    9.9996265318e-01
        82   -5.9244384110e+00    3.5157245554e+01   -9.6768066207e+00    3.7523682097e+00    7.7164963422e+00    7.0352107511e+00   -2.5223587209e+01    7.9507349458e-01    2.5465310000e+06    1.7695665533e+01    9.9996342918e-01
        83   -5.9243243024e+00    3.5156354317e+01   -9.6769475553e+00    3.7526232530e+00    7.6928577260e+00    7.0352107511e+00   -2.5196277188e+01    7.9126115574e-01    2.5350220000e+06    1.7256518118e+01    9.9996213077e-01
        84   -5.9236011146e+00    3.5141772805e+01   -9.7226248490e+00    3.7990237344e+00    7.6908348184e+00    7.0352107511e+00   -2.5195933567e+01    7.4726314897e-01    2.5432580000e+06    1.7650863182e+01    9.9996451355e-01
        85   -5.9238791638e+00    3.5150939966e+01   -9.6807498426e+00    3.7568706788e+00    7.7032545874e+00    7.0352107511e+00   -2.5230010614e+01    8.1079543306e-01    2.5456530000e+06    1.7654908246e+01    9.9996597211e-01
        86   -5.9262597459e+00    3.5177723004e+01   -9.6589463372e+00    3.7326865913e+00    7.7187390520e+00    7.0352107511e+00   -2.5233709630e+01    8.2081349010e-01    2.5274710000e+06    1.7182797036e+01    9.9996196835e-01
        87   -5.9253609673e+00    3.5168436963e+01   -9.6659185177e+00    3.7405575504e+00    7.7241530077e+00    7.0352107511e+00   -2.5249398982e+01    8.2411670511e-01    2.5282800000e+06    1.7433958173e+01    9.9996618295e-01
        88   -5.9278006267e+00    3.5193502693e+01   -9.6735058727e+00    3.7457052460e+00    7.7107714700e+00    7.0352107511e+00   -2.5212524448e+01    7.9303635463e-01    2.5419230000e+06    1.7510199410e+01    9.9996606997e-01
        89   -5.9217047323e+00    3.5122482890e+01   -9.6652658459e+00    3.7435611137e+00    7.6905815585e+00    7.0352107511e+00   -2.5193575054e+01    8.0251689896e-01    2.5411960000e+06    1.7232367681e+01    9.9996074781e-01
        90   -5.9251976004e+00    3.5161901923e+01   -9.6736868144e+00    3.7484892140e+00    7.6746940894e+00    7.0352107511e+00   -2.5132782260e+01    7.4919060537e-01    2.5230600000e+06    1.7121224885e+01    9.9996358542e-01
        91   -5.9231312336e+00    3.5137254856e+01   -9.6600989590e+00    3.7369677254e+00    7.6786156423e+00    7.0352107511e+00   -2.5125195885e+01    7.5127053287e-01    2.5154690000e+06    1.6900031280e+01    9.9996193529e-01
        92   -5.9223525011e+00    3.5127350099e+01   -9.6892930644e+00    3.7669405633e+00    7.7094494753e+00    7.0352107511e+00   -2.5198331054e+01    7.6437776276e-01    2.5263370000e+06    1.7375220301e+01    9.9996491942e-01
        93   -5.9256388684e+00    3.5169457158e+01   -9.6805271793e+00    3.7548883109e+00    7.7110863406e+00    7.0352107511e+00   -2.5229344393e+01    8.0252012153e-01    2.5227030000e+06    1.7149985310e+01    9.9996476873e-01
        94   -5.9246767176e+00    3.5157412435e+01   -9.6518782346e+00    3.7272015169e+00    7.7192475522e+00    7.0352107511e+00   -2.5203306437e+01    7.9696989865e-01    2.5353590000e+06    1.7660387909e+01    9.9996110026e-01
        95   -5.9238782208e+00    3.5147410493e+01   -9.6505864751e+00    3.7267082543e+00    7.7205343651e+00    7.0352107511e+00   -2.5187176859e+01    7.8084526716e-01    2.5184120000e+06    1.7123624098e+01    9.9996436200e-01
        96   -5.9217597457e+00    3.5119578602e+01   -9.7465326907e+00    3.8247729450e+00    7.7348062008e+00    7.0352107511e+00   -2.5273235888e+01    7.5668624549e-01    2.4995960000e+06    1.7113473360e+01    9.9996549381e-01
        97   -5.9217381820e+00    3.5121757276e+01   -9.7020232450e+00    3.7802850630e+00    7.7184249719e+00    7.0352107511e+00   -2.5257168642e+01    8.0150967426e-01    2.5087080000e+06    1.7079349508e+01    9.9996272958e-01
        98   -5.9230210876e+00    3.5144378007e+01   -9.6678312105e+00    3.7448101228e+00    7.7055482035e+00    7.0352107511e+00   -2.5222048044e+01    8.1345787888e-01    2.5282380000e+06    1.7383726934e+01    9.9996301796e-01
        99   -5.9263086267e+00    3.5173349534e+01   -9.6585289068e+00    3.7322202801e+00    7.7202384407e+00    7.0352107511e+00   -2.5200129872e+01    7.8615177300e-01    2.5315750000e+06    1.7702514034e+01    9.9996479689e-01
       100   -5.9216492031e+00    3.5120974927e+01   -9.6706396618e+00    3.7489904587e+00    7.7455905191e+00    7.0352107511e+00   -2.5248261013e+01    7.9682008138e-01    2.5148220000e+06    1.7244229904e+01    9.9996525590e-01
       101   -5.9179234933e+00    3.5075147383e+01   -9.6994555756e+00    3.7815320823e+00    7.7444978073e+00    7.0352107511e+00   -2.5243445271e+01    7.6428113731e-01    2.5290070000e+06    1.7768363002e+01    9.9996515369e-01
       102   -5.9213562769e+00    3.5117888611e+01   -9.6938757984e+00    3.7725195215e+00    7.7279950662e+00    7.0352107511e+00   -2.5245546743e+01    7.8846512779e-01    2.5142040000e+06    1.7116028276e+01    9.9996310836e-01
       103   -5.9236393650e+00    3.5148189079e+01   -9.6929391404e+00    3.7692997755e+00    7.7153438315e+00    7.0352107512e+00   -2.5211468513e+01    7.6797478962e-01    2.5163400000e+06    1.7160841574e+01    9.9996274264e-01
       104   -5.9254166976e+00    3.5163094978e+01   -9.7185979852e+00    3.7931812876e+00    7.7334681223e+00    7.0352107511e+00   -2.5275893656e+01    7.8861679745e-01    2.5159240000e+06    1.7506963018e+01    9.9996705902e-01
       105   -5.9267884015e+00    3.5181535848e+01   -9.7259798602e+00    3.7991914586e+00    7.7373475582e+00    7.0352107511e+00   -2.5287129060e+01    7.8859089032e-01    2.5220810000e+06    1.7575355905e+01    9.9996357032e-01
       106   -5.9218507573e+00    3.5125721035e+01   -9.6964816309e+00    3.7746308736e+00    7.7322433350e+00    7.0352107511e+00   -2.5265275413e+01    8.0133969597e-01    2.5400920000e+06    1.7510054742e+01    9.9996368174e-01
       107   -5.9245916803e+00    3.5156082339e+01   -9.7175993226e+00    3.7930076423e+00    7.7090126899e+00    7.0352107511e+00   -2.5226143910e+01    7.6432114586e-01    2.5275510000e+06    1.7550332663e+01    9.9996419479e-01
       108   -5.9246677384e+00    3.5161833191e+01   -9.6916259559e+00    3.7669582175e+00    7.7358869253e+00    7.0352107511e+00   -2.5266084523e+01    8.0336089056e-01    2.5176300000e+06    1.7500102222e+01    9.9996380649e-01
       109   -5.9269036739e+00    3.5180847617e+01   -9.7201772568e+00    3.7932735828e+00    7.7344971683e+00    7.0352107511e+00   -2.5237706707e+01    7.4782153057e-01    2.5232620000e+06    1.7469716929e+01    9.9996571801e-01
       110   -5.9215682118e+00    3.5119995623e+01   -9.7321425837e+00    3.8105743719e+00    7.7525667884e+00    7.0352107511e+00   -2.5297715056e+01    7.7779493272e-01    2.5171770000e+06    1.7217065946e+01    9.9996181110e-01
       111   -5.9224178237e+00    3.5130964678e+01   -9.6774761117e+00    3.7550582880e+00    7.7179249131e+00    7.0352107511e+00   -2.5208704163e+01    7.7809238681e-01    2.5248460000e+06    1.7275550654e+01    9.9996400658e-01
       112   -5.9259607980e+00    3.5173153425e+01   -9.6836107030e+00    3.7576499050e+00    7.7191276645e+00    7.0352107511e+00   -2.5178051077e+01    7.4010195837e-01    2.5335240000e+06    1.7331807882e+01    9.9996418144e-01
       113   -5.9235607560e+00    3.5145065275e+01   -9.6657992798e+00    3.7422385238e+00    7.7252593666e+00    7.0352107511e+00   -2.5186162777e+01    7.5989337911e-01    2.5180700000e+06    1.6973827486e+01    9.9996465446e-01
       114   -5.9280224262e+00    3.5202290305e+01   -9.6534491846e+00    3.7254267584e+00    7.7324628722e+00    7.0352107511e+00   -2.5213761088e+01    7.9263828052e-01    2.5159310000e+06    1.7226418858e+01    9.9996477462e-01
       115   -5.9300865823e+00    3.5219317971e+01   -9.6550514791e+00    3.7249648968e+00    7.7296410907e+00    7.0352107511e+00   -2.5197573722e+01    7.7767040117e-01    2.5241280000e+06    1.7189901395e+01    9.9996246167e-01
       116   -5.9231220210e+00    3.5137966018e+01   -9.6841059703e+00    3.7609839494e+00    7.7295070604e+00    7.0352107511e+00   -2.5234656806e+01    7.8583302456e-01    2.5310670000e+06    1.7585191909e+01    9.9996538270e-01
       117   -5.9233674044e+00    3.5140589323e+01   -9.6361490301e+00    3.7127816256e+00    7.7362409436e+00    7.0352107511e+00   -2.5201260031e+01    7.9365930605e-01    2.5213160000e+06    1.7456153597e+01    9.9996509970e-01
       118   -5.9259985837e+00    3.5175711073e+01   -9.6570945908e+00    3.7310960071e+00    7.7270990475e+00    7.0352107511e+00   -2.5242986510e+01    8.2358212101e-01    2.5189400000e+06    1.7430576179e+01    9.9996357774e-01
       119   -5.9223783072e+00    3.5128555780e+01   -9.7169704047e+00    3.7945920975e+00    7.7390534748e+00    7.0352107512e+00   -2.5286327656e+01    7.9509302514e-01    2.5194100000e+06    1.7228823133e+01    9.9996358250e-01
       120   -5.9229631664e+00    3.5134277047e+01   -9.6708673908e+00    3.7479042244e+00    7.7180491260e+00    7.0352107511e+00   -2.5191173683e+01    7.6704641488e-01    2.5400270000e+06    1.7612774491e+01    9.9996161488e-01
       121   -5.9248510677e+00    3.5163810268e+01   -9.6803441413e+00    3.7554930737e+00    7.7367293159e+00    7.0352107511e+00   -2.5252857419e+01    8.0057321049e-01    2.5332590000e+06    1.7566881575e+01    9.9996299351e-01
       122   -5.9226350439e+00    3.5135761422e+01   -9.6619141764e+00    3.7392791325e+00    7.7284751763e+00    7.0352107511e+00   -2.5223855071e+01    7.9825496714e-01    2.5310800000e+06    1.7558075942e+01    9.9996217209e-01
       123   -5.9270925856e+00    3.5188149063e+01   -9.6736920232e+00    3.7465994376e+00    7.7215434841e+00    7.0352107511e+00   -2.5213953323e+01    7.8350706466e-01    2.5337170000e+06    1.7435366054e+01    9.9995890304e-01
       124   -5.9234884748e+00    3.5149839910e+01   -9.7150635080e+00    3.7915750332e+00    7.7234167011e+00    7.0352107511e+00   -2.5245636095e+01    7.7194513524e-01    2.5307910000e+06    1.7664955095e+01    9.9996221362e-01
       125   -5.9275251344e+00    3.5193535814e+01   -9.6925713212e+00    3.7650461868e+00    7.7343603709e+00    7.0352107511e+00   -2.5250921430e+01    7.8877898677e-01    2.5026770000e+06    1.7159354091e+01    9.9996363910e-01
       126   -5.9224417530e+00    3.5130594430e+01   -9.6461727859e+00    3.7237310329e+00    7.7096146407e+00    7.0352107511e+00   -2.5179719270e+01    7.8872109226e-01    2.5139430000e+06    1.7279152035e+01    9.9996106698e-01
       127   -5.9216229016e+00    3.5121491335e+01   -9.6955249577e+00    3.7739020561e+00    7.7368724991e+00    7.0352107511e+00   -2.5262333021e+01    7.9472481356e-01    2.5170200000e+06    1.7054097843e+01    9.9996359612e-01
       128   -5.9228413812e+00    3.5137941779e+01   -9.6934251237e+00    3.7705837425e+00    7.7474006110e+00    7.0352107511e+00   -2.5276387749e+01    8.0035126306e-01    2.5222690000e+06    1.7253401027e+01    9.9996412072e-01
       129   -5.9256792272e+00    3.5168326356e+01   -9.7026287608e+00    3.7769495336e+00    7.7283714962e+00    7.0352107511e+00   -2.5242961295e+01    7.7675028646e-01    2.5437900000e+06    1.7369382705e+01    9.9996481353e-01
       130   -5.9267514543e+00    3.5186346021e+01   -9.6438561525e+00    3.7171046983e+00    7.7155121238e+00    7.0352107511e+00   -2.5203734128e+01    8.0915510037e-01    2.5510760000e+06    1.7671807058e+01    9.9996324894e-01
       131   -5.9265801945e+00    3.5184165714e+01   -9.6705599010e+00    3.7439797065e+00    7.6880944408e+00    7.0352107511e+00   -2.5189643914e+01    7.9577882109e-01    2.5353060000e+06    1.7332388772e+01    9.9996366604e-01
       132   -5.9206579240e+00    3.5110789844e+01   -9.6675388612e+00    3.7468809372e+00    7.6937553762e+00    7.0352107511e+00   -2.5197899323e+01    8.0139433472e-01    2.5288430000e+06    1.7315557594e+01    9.9996282643e-01
       133   -5.9226304952e+00    3.5131788800e+01   -9.6979859077e+00    3.7753554125e+00    7.6999397619e+00    7.0352107511e+00   -2.5211753860e+01    7.7861743976e-01    2.5033330000e+06    1.6805142546e+01    9.9996494759e-01
       134   -5.9238123292e+00    3.5146548632e+01   -9.7105882414e+00    3.7867759122e+00    7.7010531186e+00    7.0352107511e+00   -2.5223787876e+01    7.7693576477e-01    2.5108020000e+06    1.6944767343e+01    9.9996176436e-01
       135   -5.9190378878e+00    3.5090028963e+01   -9.6919507350e+00    3.7729128472e+00    7.7012835574e+00    7.0352107511e+00   -2.5242598501e+01    8.1415345787e-01    2.5098350000e+06    1.7185853129e+01    9.9996463717e-01
       136   -5.9228017374e+00    3.5135150453e+01   -9.6674517684e+00    3.7446500310e+00    7.7028073270e+00    7.0352107511e+00   -2.5211679549e+01    8.0620970248e-01    2.5118520000e+06    1.7293286509e+01    9.9996068551e-01
       137   -5.9243567751e+00    3.5150508532e+01   -9.7182658318e+00    3.7939090568e+00    7.7200624553e+00    7.0352107511e+00   -2.5250638433e+01    7.7709939510e-01    2.5205590000e+06    1.7275700385e+01    9.9996429221e-01
       138   -5.9234214532e+00    3.5145953824e+01   -9.7105660362e+00    3.7871445830e+00    7.7144658759e+00    7.0352107511e+00   -2.5258274669e+01    7.9803200620e-01    2.4955580000e+06    1.7182970566e+01    9.9996388519e-01
       139   -5.9308341467e+00    3.5234096312e+01   -9.7552932845e+00    3.8244591378e+00    7.7236704857e+00    7.0352107511e+00   -2.5324959855e+01    8.1078533386e-01    2.5167300000e+06    1.7182499156e+01    9.9996433789e-01
       140   -5.9232463543e+00    3.5144861008e+01   -9.6888223278e+00    3.7655759735e+00    7.7129186387e+00    7.0352107511e+00   -2.5251480432e+01    8.1452871492e-01    2.5257590000e+06    1.7452557877e+01    9.9996292913e-01
       141   -5.9183955650e+00    3.5082347877e+01   -9.6737687915e+00    3.7553732265e+00    7.7227931487e+00    7.0352107511e+00   -2.5236455652e+01    8.0468296103e-01    2.5254600000e+06    1.7342228650e+01    9.9996183988e-01
       142   -5.9265206743e+00    3.5177141003e+01   -9.6891642653e+00    3.7626435910e+00    7.7172919135e+00    7.0352107511e+00   -2.5234572242e+01    7.9290531212e-01    2.5071720000e+06    1.7160254363e+01    9.9996424960e-01
       143   -5.9222743753e+00    3.5128879744e+01   -9.6546298121e+00    3.7323554368e+00    7.7167937437e+00    7.0352107511e+00   -2.5184288280e+01    7.7765397285e-01    2.5007770000e+06    1.7127311787e+01    9.9996341147e-01
       144   -5.9214528525e+00    3.5117917304e+01   -9.6764044022e+00    3.7549515498e+00    7.7079906498e+00    7.0352107511e+00   -2.5212784070e+01    7.9317826682e-01    2.5101780000e+06    1.7141334488e+01    9.9996310018e-01
       145   -5.9212346519e+00    3.5117631226e+01   -9.7257801421e+00    3.8045454902e+00    7.7098983276e+00    7.0352107511e+00   -2.5239262120e+01    7.6837289892e-01    2.5054270000e+06    1.6872301105e+01    9.9996382933e-01
       146   -5.9205759663e+00    3.5108129743e+01   -9.7135140553e+00    3.7929380890e+00    7.7156326095e+00    7.0352107511e+00   -2.5246281910e+01    7.8192449403e-01    2.4852820000e+06    1.6917493029e+01    9.9996252887e-01
       147   -5.9206366385e+00    3.5110646915e+01   -9.6623597993e+00    3.7417231608e+00    7.7052899861e+00    7.0352107511e+00   -2.5179739318e+01    7.7687878186e-01    2.4928820000e+06    1.7624440801e+01    9.9996379747e-01
       148   -5.9232782563e+00    3.5142286763e+01   -9.6828704390e+00    3.7595921827e+00    7.6936945822e+00    7.0352107511e+00   -2.5210765187e+01    7.9898941451e-01    2.5082090000e+06    1.6963390863e+01    9.9996352021e-01
       149   -5.9255359354e+00    3.5166560004e+01   -9.7010449160e+00    3.7755089806e+00    7.7095941165e+00    7.0352107512e+00   -2.5239216344e+01    7.9336656023e-01    2.5138400000e+06    1.7273644937e+01    9.9996380212e-01
       150   -5.9264952628e+00    3.5177851736e+01   -9.7221291770e+00    3.7956339142e+00    7.7275899213e+00    7.0352107511e+00   -2.5251837066e+01    7.6690721664e-01    2.5178160000e+06    1.7342224003e+01    9.9996460373e-01
       151   -5.9230520048e+00    3.5135431076e+01   -9.7128754721e+00    3.7898234674e+00    7.7130623456e+00    7.0352107511e+00   -2.5235475604e+01    7.7432703469e-01    2.4997600000e+06    1.7252930555e+01    9.9996234741e-01
       152   -5.9229711408e+00    3.5136784162e+01   -9.6568022626e+00    3.7338311218e+00    7.7324263025e+00    7.0352107511e+00   -2.5247876993e+01    8.2343767659e-01    2.5026030000e+06    1.7280598371e+01    9.9996378932e-01
       153   -5.9221381457e+00    3.5125475942e+01   -9.6639388075e+00    3.7418006618e+00    7.7192257195e+00    7.0352107511e+00   -2.5179443105e+01    7.6106782673e-01    2.4951600000e+06    1.7379269501e+01    9.9996222491e-01
       154   -5.9222258310e+00    3.5134212825e+01   -9.6300851303e+00    3.7078592992e+00    7.7029574311e+00    7.0352107511e+00   -2.5146433102e+01    7.7817978907e-01    2.5077490000e+06    1.6987711701e+01    9.9996425974e-01
       155   -5.9228777514e+00    3.5139050332e+01   -9.6885287073e+00    3.7656509559e+00    7.7431168365e+00    7.0352107511e+00   -2.5262580432e+01    7.9572413710e-01    2.5121440000e+06    1.7502059097e+01    9.9996203623e-01
       156   -5.9208470455e+00    3.5112620840e+01   -9.7085387663e+00    3.7876917208e+00    7.7286655198e+00    7.0352107511e+00   -2.5268834795e+01    7.9641975758e-01    2.5155690000e+06    1.7484089237e+01    9.9996044369e-01
       157   -5.9203444437e+00    3.5105689619e+01   -9.6942633927e+00    3.7739189490e+00    7.7423758556e+00    7.0352107511e+00   -2.5285361337e+01    8.1351133797e-01    2.5103510000e+06    1.7102056782e+01    9.9996395118e-01
       158   -5.9266309126e+00    3.5181590882e+01   -9.6781157347e+00    3.7514848221e+00    7.7273066334e+00    7.0352107512e+00   -2.5241819410e+01    8.0118629078e-01    2.5107640000e+06    1.7325212483e+01    9.9996286047e-01
       159   -5.9210797812e+00    3.5112859587e+01   -9.7140521122e+00    3.7929723311e+00    7.7294874921e+00    7.0352107511e+00   -2.5231440997e+01    7.5269064107e-01    2.5113950000e+06    1.6985062643e+01    9.9996491149e-01
       160   -5.9239825479e+00    3.5149854323e+01   -9.7061093367e+00    3.7821267888e+00    7.7172144256e+00    7.0352107511e+00   -2.5237041044e+01    7.7850653104e-01    2.5229180000e+06    1.7586376369e+01    9.9996343408e-01
       161   -5.9219454833e+00    3.5123746448e+01   -9.6774966223e+00    3.7555511390e+00    7.7310899816e+00    7.0352107511e+00   -2.5243543984e+01    7.9974662916e-01    2.5300800000e+06    1.7194957025e+01    9.9996517198e-01
       162   -5.9207217035e+00    3.5113535835e+01   -9.6381176203e+00    3.7173959167e+00    7.7028376601e+00    7.0352107511e+00   -2.5163923910e+01    7.8775787872e-01    2.5418990000e+06    1.7416381471e+01    9.9996395424e-01
       163   -5.9211983298e+00    3.5116728448e+01   -9.6605692889e+00    3.7393709591e+00    7.7121552627e+00    7.0352107511e+00   -2.5184599269e+01    7.7666396627e-01    2.5219470000e+06    1.7191299408e+01    9.9996396685e-01
       164   -5.9247816593e+00    3.5159616360e+01   -9.6747109498e+00    3.7499292905e+00    7.7130365352e+00    7.0352107511e+00   -2.5209979879e+01    7.8702164335e-01    2.5179240000e+06    1.7313040639e+01    9.9996207074e-01
       165   -5.9227743227e+00    3.5136152166e+01   -9.6636614209e+00    3.7408870983e+00    7.7021227191e+00    7.0352107511e+00   -2.5176787267e+01    7.7579237548e-01    2.5179390000e+06    1.7053767888e+01    9.9996460522e-01
       166   -5.9238658354e+00    3.5146832996e+01   -9.6793622821e+00    3.7554964467e+00    7.7286703249e+00    7.0352107511e+00   -2.5219983276e+01    7.7673991757e-01    2.5109830000e+06    1.6962976670e+01    9.9996564875e-01
       167   -5.9253251795e+00    3.5164617215e+01   -9.7041400245e+00    3.7788148449e+00    7.7467951824e+00    7.0352107511e+00   -2.5291223163e+01    8.0507720541e-01    2.5210610000e+06    1.7129198344e+01    9.9996460006e-01
       168   -5.9185932859e+00    3.5086865514e+01   -9.7234359603e+00    3.8048426744e+00    7.7490141753e+00    7.0352107511e+00   -2.5280590106e+01    7.7292921895e-01    2.5232320000e+06    1.7224223502e+01    9.9996289066e-01
       169   -5.9233837082e+00    3.5144591526e+01   -9.6831196426e+00    3.7597359344e+00    7.7383545309e+00    7.0352107511e+00   -2.5231100564e+01    7.7441563940e-01    2.5337950000e+06    1.7407348629e+01    9.9995885470e-01
       170   -5.9206496282e+00    3.5115370640e+01   -9.6571329004e+00    3.7364832722e+00    7.7503443164e+00    7.0352107511e+00   -2.5261480252e+01    8.1879228421e-01    2.5352750000e+06    1.7772581761e+01    9.9996617673e-01
       171   -5.9220144288e+00    3.5126632688e+01   -9.6717131878e+00    3.7496987590e+00    7.7515853966e+00    7.0352107511e+00   -2.5277304456e+01    8.1879512035e-01    2.5342880000e+06    1.7363235290e+01    9.9996374679e-01
       172   -5.9203201925e+00    3.5105002368e+01   -9.7002306236e+00    3.7799104312e+00    7.7593517714e+00    7.0352107511e+00   -2.5286155370e+01    7.9136222407e-01    2.5208680000e+06    1.7139707267e+01    9.9996102442e-01
       173   -5.9231108424e+00    3.5135922786e+01   -9.6564244427e+00    3.7333136003e+00    7.7601633529e+00    7.0352107511e+00   -2.5234675024e+01    7.8287647680e-01    2.5231020000e+06    1.7309214032e+01    9.9996507261e-01
       174   -5.9195633867e+00    3.5095209057e+01   -9.6859543089e+00    3.7663909222e+00    7.7450277673e+00    7.0352107511e+00   -2.5267611038e+01    8.0141821062e-01    2.5044720000e+06    1.7341691821e+01    9.9996326729e-01
       175   -5.9213173228e+00    3.5117878524e+01   -9.7414718058e+00    3.8201544830e+00    7.7582639851e+00    7.0352107511e+00   -2.5329434242e+01    7.9448769973e-01    2.5024980000e+06    1.7164376334e+01    9.9996318720e-01
       176   -5.9184516118e+00    3.5081537372e+01   -9.7005577719e+00    3.7821061601e+00    7.7496667130e+00    7.0352107511e+00   -2.5265787893e+01    7.8035265694e-01    2.5142970000e+06    1.7146496682e+01    9.9996092293e-01
       177   -5.9224401599e+00    3.5128114478e+01   -9.6990431287e+00    3.7766029689e+00    7.7536234114e+00    7.0352107511e+00   -2.5294698968e+01    8.0682167720e-01    2.5196170000e+06    1.7330043200e+01    9.9996358719e-01
       178   -5.9226951287e+00    3.5130560267e+01   -9.6978843184e+00    3.7751891896e+00    7.7530886291e+00    7.0352107512e+00   -2.5265647867e+01    7.7946416832e-01    2.5224550000e+06    1.7266846078e+01    9.9996382434e-01
       179   -5.9241936462e+00    3.5150803471e+01   -9.7006214451e+00    3.7764277989e+00    7.7474010391e+00    7.0352107511e+00   -2.5278695622e+01    7.9546238701e-01    2.5093910000e+06    1.7086951378e+01    9.9996323776e-01
       180   -5.9210107189e+00    3.5114877098e+01   -9.6726504171e+00    3.7516396982e+00    7.7407300225e+00    7.0352107511e+00   -2.5233131540e+01    7.8454034958e-01    2.5142240000e+06    1.7195505870e+01    9.9996504828e-01
       181   -5.9187218894e+00    3.5085996179e+01   -9.6912611775e+00    3.7725392880e+00    7.7272671800e+00    7.0352107511e+00   -2.5245018669e+01    7.9127956050e-01    2.5071140000e+06    1.7300924618e+01    9.9996400239e-01
       182   -5.9226057747e+00    3.5130337221e+01   -9.7323893974e+00    3.8097836227e+00    7.7231538700e+00    7.0352107511e+00   -2.5277848546e+01    7.8709452755e-01    2.5210800000e+06    1.7321582533e+01    9.9996340831e-01
       183   -5.9229280250e+00    3.5136750700e+01   -9.7186048926e+00    3.7956768676e+00    7.7379523974e+00    7.0352107511e+00   -2.5287448520e+01    7.9568047886e-01    2.5230460000e+06    1.7316305657e+01    9.9996259254e-01
       184   -5.9178405371e+00    3.5079683051e+01   -9.7298018837e+00    3.8119613466e+00    7.7281020295e+00    7.0352107511e+00   -2.5300278444e+01    8.0716378017e-01    2.5053040000e+06    1.7170443372e+01    9.9996582257e-01
       185   -5.9188812786e+00    3.5084527821e+01   -9.7169973366e+00    3.7981160581e+00    7.7339311636e+00    7.0352107511e+00   -2.5277581887e+01    7.9144263606e-01    2.5144740000e+06    1.7250207614e+01    9.9996251785e-01
       186   -5.9206915385e+00    3.5106321607e+01   -9.7125579588e+00    3.7918664203e+00    7.7159131290e+00    7.0352107511e+00   -2.5226889493e+01    7.6320765440e-01    2.5065970000e+06    1.6827775358e+01    9.9996354845e-01
       187   -5.9192255445e+00    3.5092024029e+01   -9.6984925341e+00    3.7792669896e+00    7.7269251907e+00    7.0352107511e+00   -2.5246328232e+01    7.8569975590e-01    2.5043880000e+06    1.6985901852e+01    9.9996521271e-01
       188   -5.9222835120e+00    3.5125005538e+01   -9.6585640666e+00    3.7362805545e+00    7.7071270399e+00    7.0352107511e+00   -2.5166065531e+01    7.6516367382e-01    2.4992860000e+06    1.7169128221e+01    9.9996259067e-01
       189   -5.9238357316e+00    3.5150048695e+01   -9.6259334212e+00    3.7020976896e+00    7.6973294415e+00    7.0352107511e+00   -2.5162083142e+01    8.0360952810e-01    2.5182470000e+06    1.7276767395e+01    9.9996396102e-01
       190   -5.9182381524e+00    3.5077497151e+01   -9.6655557374e+00    3.7473175849e+00    7.7356434126e+00    7.0352107511e+00   -2.5193525853e+01    7.5711595234e-01    2.5403030000e+06    1.7630193248e+01    9.9996353670e-01
       191   -5.9196898173e+00    3.5099364241e+01   -9.6829120287e+00    3.7632222113e+00    7.7329141723e+00    7.0352107511e+00   -2.5230946970e+01    7.7991001803e-01    2.5444180000e+06    1.7552642916e+01    9.9996261403e-01
       192   -5.9212986628e+00    3.5119081098e+01   -9.6721857683e+00    3.7508871055e+00    7.7188417339e+00    7.0352107511e+00   -2.5185062523e+01    7.5882426973e-01    2.5145290000e+06    1.7160279977e+01    9.9996520266e-01
       193   -5.9213887593e+00    3.5119182227e+01   -9.6813844878e+00    3.7599957285e+00    7.7070886247e+00    7.0352107511e+00   -2.5193449879e+01    7.6976601524e-01    2.5235080000e+06    1.7113233433e+01    9.9996498167e-01
       194   -5.9225393183e+00    3.5135275210e+01   -9.6502184212e+00    3.7276791029e+00    7.7069300152e+00    7.0352107511e+00   -2.5202418228e+01    8.1005904075e-01    2.5196460000e+06    1.7472471284e+01    9.9996403160e-01
       195   -5.9208331310e+00    3.5110771842e+01   -9.6297078743e+00    3.7088747433e+00    7.7057145383e+00    7.0352107511e+00   -2.5157366945e+01    7.8673378088e-01    2.5284340000e+06    1.8163439205e+01    9.9996682615e-01
       196   -5.9221799470e+00    3.5126249047e+01   -9.6710675096e+00    3.7488875626e+00    7.7088987418e+00    7.0352107511e+00   -2.5199823204e+01    7.8464620185e-01    2.5171090000e+06    1.7157466910e+01    9.9996369798e-01
       197   -5.9190495296e+00    3.5090900320e+01   -9.6658102224e+00    3.7467606928e+00    7.7078223477e+00    7.0352107511e+00   -2.5215049817e+01    8.0620649603e-01    2.5178530000e+06    1.7120551068e+01    9.9996063020e-01
       198   -5.9273361772e+00    3.5189682073e+01   -9.6640560223e+00    3.7367198450e+00    7.7303865383e+00    7.0352107511e+00   -2.5215313185e+01    7.8565987349e-01    2.5023310000e+06    1.7316448624e+01    9.9996368157e-01
       199   -5.9225806318e+00    3.5134588404e+01   -9.6597386291e+00    3.7371579972e+00    7.7294422479e+00    7.0352107511e+00   -2.5254784538e+01    8.3039290967e-01    2.5292780000e+06    1.7340214307e+01    9.9996382279e-01
       200   -5.9275627255e+00    3.5191171191e+01   -9.6901862887e+00    3.7626235631e+00    7.7327512114e+00    7.0352107511e+00   -2.5263247097e+01    8.0509884603e-01    2.5262970000e+06    1.7198709077e+01    9.9996521383e-01
       201   -5.9205872560e+00    3.5107736295e+01   -9.6656318229e+00    3.7450445669e+00    7.7144377055e+00    7.0352107511e+00   -2.5221481921e+01    8.0620164176e-01    2.5300430000e+06    1.7445917896e+01    9.9996610869e-01
       202   -5.9262891726e+00    3.5175798123e+01   -9.6610783880e+00    3.7347892154e+00    7.6972183511e+00    7.0352107511e+00   -2.5177092014e+01    7.8358452326e-01    2.5149780000e+06    1.6950162921e+01    9.9996669802e-01
       203   -5.9298002673e+00    3.5213963449e+01   -9.6662397188e+00    3.7364394515e+00    7.6961666105e+00    7.0352107511e+00   -2.5173159487e+01    7.7554240647e-01    2.5065770000e+06    1.7255129903e+01    9.9996225040e-01
       204   -5.9211739749e+00    3.5116885561e+01   -9.6434862206e+00    3.7223122457e+00    7.7032770059e+00    7.0352107511e+00   -2.5166277921e+01    7.8430394306e-01    2.4945210000e+06    1.6976529351e+01    9.9996442336e-01
       205   -5.9255808670e+00    3.5165378178e+01   -9.7059992954e+00    3.7804184284e+00    7.7077218233e+00    7.0352107511e+00   -2.5230608228e+01    7.8167635805e-01    2.4954380000e+06    1.6985444241e+01    9.9996498417e-01
       206   -5.9248060108e+00    3.5157741183e+01   -9.6741665291e+00    3.7493605183e+00    7.6794275052e+00    7.0352107511e+00   -2.5157580502e+01    7.6877571641e-01    2.5131420000e+06    1.6874510978e+01    9.9996259710e-01
       207   -5.9259145264e+00    3.5172496489e+01   -9.6567667728e+00    3.7308522464e+00    7.7127334800e+00    7.0352107511e+00   -2.5188207030e+01    7.8349602622e-01    2.5184800000e+06    1.7152022441e+01    9.9996203003e-01
       208   -5.9206491802e+00    3.5110589781e+01   -9.6955500345e+00    3.7749008543e+00    7.7240245386e+00    7.0352107511e+00   -2.5255029877e+01    8.0024455291e-01    2.5197950000e+06    1.7493600015e+01    9.9996507861e-01
       209   -5.9222865955e+00    3.5126829444e+01   -9.6677719905e+00    3.7454853950e+00    7.7155866702e+00    7.0352107511e+00   -2.5198662058e+01    7.8009264575e-01    2.5154520000e+06    1.7358946015e+01    9.9996252942e-01
       210   -5.9213676311e+00    3.5116166557e+01   -9.6642912000e+00    3.7429235688e+00    7.7109180577e+00    7.0352107511e+00   -2.5197049357e+01    7.8662934778e-01    2.5055160000e+06    1.6958060115e+01    9.9996652209e-01
       211   -5.9263637854e+00    3.5177913845e+01   -9.6642133118e+00    3.7378495263e+00    7.7180043440e+00    7.0352107511e+00   -2.5205013338e+01    7.8758493114e-01    2.5172930000e+06    1.7384813607e+01    9.9996509125e-01
       212   -5.9263113034e+00    3.5177854594e+01   -9.6976682441e+00    3.7713569407e+00    7.7287097441e+00    7.0352107511e+00   -2.5251938910e+01    7.9035017030e-01    2.5488620000e+06    1.7723904635e+01    9.9996322067e-01
       213   -5.9221191287e+00    3.5124445148e+01   -9.7054265075e+00    3.7833073788e+00    7.7238765756e+00    7.0352107511e+00   -2.5245062497e+01    7.8054866226e-01    2.5319960000e+06    1.7460136787e+01    9.9996080332e-01
       214   -5.9221573427e+00    3.5127874429e+01   -9.6599362307e+00    3.7377788880e+00    7.7162653730e+00    7.0352107511e+00   -2.5206741158e+01    7.9532880286e-01    2.5200760000e+06    1.7086147491e+01    9.9996086464e-01
       215   -5.9245306265e+00    3.5152373133e+01   -9.6395325202e+00    3.7150018936e+00    7.6834267715e+00    7.0352107511e+00   -2.5106262354e+01    7.4809231156e-01    2.5193250000e+06    1.7083871024e+01    9.9996388008e-01
       216   -5.9258636389e+00    3.5169758316e+01   -9.6733669257e+00    3.7475032868e+00    7.6980511645e+00    7.0352107511e+00   -2.5185329967e+01    7.7870112543e-01    2.5305460000e+06    1.7716937487e+01    9.9996483021e-01
       217   -5.9256303585e+00    3.5169294957e+01   -9.6638693943e+00    3.7382390358e+00    7.7128485996e+00    7.0352107511e+00   -2.5214037189e+01    8.0210844424e-01    2.5330860000e+06    1.7325694704e+01    9.9996279246e-01
       218   -5.9229520854e+00    3.5138615954e+01   -9.6606833183e+00    3.7377312329e+00    7.7073849882e+00    7.0352107511e+00   -2.5187563608e+01    7.8428455074e-01    2.5274190000e+06    1.7566453078e+01    9.9996137607e-01
       219   -5.9249852119e+00    3.5162877578e+01   -9.6738280059e+00    3.7488427940e+00    7.7291472438e+00    7.0352107511e+00   -2.5243711774e+01    8.0552577295e-01    2.5097500000e+06    1.7249134330e+01    9.9996249517e-01
       220   -5.9253638488e+00    3.5167879974e+01   -9.6644578523e+00    3.7390940034e+00    7.7340393701e+00    7.0352107511e+00   -2.5228479060e+01    7.9477108667e-01    2.5182900000e+06    1.7556638177e+01    9.9996520479e-01
       221   -5.9229897360e+00    3.5140083874e+01   -9.6524755978e+00    3.7294858618e+00    7.7205109196e+00    7.0352107511e+00   -2.5182227583e+01    7.7403031493e-01    2.5337390000e+06    1.7862275365e+01    9.9996398782e-01
       222   -5.9213063089e+00    3.5123232093e+01   -9.6950710878e+00    3.7737647789e+00    7.7139882347e+00    7.0352107511e+00   -2.5227362580e+01    7.8309250647e-01    2.5124530000e+06    1.7337185014e+01    9.9996273715e-01
       223   -5.9206804849e+00    3.5109099069e+01   -9.6394209460e+00    3.7187404611e+00    7.7226164783e+00    7.0352107511e+00   -2.5192173791e+01    7.9492561535e-01    2.5020100000e+06    1.7154292022e+01    9.9996098214e-01
       224   -5.9251136931e+00    3.5162487925e+01   -9.6479379856e+00    3.7228242925e+00    7.6929231964e+00    7.0352107511e+00   -2.5164878800e+01    7.8880686695e-01    2.5244890000e+06    1.7305602097e+01    9.9996187565e-01
       225   -5.9208100736e+00    3.5111240599e+01   -9.7137441217e+00    3.7929340481e+00    7.6989555432e+00    7.0352107511e+00   -2.5251401513e+01    8.0349109684e-01    2.4955740000e+06    1.7183623895e+01    9.9996363597e-01
       226   -5.9216539012e+00    3.5126424048e+01   -9.6656140119e+00    3.7439601107e+00    7.7174577173e+00    7.0352107511e+00   -2.5211337128e+01    7.9305464762e-01    2.4903320000e+06    1.7086265203e+01    9.9996436065e-01
       227   -5.9226733329e+00    3.5133048342e+01   -9.6692285446e+00    3.7465552117e+00    7.6962138130e+00    7.0352107511e+00   -2.5174768843e+01    7.7411573445e-01    2.5171020000e+06    1.7022956177e+01    9.9996603383e-01
       228   -5.9234360340e+00    3.5139759154e+01   -9.6448196301e+00    3.7213835962e+00    7.7003887539e+00    7.0352107511e+00   -2.5142601982e+01    7.6218284702e-01    2.5021990000e+06    1.7013747866e+01    9.9996523067e-01
       229   -5.9209988184e+00    3.5110253372e+01   -9.6560954812e+00    3.7350966627e+00    7.6991576964e+00    7.0352107511e+00   -2.5193063746e+01    8.0259981778e-01    2.4998230000e+06    1.6884176460e+01    9.9996089795e-01
       230   -5.9257908122e+00    3.5170521868e+01   -9.6850908791e+00    3.7593000669e+00    7.6926854710e+00    7.0352107511e+00   -2.5214764878e+01    8.0177777706e-01    2.5245700000e+06    1.6999829781e+01    9.9996335939e-01
       231   -5.9260608432e+00    3.5172742206e+01   -9.6780034076e+00    3.7519425643e+00    7.6874261349e+00    7.0352107511e+00   -2.5162073713e+01    7.6143341961e-01    2.5442250000e+06    1.7543925128e+01    9.9996418448e-01
       232   -5.9180218575e+00    3.5079190898e+01   -9.6888574182e+00    3.7708355607e+00    7.7234787565e+00    7.0352107511e+00   -2.5204676017e+01    7.5712909157e-01    2.5261460000e+06    1.7404281420e+01    9.9996318406e-01
       233   -5.9228662689e+00    3.5144184637e+01   -9.6473411198e+00    3.7244748509e+00    7.7210842798e+00    7.0352107511e+00   -2.5239726731e+01    8.3609058012e-01    2.5215610000e+06    1.7273181486e+01    9.9996286977e-01
       234   -5.9261198172e+00    3.5177994778e+01   -9.6331726088e+00    3.7070527916e+00    7.7129878785e+00    7.0352107511e+00   -2.5203086099e+01    8.2171486103e-01    2.5330950000e+06    1.7368442366e+01    9.9996683919e-01
       235   -5.9282520794e+00    3.5199817650e+01   -9.6668511364e+00    3.7385990569e+00    7.7254521070e+00    7.0352107511e+00   -2.5215220650e+01    7.8770665570e-01    2.5334370000e+06    1.7526234206e+01    9.9996437493e-01
       236   -5.9280931899e+00    3.5208055243e+01   -9.6395802870e+00    3.7114870972e+00    7.7420822182e+00    7.0352107511e+00   -2.5220199441e+01    8.0332618458e-01    2.5379750000e+06    1.7794890547e+01    9.9996429168e-01
       237   -5.9271444860e+00    3.5187842746e+01   -9.6816872935e+00    3.7545428074e+00    7.7679270530e+00    7.0352107511e+00   -2.5272354577e+01    7.8752947923e-01    2.5213260000e+06    1.7417421431e+01    9.9996192545e-01
       238   -5.9186313438e+00    3.5086936624e+01   -9.7149202772e+00    3.7962889334e+00    7.7423809716e+00    7.0352107511e+00   -2.5286633921e+01    7.9412192125e-01    2.5111570000e+06    1.7327725249e+01    9.9996341431e-01
       239   -5.9239611846e+00    3.5150347591e+01   -9.7078221331e+00    3.7838609485e+00    7.7328886955e+00    7.0352107511e+00   -2.5261006393e+01    7.8508481325e-01    2.4951330000e+06    1.7040517110e+01    9.9996087393e-01
       240   -5.9232154788e+00    3.5138297590e+01   -9.7079523782e+00    3.7847368994e+00    7.7416991888e+00    7.0352107511e+00   -2.5283413557e+01    7.9855123877e-01    2.4977240000e+06    1.7122330965e+01    9.9996296747e-01
       241   -5.9230671187e+00    3.5139263888e+01   -9.6640261372e+00    3.7409590186e+00    7.7407460195e+00    7.0352107511e+00   -2.5247726962e+01    8.0774405375e-01    2.5088210000e+06    1.7292965486e+01    9.9996561949e-01
       242   -5.9246651989e+00    3.5161156104e+01   -9.6501893535e+00    3.7255241546e+00    7.7360969023e+00    7.0352107511e+00   -2.5213996979e+01    7.9249997187e-01    2.5040710000e+06    1.6857219685e+01    9.9996400762e-01
       243   -5.9234617612e+00    3.5138591621e+01   -9.6766571027e+00    3.7531953415e+00    7.7149361170e+00    7.0352107511e+00   -2.5181409178e+01    7.5460520682e-01    2.5246480000e+06    1.7168332203e+01    9.9996563697e-01
       244   -5.9253558577e+00    3.5167543152e+01   -9.6731450264e+00    3.7477891687e+00    7.7601627916e+00    7.0352107511e+00   -2.5261285433e+01    7.9276686440e-01    2.5280670000e+06    1.7187245529e+01    9.9996444816e-01
       245   -5.9222720564e+00    3.5127574213e+01   -9.6747965450e+00    3.7525244886e+00    7.7250143558e+00    7.0352107511e+00   -2.5194420967e+01    7.5939931509e-01    2.5098250000e+06    1.7060704420e+01    9.9996085291e-01
       246   -5.9221342806e+00    3.5122996406e+01   -9.6620792207e+00    3.7399449401e+00    7.7261271811e+00    7.0352107511e+00   -2.5181525836e+01    7.5810868362e-01    2.5032080000e+06    1.6956052964e+01    9.9996529423e-01
       247   -5.9222747704e+00    3.5127882698e+01   -9.6801219438e+00    3.7578471734e+00    7.7446450722e+00    7.0352107511e+00   -2.5265517444e+01    8.0553967696e-01    2.5233370000e+06    1.7229919978e+01    9.9996190554e-01
       248   -5.9225060454e+00    3.5130578721e+01   -9.6870004335e+00    3.7644943881e+00    7.7455563378e+00    7.0352107511e+00   -2.5246675870e+01    7.7890834799e-01    2.5042990000e+06    1.7257040004e+01    9.9996550942e-01
       249   -5.9258588910e+00    3.5171094494e+01   -9.7449355270e+00    3.8190766360e+00    7.7230978718e+00    7.0352107511e+00   -2.5268145416e+01    7.6490126594e-01    2.4955910000e+06    1.7027636170e+01    9.9996423553e-01
       250   -5.9254061050e+00    3.5167438237e+01   -9.6969107198e+00    3.7715046148e+00    7.7373395333e+00    7.0352107511e+00   -2.5262871986e+01    7.9341098193e-01    2.4998430000e+06    1.7347981300e+01    9.9996169506e-01
       251   -5.9267350576e+00    3.5180488723e+01   -9.7368088933e+00    3.8100738357e+00    7.7413695905e+00    7.0352107511e+00   -2.5297979497e+01    7.8459026231e-01    2.5236130000e+06    1.7128936921e+01    9.9996483370e-01
       252   -5.9251182305e+00    3.5167512376e+01   -9.7538492639e+00    3.8287310334e+00    7.7533589524e+00    7.0352107512e+00   -2.5370925347e+01    8.2850637976e-01    2.5234670000e+06    1.7236000337e+01    9.9996205511e-01
       253   -5.9251223096e+00    3.5165978802e+01   -9.7070425755e+00    3.7819202658e+00    7.7222494688e+00    7.0352107511e+00   -2.5267910610e+01    8.0340781508e-01    2.5152610000e+06    1.7142827094e+01    9.9996053974e-01
       254   -5.9259054042e+00    3.5171872592e+01   -9.6908395608e+00    3.7649341566e+00    7.7109003647e+00    7.0352107511e+00   -2.5240909765e+01    8.0395908841e-01    2.5385910000e+06    1.7699418879e+01    9.9996238169e-01
       255   -5.9234009831e+00    3.5146789583e+01   -9.7159349214e+00    3.7925339383e+00    7.7341771088e+00    7.0352107511e+00   -2.5273396247e+01    7.8807346547e-01    2.5234420000e+06    1.7749245068e+01    9.9996240449e-01
       256   -5.9264214003e+00    3.5179156103e+01   -9.6752293713e+00    3.7488079710e+00    7.7150979646e+00    7.0352107511e+00   -2.5218836492e+01    7.9329840499e-01    2.5092350000e+06    1.7262905731e+01    9.9996358354e-01
       257   -5.9257118827e+00    3.5169568435e+01   -9.6440606134e+00    3.7183487307e+00    7.7146212434e+00    7.0352107511e+00   -2.5172294871e+01    7.7840226290e-01    2.5141640000e+06    1.7203281358e+01    9.9996300804e-01
       258   -5.9272298737e+00    3.5185081557e+01   -9.6573924776e+00    3.7301626038e+00    7.7133350516e+00    7.0352107511e+00   -2.5210741522e+01    8.0480324198e-01    2.5232760000e+06    1.6858679648e+01    9.9996443136e-01
       259   -5.9230939425e+00    3.5138009212e+01   -9.6983582852e+00    3.7752643427e+00    7.7087178285e+00    7.0352107512e+00   -2.5233383388e+01    7.9109652301e-01    2.5255070000e+06    1.7207452561e+01    9.9996238557e-01
       260   -5.9276708987e+00    3.5190892566e+01   -9.6763739751e+00    3.7487030765e+00    7.7027816469e+00    7.0352107511e+00   -2.5219488586e+01    8.0512221253e-01    2.5165130000e+06    1.7031266027e+01    9.9996324159e-01
       261   -5.9268074331e+00    3.5182769638e+01   -9.6553349893e+00    3.7285275562e+00    7.7123215504e+00    7.0352107511e+00   -2.5176493185e+01    7.7362589458e-01    2.5471060000e+06    1.7319630873e+01    9.9996461529e-01
       262   -5.9236728177e+00    3.5146064122e+01   -9.6934904545e+00    3.7698176368e+00    7.7433628900e+00    7.0352107511e+00   -2.5270639081e+01    7.9857498576e-01    2.5433930000e+06    1.7638241184e+01    9.9996510373e-01
       263   -5.9182971986e+00    3.5079715444e+01   -9.7314132681e+00    3.8131160695e+00    7.7230403660e+00    7.0352107511e+00   -2.5271239332e+01    7.8157494707e-01    2.5260200000e+06    1.7370047805e+01    9.9996387560e-01
       264   -5.9244030022e+00    3.5156215164e+01   -9.6759846949e+00    3.7515816927e+00    7.7240364856e+00    7.0352107511e+00   -2.5264262487e+01    8.2903055568e-01    2.5157890000e+06    1.7285784812e+01    9.9996317996e-01
       265   -5.9260319214e+00    3.5170137909e+01   -9.6785002819e+00    3.7524683605e+00    7.7062181402e+00    7.0352107511e+00   -2.5220777006e+01    8.0084783316e-01    2.5361410000e+06    1.7186150434e+01    9.9996475841e-01
       266   -5.9217430959e+00    3.5121556855e+01   -9.6588880223e+00    3.7371449264e+00    7.6982923245e+00    7.0352107511e+00   -2.5176925229e+01    7.8453413103e-01    2.5306500000e+06    1.7149942237e+01    9.9996320115e-01
       267   -5.9242461866e+00    3.5152124608e+01   -9.6389245994e+00    3.7146784128e+00    7.7055476438e+00    7.0352107511e+00   -2.5157320185e+01    7.7763719107e-01    2.5038250000e+06    1.6931044784e+01    9.9996300739e-01
       268   -5.9246953556e+00    3.5157602903e+01   -9.7022791404e+00    3.7775837849e+00    7.7251607492e+00    7.0352107511e+00   -2.5271901977e+01    8.0925133623e-01    2.5172880000e+06    1.7300376317e+01    9.9996126773e-01
       269   -5.9271646235e+00    3.5192354278e+01   -9.6739486200e+00    3.7467839965e+00    7.7319935490e+00    7.0352107511e+00   -2.5254829128e+01    8.1367620794e-01    2.5290130000e+06    1.7623545488e+01    9.9996372208e-01
       270   -5.9281068401e+00    3.5197529441e+01   -9.6522496997e+00    3.7241428596e+00    7.6905267270e+00    7.0352107511e+00   -2.5137566169e+01    7.5957899093e-01    2.5195760000e+06    1.6894392229e+01    9.9996453002e-01
       271   -5.9236010199e+00    3.5141663425e+01   -9.6838697888e+00    3.7602687689e+00    7.6554495676e+00    7.0352107511e+00   -2.5143060434e+01    7.6853032687e-01    2.5251560000e+06    1.6936156956e+01    9.9996569419e-01
       272   -5.9221342415e+00    3.5128094231e+01   -9.7069140982e+00    3.7847798567e+00    7.6938549366e+00    7.0352107511e+00   -2.5228951339e+01    7.9297155302e-01    2.5156140000e+06    1.7196967457e+01    9.9996437345e-01
       273   -5.9226859051e+00    3.5135065894e+01   -9.6454136344e+00    3.7227277293e+00    7.6938898008e+00    7.0352107511e+00   -2.5165320453e+01    7.9080626627e-01    2.5102330000e+06    1.7376312102e+01    9.9996584087e-01
       274   -5.9229012602e+00    3.5135052036e+01   -9.7059695722e+00    3.7830683120e+00    7.6966802959e+00    7.0352107511e+00   -2.5229479802e+01    7.9161918259e-01    2.4929470000e+06    1.6916134078e+01    9.9996349817e-01
       275   -5.9214437669e+00    3.5120804954e+01   -9.6927033190e+00    3.7712595521e+00    7.6912181512e+00    7.0352107511e+00   -2.5239702791e+01    8.2057057013e-01    2.5113920000e+06    1.7060477015e+01    9.9996406280e-01
       276   -5.9196693364e+00    3.5095549476e+01   -9.6668821045e+00    3.7472127682e+00    7.6769340969e+00    7.0352107512e+00   -2.5139076944e+01    7.6004999092e-01    2.5166980000e+06    1.7143955794e+01    9.9996383980e-01
       277   -5.9267181755e+00    3.5181002394e+01   -9.6744902287e+00    3.7477720532e+00    7.6888854244e+00    7.0352107511e+00   -2.5172791927e+01    7.7420552282e-01    2.5242240000e+06    1.7376365367e+01    9.9996360402e-01
       278   -5.9226986049e+00    3.5134123406e+01   -9.6774333493e+00    3.7547347444e+00    7.7032906466e+00    7.0352107511e+00   -2.5197397463e+01    7.8146271638e-01    2.5297350000e+06    1.7270988883e+01    9.9996269372e-01
       279   -5.9190203632e+00    3.5087511004e+01   -9.6798238780e+00    3.7608035148e+00    7.7113763622e+00    7.0352107511e+00   -2.5186416909e+01    7.6000591777e-01    2.5287080000e+06    1.7431720084e+01    9.9996569483e-01
       280   -5.9224887644e+00    3.5130989118e+01   -9.6846767354e+00    3.7621879710e+00    7.7407859344e+00    7.0352107511e+00   -2.5235157832e+01    7.7448441131e-01    2.5170580000e+06    1.7176025237e+01    9.9996315373e-01
       281   -5.9222025471e+00    3.5127350100e+01   -9.6933253366e+00    3.7711227896e+00    7.7243324235e+00    7.0352107511e+00   -2.5256217702e+01    8.0334919029e-01    2.5144720000e+06    1.7202014549e+01    9.9996261594e-01
       282   -5.9227886450e+00    3.5137398793e+01   -9.6847142093e+00    3.7619255644e+00    7.7186037162e+00    7.0352107512e+00   -2.5224389038e+01    7.8586036086e-01    2.5200540000e+06    1.7277439518e+01    9.9996245047e-01
       283   -5.9194168207e+00    3.5098154708e+01   -9.6939835899e+00    3.7745667693e+00    7.7312704753e+00    7.0352107512e+00   -2.5264225593e+01    8.0376077664e-01    2.5211240000e+06    1.7339213307e+01    9.9996316240e-01
       284   -5.9241400168e+00    3.5154263950e+01   -9.6473197354e+00    3.7231797186e+00    7.6925811146e+00    7.0352107511e+00   -2.5158381433e+01    7.8326983228e-01    2.5114890000e+06    1.7395051551e+01    9.9996068079e-01
       285   -5.9233664265e+00    3.5148036584e+01   -9.6654745615e+00    3.7421081351e+00    7.7157777784e+00    7.0352107511e+00   -2.5220482119e+01    8.0401902790e-01    2.5347030000e+06    1.7794925916e+01    9.9996626630e-01
       286   -5.9258199202e+00    3.5172119506e+01   -9.6416381819e+00    3.7158182617e+00    7.7031605008e+00    7.0352107511e+00   -2.5184834914e+01    8.0482548047e-01    2.5446310000e+06    1.7531087200e+01    9.9996350200e-01
       287   -5.9227105277e+00    3.5136542404e+01   -9.6813735453e+00    3.7586630177e+00    7.7430430237e+00    7.0352107511e+00   -2.5257263045e+01    7.9763572500e-01    2.5432170000e+06    1.7665624139e+01    9.9996785508e-01
       288   -5.9237368344e+00    3.5148619411e+01   -9.7204113628e+00    3.7966745284e+00    7.7258111888e+00    7.0352107511e+00   -2.5209214728e+01    7.2778142564e-01    2.5315930000e+06    1.7552811380e+01    9.9996598076e-01
       289   -5.9223269723e+00    3.5130661773e+01   -9.6908535830e+00    3.7685266107e+00    7.7340195936e+00    7.0352107511e+00   -2.5229852934e+01    7.6976900658e-01    2.5164000000e+06    1.7252503764e+01    9.9996413581e-01
       290   -5.9225609194e+00    3.5128420258e+01   -9.6776087506e+00    3.7550478312e+00    7.7151044301e+00    7.0352107511e+00   -2.5200242392e+01    7.7231846045e-01    2.5147270000e+06    1.7257658251e+01    9.9996435712e-01
       291   -5.9219628918e+00    3.5122281055e+01   -9.6457138620e+00    3.7237509702e+00    7.6936896581e+00    7.0352107511e+00   -2.5147515722e+01    7.7290145125e-01    2.5263430000e+06    1.7425298862e+01    9.9996442403e-01
       292   -5.9267779165e+00    3.5183866798e+01   -9.6545859692e+00    3.7278080527e+00    7.6848876256e+00    7.0352107511e+00   -2.5164130997e+01    7.8944665118e-01    2.5280240000e+06    1.7226845486e+01    9.9996326101e-01
       293   -5.9212803351e+00    3.5113409569e+01   -9.6449816957e+00    3.7237013605e+00    7.7187060081e+00    7.0352107511e+00   -2.5189375302e+01    7.9047684735e-01    2.5302810000e+06    1.7435222394e+01    9.9996334362e-01
       294   -5.9267337988e+00    3.5180139676e+01   -9.6737264442e+00    3.7469926454e+00    7.7314636514e+00    7.0352107511e+00   -2.5201811630e+01    7.6141078302e-01    2.5298700000e+06    1.7260279539e+01    9.9996368454e-01
       295   -5.9270998786e+00    3.5187600199e+01   -9.7131979737e+00    3.7860980950e+00    7.7252964880e+00    7.0352107511e+00   -2.5266204193e+01    7.9249897984e-01    2.5438130000e+06    1.7331682744e+01    9.9996093462e-01
       296   -5.9240027983e+00    3.5147037421e+01   -9.6841554124e+00    3.7601526142e+00    7.7138075814e+00    7.0352107511e+00   -2.5229670839e+01    7.9649709397e-01    2.5328700000e+06    1.7269753539e+01    9.9996308665e-01
       297   -5.9185229902e+00    3.5084271738e+01   -9.6869664928e+00    3.7684435026e+00    7.7185197931e+00    7.0352107511e+00   -2.5223114051e+01    7.8241701358e-01    2.5204430000e+06    1.6991695033e+01    9.9996394518e-01
       298   -5.9235595589e+00    3.5143452629e+01   -9.6917131399e+00    3.7681535811e+00    7.7079918259e+00    7.0352107512e+00   -2.5223658241e+01    7.8874252381e-01    2.5165690000e+06    1.7051165859e+01    9.9996364120e-01
       299   -5.9224529289e+00    3.5136012290e+01   -9.6500796167e+00    3.7276266879e+00    7.7189172828e+00    7.0352107511e+00   -2.5223928115e+01    8.1972046416e-01    2.5097430000e+06    1.7163466507e+01    9.9996299437e-01
       300   -5.9281246126e+00    3.5196833463e+01   -9.6845277580e+00    3.7564031454e+00    7.7082405284e+00    7.0352107511e+00   -2.5191701770e+01    7.6372273275e-01    2.5120950000e+06    1.7119378127e+01    9.9996447025e-01
       301   -5.9221731029e+00    3.5127338620e+01   -9.6957258997e+00    3.7735527968e+00    7.7216397600e+00    7.0352107511e+00   -2.5222920632e+01    7.7034422107e-01    2.5243630000e+06    1.7358894419e+01    9.9996499280e-01
       302   -5.9196714082e+00    3.5094620499e+01   -9.7043484302e+00    3.7846770220e+00    7.6913393758e+00    7.0352107511e+00   -2.5166821736e+01    7.3592317887e-01    2.5333250000e+06    1.7107930891e+01    9.9996299257e-01
       303   -5.9203525338e+00    3.5106610091e+01   -9.7169108739e+00    3.7965583401e+00    7.7030707880e+00    7.0352107511e+00   -2.5244086464e+01    7.8889405100e-01    2.5151660000e+06    1.6857321088e+01    9.9995979628e-01
       304   -5.9239065000e+00    3.5148160840e+01   -9.6823539633e+00    3.7584474633e+00    7.6972376965e+00    7.0352107511e+00   -2.5195254403e+01    7.8045199243e-01    2.5210300000e+06    1.6937161991e+01    9.9996459723e-01
       305   -5.9238328133e+00    3.5150159347e+01   -9.6602654345e+00    3.7364326212e+00    7.7118717856e+00    7.0352107511e+00   -2.5215894454e+01    8.0854648244e-01    2.5042850000e+06    1.6982806537e+01    9.9996251414e-01
       306   -5.9182518322e+00    3.5079216396e+01   -9.6504219755e+00    3.7321701433e+00    7.6891877741e+00    7.0352107511e+00   -2.5186920665e+01    8.1210016446e-01    2.5071890000e+06    1.7224354312e+01    9.9996455260e-01
       307   -5.9263485526e+00    3.5177545947e+01   -9.7038986284e+00    3.7775500758e+00    7.6809534280e+00    7.0352107511e+00   -2.5165960121e+01    7.4589731328e-01    2.5088460000e+06    1.6834391598e+01    9.9996293055e-01
       308   -5.9183793473e+00    3.5078907057e+01   -9.6817856305e+00    3.7634062832e+00    7.6993770426e+00    7.0352107511e+00   -2.5169155967e+01    7.5278254302e-01    2.5302670000e+06    1.7450594446e+01    9.9996260262e-01
       309   -5.9245296935e+00    3.5155624896e+01   -9.6253758951e+00    3.7008462016e+00    7.6969928065e+00    7.0352107511e+00   -2.5133824326e+01    7.7624487346e-01    2.5211360000e+06    1.7269227722e+01    9.9996499373e-01
       310   -5.9225765934e+00    3.5132922234e+01   -9.6530413199e+00    3.7304647264e+00    7.6822573864e+00    7.0352107511e+00   -2.5164877108e+01    7.9436765056e-01    2.5186740000e+06    1.7362390043e+01    9.9996501112e-01
       311   -5.9199990466e+00    3.5101291600e+01   -9.6449297677e+00    3.7249307211e+00    7.6955821017e+00    7.0352107511e+00   -2.5199384896e+01    8.2366227569e-01    2.5099370000e+06    1.7222691434e+01    9.9996449091e-01
       312   -5.9229532257e+00    3.5138527910e+01   -9.6989599637e+00    3.7760067380e+00    7.6974201228e+00    7.0352107512e+00   -2.5219973413e+01    7.8838257559e-01    2.5177940000e+06    1.7357148854e+01    9.9996331000e-01
       313   -5.9229530009e+00    3.5136498632e+01   -9.6536105547e+00    3.7306575538e+00    7.7210877627e+00    7.0352107511e+00   -2.5192776124e+01    7.8286705520e-01    2.5110790000e+06    1.7445828107e+01    9.9996316293e-01
       314   -5.9219339993e+00    3.5123296495e+01   -9.6749978918e+00    3.7530638925e+00    7.7169676506e+00    7.0352107511e+00   -2.5208358597e+01    7.8118230328e-01    2.4979380000e+06    1.7207914404e+01    9.9996462150e-01
       315   -5.9218815737e+00    3.5125094233e+01   -9.6869161933e+00    3.7650346196e+00    7.7105748569e+00    7.0352107511e+00   -2.5216381425e+01    7.8367962414e-01    2.4967010000e+06    1.6924924488e+01    9.9996580511e-01
       316   -5.9229517259e+00    3.5135718308e+01   -9.6426409637e+00    3.7196892378e+00    7.7042454337e+00    7.0352107511e+00   -2.5179038672e+01    7.9694152373e-01    2.4996300000e+06    1.7052666591e+01    9.9996424251e-01
       317   -5.9209295018e+00    3.5114814503e+01   -9.6487144134e+00    3.7277849116e+00    7.7120369625e+00    7.0352107511e+00   -2.5186901749e+01    7.9093962174e-01    2.5031140000e+06    1.6956682971e+01    9.9996379386e-01
       318   -5.9185067578e+00    3.5083462463e+01   -9.6438707705e+00    3.7253640127e+00    7.7060564436e+00    7.0352107511e+00   -2.5168262912e+01    7.8312494716e-01    2.5191950000e+06    1.7385698243e+01    9.9996184228e-01
       319   -5.9251647500e+00    3.5164314251e+01   -9.6439921128e+00    3.7188273628e+00    7.7098114557e+00    7.0352107512e+00   -2.5172149416e+01    7.8313509683e-01    2.5097180000e+06    1.7301889988e+01    9.9996120139e-01
       320   -5.9253835178e+00    3.5165031296e+01   -9.7045988205e+00    3.7792153027e+00    7.7128194662e+00    7.0352107511e+00   -2.5212189620e+01    7.5956058167e-01    2.5217610000e+06    1.7579308066e+01    9.9996262641e-01
       321   -5.9273943636e+00    3.5189328000e+01   -9.6939954473e+00    3.7666010837e+00    7.7034590484e+00    7.0352107511e+00   -2.5198224635e+01    7.6555938816e-01    2.5298520000e+06    1.7344364156e+01    9.9996279287e-01
       322   -5.9248079066e+00    3.5156374061e+01   -9.6868070116e+00    3.7619991050e+00    7.7149230825e+00    7.0352107511e+00   -2.5199137706e+01    7.6219686095e-01    2.5313430000e+06    1.7353059810e+01    9.9996252131e-01
       323   -5.9210636042e+00    3.5114423609e+01   -9.7198605323e+00    3.7987969281e+00    7.7150545118e+00    7.0352107511e+00   -2.5233181705e+01    7.6305590978e-01    2.5274660000e+06    1.7599262327e+01    9.9996538065e-01
       324   -5.9207447396e+00    3.5109026687e+01   -9.6952915623e+00    3.7745468227e+00    7.7489225904e+00    7.0352107511e+00   -2.5291498825e+01    8.1207392143e-01    2.5043670000e+06    1.7277281864e+01    9.9996376181e-01
       325   -5.9162964396e+00    3.5057947574e+01   -9.7041670338e+00    3.7878705942e+00    7.7351189991e+00    7.0352107511e+00   -2.5297261091e+01    8.2276430732e-01    2.4950310000e+06    1.7052755711e+01    9.9996453054e-01
       326   -5.9179526723e+00    3.5082887176e+01   -9.7061323709e+00    3.7881796986e+00    7.7466581013e+00    7.0352107511e+00   -2.5304496344e+01    8.1649512120e-01    2.5095940000e+06    1.7217850495e+01    9.9996044854e-01
       327   -5.9219506932e+00    3.5121364561e+01   -9.6985731113e+00    3.7766224182e+00    7.7224297500e+00    7.0352107511e+00   -2.5213479634e+01    7.5726602156e-01    2.5288140000e+06    1.7186715946e+01    9.9996539867e-01
       328   -5.9211663575e+00    3.5116140240e+01   -9.6619379210e+00    3.7407715635e+00    7.7012075319e+00    7.0352107511e+00   -2.5174174596e+01    7.7581839151e-01    2.5114030000e+06    1.7397994311e+01    9.9996381349e-01
       329   -5.9203297449e+00    3.5107386272e+01   -9.6441384624e+00    3.7238087175e+00    7.7120048361e+00    7.0352107511e+00   -2.5182680118e+01    7.9132606813e-01    2.5044770000e+06    1.7139681112e+01    9.9996186702e-01
       330   -5.9227497196e+00    3.5136720286e+01   -9.6698278005e+00    3.7470780808e+00    7.7491950379e+00    7.0352107511e+00   -2.5260370995e+01    8.0613740542e-01    2.5191920000e+06    1.7541719486e+01    9.9996198914e-01
       331   -5.9218143630e+00    3.5126943755e+01   -9.6997265398e+00    3.7779121768e+00    7.7381433329e+00    7.0352107511e+00   -2.5282634313e+01    8.0955368918e-01    2.5390970000e+06    1.7751299134e+01    9.9996416065e-01
       332   -5.9210207351e+00    3.5119835243e+01   -9.7079470236e+00    3.7869262885e+00    7.7463559286e+00    7.0352107511e+00   -2.5306096477e+01    8.1658277375e-01    2.5175630000e+06    1.7277234033e+01    9.9996251310e-01
       333   -5.9223379919e+00    3.5129387659e+01   -9.6571949016e+00    3.7348569097e+00    7.7182460236e+00    7.0352107511e+00   -2.5200239270e+01    7.8958759369e-01    2.5204520000e+06    1.6856829386e+01    9.9996146814e-01
       334   -5.9210641922e+00    3.5114522440e+01   -9.6403615587e+00    3.7192973665e+00    7.7183090794e+00    7.0352107511e+00   -2.5191266791e+01    7.9738540157e-01    2.5045860000e+06    1.7290340924e+01    9.9996446563e-01
       335   -5.9198649478e+00    3.5096160978e+01   -9.7182916542e+00    3.7984267065e+00    7.7048464415e+00    7.0352107512e+00   -2.5223227280e+01    7.6487843338e-01    2.4939350000e+06    1.6971196477e+01    9.9996476473e-01
       336   -5.9221586833e+00    3.5125807793e+01   -9.7134752809e+00    3.7913165975e+00    7.7317228040e+00    7.0352107511e+00   -2.5254279379e+01    7.7387054335e-01    2.5184180000e+06    1.7381271449e+01    9.9996123560e-01
       337   -5.9228796046e+00    3.5135890649e+01   -9.6967760664e+00    3.7738964619e+00    7.7207541932e+00    7.0352107511e+00   -2.5264916469e+01    8.1217545862e-01    2.5169840000e+06    1.7417967636e+01    9.9996255272e-01
       338   -5.9216152633e+00    3.5122040537e+01   -9.6636533174e+00    3.7420380541e+00    7.7373640797e+00    7.0352107511e+00   -2.5225547327e+01    7.8931917886e-01    2.5183440000e+06    1.7772879908e+01    9.9996336892e-01
       339   -5.9258952297e+00    3.5172064386e+01   -9.6546063595e+00    3.7287111298e+00    7.7370884545e+00    7.0352107511e+00   -2.5194195072e+01    7.6728950728e-01    2.5309700000e+06    1.7794276235e+01    9.9996132659e-01
       340   -5.9190125104e+00    3.5092674393e+01   -9.6666247439e+00    3.7476122334e+00    7.7385189897e+00    7.0352107511e+00   -2.5203471806e+01    7.6311732158e-01    2.5238710000e+06    1.7329935806e+01    9.9996156825e-01
       341   -5.9218342953e+00    3.5126717097e+01   -9.6710026273e+00    3.7491683320e+00    7.7597989382e+00    7.0352107511e+00   -2.5297544439e+01    8.3153212225e-01    2.5096620000e+06    1.7406348067e+01    9.9996348793e-01
       342   -5.9214242442e+00    3.5121247227e+01   -9.6801335149e+00    3.7587092707e+00    7.7553380402e+00    7.0352107512e+00   -2.5282548261e+01    8.1186595493e-01    2.4893290000e+06    1.7166847909e+01    9.9996474929e-01
       343   -5.9235339574e+00    3.5143749684e+01   -9.6650401779e+00    3.7415062205e+00    7.7163455076e+00    7.0352107511e+00   -2.5225956482e+01    8.0936004564e-01    2.4939500000e+06    1.7091575647e+01    9.9996431529e-01
       344   -5.9209229361e+00    3.5115633767e+01   -9.6303322533e+00    3.7094093172e+00    7.7185973818e+00    7.0352107511e+00   -2.5186596562e+01    8.0245617612e-01    2.4927190000e+06    1.7359611309e+01    9.9996464629e-01
       345   -5.9264564033e+00    3.5177392361e+01   -9.6640702071e+00    3.7376138038e+00    7.7131281546e+00    7.0352107511e+00   -2.5232923823e+01    8.2051471043e-01    2.5023140000e+06    1.7310996003e+01    9.9996303251e-01
       346   -5.9196617174e+00    3.5099127545e+01   -9.7120658832e+00    3.7924041658e+00    7.7111249044e+00    7.0352107511e+00   -2.5285934049e+01    8.2753251008e-01    2.5223300000e+06    1.7376075337e+01    9.9996293187e-01
       347   -5.9221891487e+00    3.5124183043e+01   -9.7123319518e+00    3.7901428030e+00    7.7351866761e+00    7.0352107511e+00   -2.5261528486e+01    7.7879910749e-01    2.5205250000e+06    1.7269127545e+01    9.9996458738e-01
       348   -5.9176755157e+00    3.5071614494e+01   -9.6697641609e+00    3.7520886452e+00    7.7237711589e+00    7.0352107511e+00   -2.5208115366e+01    7.7936929483e-01    2.5317660000e+06    1.7753070411e+01    9.9996509274e-01
       349   -5.9176002897e+00    3.5073238820e+01   -9.6803000007e+00    3.7626997110e+00    7.7419254938e+00    7.0352107511e+00   -2.5250465371e+01    7.9302912498e-01    2.5067130000e+06    1.7482679156e+01    9.9996389661e-01
       350   -5.9163549285e+00    3.5060468569e+01   -9.6910434742e+00    3.7746885457e+00    7.7206303990e+00    7.0352107511e+00   -2.5244788350e+01    7.9790372535e-01    2.4936860000e+06    1.6978092473e+01    9.9996395895e-01
       351   -5.9202089961e+00    3.5102484783e+01   -9.6905014092e+00    3.7702924131e+00    7.7374721147e+00    7.0352107511e+00   -2.5256307762e+01    7.9312348713e-01    2.5018510000e+06    1.7068979412e+01    9.9996437727e-01
       352   -5.9197827792e+00    3.5098341832e+01   -9.6901019686e+00    3.7703191894e+00    7.7320829216e+00    7.0352107512e+00   -2.5247411424e+01    7.9001578268e-01    2.5130200000e+06    1.7075454097e+01    9.9996219548e-01
       353   -5.9170016189e+00    3.5070816364e+01   -9.6827926552e+00    3.7657910363e+00    7.7462609164e+00    7.0352107511e+00   -2.5266611742e+01    8.0234741924e-01    2.5116020000e+06    1.7560691135e+01    9.9996148036e-01
       354   -5.9188547510e+00    3.5092591830e+01   -9.6769152546e+00    3.7580605036e+00    7.7387422550e+00    7.0352107511e+00   -2.5244394809e+01    7.9352654806e-01    2.5229540000e+06    1.7343031992e+01    9.9996328903e-01
       355   -5.9232479230e+00    3.5139105641e+01   -9.6850770162e+00    3.7618290932e+00    7.7004216272e+00    7.0352107511e+00   -2.5195364102e+01    7.7465470704e-01    2.5327960000e+06    1.7516471536e+01    9.9996214747e-01
       356   -5.9232184232e+00    3.5139694409e+01   -9.6626915645e+00    3.7394731413e+00    7.6911376364e+00    7.0352107511e+00   -2.5162203389e+01    7.7316343693e-01    2.5204230000e+06    1.7254276047e+01    9.9996503613e-01
       357   -5.9187072884e+00    3.5084343769e+01   -9.6702291498e+00    3.7515218614e+00    7.7001514578e+00    7.0352107512e+00   -2.5155916720e+01    7.5032536171e-01    2.5206380000e+06    1.7304179989e+01    9.9996449181e-01
       358   -5.9239335804e+00    3.5146755630e+01   -9.6997110078e+00    3.7757774274e+00    7.7446903175e+00    7.0352107511e+00   -2.5264668301e+01    7.8505622498e-01    2.5198850000e+06    1.7273382451e+01    9.9996105903e-01
       359   -5.9211949584e+00    3.5118301887e+01   -9.6413807094e+00    3.7201857510e+00    7.7335488301e+00    7.0352107511e+00   -2.5200157993e+01    7.9001770237e-01    2.5324130000e+06    1.7567388857e+01    9.9996322390e-01
       360   -5.9195993788e+00    3.5098166575e+01   -9.6652158651e+00    3.7456164863e+00    7.7255183194e+00    7.0352107511e+00   -2.5224388204e+01    7.9844326818e-01    2.5266640000e+06    1.7424878991e+01    9.9996319184e-01
       361   -5.9205350717e+00    3.5113774453e+01   -9.6805289920e+00    3.7599939204e+00    7.7495970070e+00    7.0352107511e+00   -2.5268159387e+01    8.0282263644e-01    2.5075910000e+06    1.7123532313e+01    9.9996515643e-01
       362   -5.9221462017e+00    3.5129867486e+01   -9.6814822112e+00    3.7593360096e+00    7.7394475869e+00    7.0352107511e+00   -2.5218199550e+01    7.6205900050e-01    2.5108700000e+06    1.7274905944e+01    9.9996465509e-01
       363   -5.9242225155e+00    3.5152971562e+01   -9.6837637026e+00    3.7595411872e+00    7.7098297907e+00    7.0352107511e+00   -2.5217290748e+01    7.8848650380e-01    2.5318460000e+06    1.7347302227e+01    9.9996366335e-01
       364   -5.9178856690e+00    3.5076688445e+01   -9.6587013203e+00    3.7408156513e+00    7.6876536819e+00    7.0352107511e+00   -2.5155561285e+01    7.7399553138e-01    2.5316730000e+06    1.7418335761e+01    9.9996316777e-01
       365   -5.9179517722e+00    3.5077016158e+01   -9.6711132629e+00    3.7531614907e+00    7.6936639279e+00    7.0352107511e+00   -2.5190632287e+01    7.9064434470e-01    2.5303070000e+06    1.7347887577e+01    9.9996354133e-01
       366   -5.9215801120e+00    3.5121995212e+01   -9.6564276098e+00    3.7348474978e+00    7.6892349491e+00    7.0352107511e+00   -2.5152114838e+01    7.7124152762e-01    2.5279560000e+06    1.7085741767e+01    9.9996425101e-01
       367   -5.9257812355e+00    3.5171244275e+01   -9.6781173857e+00    3.7523361502e+00    7.6896701907e+00    7.0352107511e+00   -2.5158042545e+01    7.5504421716e-01    2.5247410000e+06    1.7109374326e+01    9.9996410471e-01
       368   -5.9201066969e+00    3.5100651051e+01   -9.6428979328e+00    3.7227912358e+00    7.7033171518e+00    7.0352107511e+00   -2.5178746191e+01    7.9732035579e-01    2.5347200000e+06    1.7255504091e+01    9.9996316186e-01
       369   -5.9176071140e+00    3.5075989628e+01   -9.6447887119e+00    3.7271815978e+00    7.7119141749e+00    7.0352107511e+00   -2.5182562554e+01    7.9064891580e-01    2.5170490000e+06    1.7285969442e+01    9.9996454086e-01
       370   -5.9203341942e+00    3.5109087068e+01   -9.6831623375e+00    3.7628281433e+00    7.7282022011e+00    7.0352107511e+00   -2.5242525686e+01    7.9595039597e-01    2.5176300000e+06    1.7383113129e+01    9.9996206747e-01
       371   -5.9255172712e+00    3.5168374906e+01   -9.7379231724e+00    3.8124059011e+00    7.7146723805e+00    7.0352107511e+00   -2.5244887270e+01    7.5708096578e-01    2.5241260000e+06    1.7492191725e+01    9.9996399692e-01
       372   -5.9189964874e+00    3.5089285995e+01   -9.6979230990e+00    3.7789266116e+00    7.7331719917e+00    7.0352107511e+00   -2.5258226500e+01    7.9192065843e-01    2.5259620000e+06    1.7944161097e+01    9.9996461810e-01
       373   -5.9232046331e+00    3.5138316689e+01   -9.6778436237e+00    3.7546389905e+00    7.7546194110e+00    7.0352107511e+00   -2.5262833858e+01    7.9516007193e-01    2.5090090000e+06    1.7547723006e+01    9.9996453003e-01
       374   -5.9252742730e+00    3.5163279217e+01   -9.6808694976e+00    3.7555952246e+00    7.7299073252e+00    7.0352107511e+00   -2.5202796288e+01    7.5680871386e-01    2.5046790000e+06    1.7091235450e+01    9.9996366634e-01
       375   -5.9224823105e+00    3.5130606183e+01   -9.6828549731e+00    3.7603726626e+00    7.7136267279e+00    7.0352107511e+00   -2.5210054848e+01    7.7836239614e-01    2.4981810000e+06    1.7009212634e+01    9.9996212278e-01
       376   -5.9199498208e+00    3.5103442977e+01   -9.7053685175e+00    3.7854186967e+00    7.7326776372e+00    7.0352107512e+00   -2.5276757384e+01    8.0350047805e-01    2.5024170000e+06    1.7179769382e+01    9.9996138611e-01
       377   -5.9290608912e+00    3.5208142260e+01   -9.6822251707e+00    3.7531642795e+00    7.7398135002e+00    7.0352107511e+00   -2.5252205585e+01    7.9495616290e-01    2.5205430000e+06    1.7415735724e+01    9.9996523274e-01
       378   -5.9245133288e+00    3.5153098823e+01   -9.6712362001e+00    3.7467228713e+00    7.7147376373e+00    7.0352107511e+00   -2.5214619320e+01    7.9343473110e-01    2.5152900000e+06    1.7114100882e+01    9.9996367208e-01
       379   -5.9187785558e+00    3.5084930545e+01   -9.6813093661e+00    3.7625308104e+00    7.7289031339e+00    7.0352107511e+00   -2.5232054000e+01    7.8663074909e-01    2.4926010000e+06    1.7256583296e+01    9.9996303943e-01
       380   -5.9184777296e+00    3.5086410056e+01   -9.7113485840e+00    3.7928708543e+00    7.7454572219e+00    7.0352107511e+00   -2.5277677115e+01    7.8566055791e-01    2.4856000000e+06    1.7085439267e+01    9.9996439651e-01
       381   -5.9188919750e+00    3.5091088508e+01   -9.6645654486e+00    3.7456734736e+00    7.7291676647e+00    7.0352107511e+00   -2.5224931817e+01    7.9598795219e-01    2.5111830000e+06    1.7292147406e+01    9.9996261731e-01
       382   -5.9197953510e+00    3.5097288186e+01   -9.6670620676e+00    3.7472667166e+00    7.7314177816e+00    7.0352107512e+00   -2.5213912327e+01    7.8022172636e-01    2.5154500000e+06    1.7349940589e+01    9.9996233195e-01
       383   -5.9253215628e+00    3.5166540559e+01   -9.7060071248e+00    3.7806855620e+00    7.7142722899e+00    7.0352107511e+00   -2.5250691234e+01    7.9520106826e-01    2.5231920000e+06    1.7183751335e+01    9.9996319236e-01
       384   -5.9262583197e+00    3.5173129097e+01   -9.6608165414e+00    3.7345582217e+00    7.6982694615e+00    7.0352107511e+00   -2.5161977240e+01    7.6768048586e-01    2.5274430000e+06    1.7405180693e+01    9.9996419118e-01
       385   -5.9203514865e+00    3.5106938278e+01   -9.6744031768e+00    3.7540516904e+00    7.7013022775e+00    7.0352107511e+00   -2.5215662428e+01    8.0474622258e-01    2.5335120000e+06    1.7497664183e+01    9.9996191181e-01
       386   -5.9206009253e+00    3.5109004344e+01   -9.6403628475e+00    3.7197619222e+00    7.6840773270e+00    7.0352107511e+00   -2.5129026903e+01    7.6937597788e-01    2.5398670000e+06    1.7616446005e+01    9.9996018626e-01
       387   -5.9223855968e+00    3.5131081393e+01   -9.6580555623e+00    3.7356699655e+00    7.6663978445e+00    7.0352107511e+00   -2.5120581512e+01    7.6091735368e-01    2.5527850000e+06    1.7707271076e+01    9.9996454867e-01
       388   -5.9237768232e+00    3.5147024387e+01   -9.6714519602e+00    3.7476751369e+00    7.6915096156e+00    7.0352107511e+00   -2.5159349277e+01    7.6117694968e-01    2.5477600000e+06    1.7316749473e+01    9.9996487117e-01
       389   -5.9234228665e+00    3.5148173016e+01   -9.6180271850e+00    3.6946043186e+00    7.7120877716e+00    7.0352107511e+00   -2.5177177584e+01    8.1185187641e-01    2.5256950000e+06    1.7421823854e+01    9.9996278275e-01
       390   -5.9248791571e+00    3.5161910935e+01   -9.6923058427e+00    3.7674266855e+00    7.7070015490e+00    7.0352107511e+00   -2.5185322202e+01    7.5080405899e-01    2.5265170000e+06    1.7213635793e+01    9.9996373372e-01
       391   -5.9219076467e+00    3.5123703752e+01   -9.6903056614e+00    3.7683980147e+00    7.7047629488e+00    7.0352107512e+00   -2.5192692736e+01    7.6241337486e-01    2.5183670000e+06    1.7364234271e+01    9.9996391699e-01
       392   -5.9225427037e+00    3.5132110541e+01   -9.6787071030e+00    3.7561643993e+00    7.7185036596e+00    7.0352107511e+00   -2.5214952178e+01    7.8253066445e-01    2.5028700000e+06    1.7421488154e+01    9.9996384250e-01
       393   -5.9184112486e+00    3.5086190317e+01   -9.6243583699e+00    3.7059471213e+00    7.7115930440e+00    7.0352107511e+00   -2.5166357192e+01    7.9519502674e-01    2.5077440000e+06    1.6911777967e+01    9.9996570644e-01
       394   -5.9267405051e+00    3.5180991069e+01   -9.6664722366e+00    3.7397317315e+00    7.7191297450e+00    7.0352107511e+00   -2.5204245245e+01    7.8343251275e-01    2.5119100000e+06    1.7041683716e+01    9.9996327465e-01
       395   -5.9252963817e+00    3.5163500714e+01   -9.6677453121e+00    3.7424489304e+00    7.7369384959e+00    7.0352107511e+00   -2.5212774160e+01    7.7287960129e-01    2.5278980000e+06    1.7345167487e+01    9.9996271627e-01
       396   -5.9236549104e+00    3.5146699982e+01   -9.6630350484e+00    3.7393801380e+00    7.7447662435e+00    7.0352107511e+00   -2.5242777613e+01    7.9976557033e-01    2.5131520000e+06    1.7381085513e+01    9.9996478654e-01
       397   -5.9218577729e+00    3.5122587623e+01   -9.7139215186e+00    3.7920637457e+00    7.7487070569e+00    7.0352107511e+00   -2.5264436755e+01    7.6659742793e-01    2.5034620000e+06    1.7413723423e+01    9.9996475193e-01
       398   -5.9212797853e+00    3.5116047210e+01   -9.6904756226e+00    3.7691958373e+00    7.7211097763e+00    7.0352107511e+00   -2.5213642737e+01    7.6684658703e-01    2.5079210000e+06    1.6981256582e+01    9.9996316644e-01
       399   -5.9240435666e+00    3.5147479049e+01   -9.6987372492e+00    3.7746936826e+00    7.7302653027e+00    7.0352107512e+00   -2.5237157334e+01    7.7294403055e-01    2.5132580000e+06    1.7263033076e+01    9.9996299507e-01
       400   -5.9253796818e+00    3.5164989265e+01   -9.6906613919e+00    3.7652817101e+00    7.7273800248e+00    7.0352107511e+00   -2.5222407184e+01    7.6915501574e-01    2.5203120000e+06    1.7172220115e+01    9.9996290243e-01
       401   -5.9273051556e+00    3.5187560501e+01   -9.7012961495e+00    3.7739909939e+00    7.7406805122e+00    7.0352107511e+00   -2.5266255278e+01    7.8906786541e-01    2.5215250000e+06    1.7220908550e+01    9.9996569669e-01
       402   -5.9249634961e+00    3.5160106636e+01   -9.6957095260e+00    3.7707460298e+00    7.7164662134e+00    7.0352107511e+00   -2.5220169745e+01    7.7278325483e-01    2.5101910000e+06    1.7313650759e+01    9.9996593774e-01
       403   -5.9246863189e+00    3.5159658872e+01   -9.6501127651e+00    3.7254264462e+00    7.6990427728e+00    7.0352107511e+00   -2.5170564314e+01    7.8619802463e-01    2.5272410000e+06    1.7117304348e+01    9.9996275552e-01
       404   -5.9243443763e+00    3.5151978101e+01   -9.6825444896e+00    3.7582001133e+00    7.7104644244e+00    7.0352107511e+00   -2.5235642753e+01    8.0742308781e-01    2.5354940000e+06    1.7476225268e+01    9.9996041392e-01
       405   -5.9236441552e+00    3.5149719966e+01   -9.6610634549e+00    3.7374192997e+00    7.7033720679e+00    7.0352107511e+00   -2.5183200164e+01    7.8355388971e-01    2.5251050000e+06    1.7277263342e+01    9.9996287031e-01
       406   -5.9219735080e+00    3.5129759280e+01   -9.7008401472e+00    3.7788666391e+00    7.6966629568e+00    7.0352107511e+00   -2.5216604984e+01    7.8389112884e-01    2.5223040000e+06    1.7281396677e+01    9.9996179006e-01
