# Index          LocalEnergy            Variance              Weight        NumOfWalkers      AvgSentWalkers         TrialEnergy             DiffEff      LivingFraction
         0   -5.9196485112e+00    4.9352435363e-02    8.7110000000e+03    8.7040000000e+03    0.0000000000e+00   -5.9205406766e+00    9.9831471003e-01    9.9954044118e-01
         1   -5.9196074790e+00    5.0954469012e-02    8.6969475794e+03    8.7040000000e+03    0.0000000000e+00   -6.0000389835e+00    9.9836661361e-01    9.9908088235e-01
         2   -5.9217164023e+00    5.1288168598e-02    8.7040880576e+03    8.7050000000e+03    4.1360294118e-03   -5.9310957897e+00    9.9815350511e-01    9.9942561746e-01
         3   -5.9228122656e+00    5.0905171936e-02    8.7040741791e+03    8.7070000000e+03    3.2169117647e-03   -5.9561773756e+00    9.9818518504e-01    9.9919604916e-01
         4   -5.9220825630e+00    5.6421921277e-02    8.7039651765e+03    8.7040000000e+03    3.2169117647e-03   -5.9228122656e+00    9.9803053598e-01    9.9931066176e-01
         5   -5.9212621684e+00    8.1212259694e-02    8.7039540097e+03    8.7030000000e+03    2.7573529412e-03   -5.9105929324e+00    9.9784536784e-01    9.9942548546e-01
         6   -5.9241308837e+00    5.9331660194e-02    8.7041331851e+03    8.7040000000e+03    2.7573529412e-03   -5.9212621684e+00    9.9837461568e-01    9.9931066176e-01
         7   -5.9244330169e+00    6.0938309466e-02    8.7040461133e+03    8.7080000000e+03    4.5955882353e-03   -5.9700762095e+00    9.9834724147e-01    9.9931097841e-01
         8   -5.9228118823e+00    5.4415951774e-02    8.7039367653e+03    8.7080000000e+03    2.7573529412e-03   -5.9703783428e+00    9.9819014648e-01    9.9885163068e-01
         9   -5.9251906100e+00    6.4824989839e-02    8.7041113962e+03    8.7000000000e+03    4.5955882353e-03   -5.8768454370e+00    9.9837041734e-01    9.9977011494e-01
        10   -5.9250950597e+00    7.5984374555e-02    8.7040123558e+03    8.7050000000e+03    3.2169117647e-03   -5.9366789206e+00    9.9795794919e-01    9.9896611143e-01
        11   -5.9253083581e+00    7.0037593954e-02    8.6970535463e+03    8.6970000000e+03    4.1360294118e-03   -5.9243860585e+00    9.9807819225e-01    9.9954007129e-01
        12   -5.9281268733e+00    1.1360142090e-01    8.7000318426e+03    8.7000000000e+03    3.2169117647e-03   -5.9246831704e+00    9.9798768898e-01    9.9873563218e-01
        13   -5.9268389960e+00    6.8745112316e-02    8.6951177746e+03    8.6950000000e+03    5.0551470588e-03   -5.9241634669e+00    9.9813538003e-01    9.9930994825e-01
        14   -5.9283823134e+00    7.7129367309e-02    8.6932404310e+03    8.6930000000e+03    2.7573529412e-03   -5.9246656392e+00    9.9834060484e-01    9.9919475440e-01
        15   -5.9279925568e+00    6.1728806134e-02    8.6923311133e+03    8.6920000000e+03    3.2169117647e-03   -5.9247323517e+00    9.9821877691e-01    9.9965485504e-01
        16   -5.9285066899e+00    6.4710720883e-02    8.6952467391e+03    8.6950000000e+03    2.7573529412e-03   -5.9254558261e+00    9.9821961337e-01    9.9884991374e-01
        17   -5.9308839434e+00    6.8700372946e-02    8.6913904812e+03    8.6910000000e+03    4.1360294118e-03   -5.9252102841e+00    9.9828411988e-01    9.9919456909e-01
        18   -5.9310370357e+00    7.7936315560e-02    8.6904194467e+03    8.6900000000e+03    3.2169117647e-03   -5.9253204313e+00    9.9838851149e-01    9.9919447641e-01
        19   -5.9297138655e+00    5.8394025194e-02    8.6853768254e+03    8.6850000000e+03    3.2169117647e-03   -5.9251841985e+00    9.9819404217e-01    9.9953943581e-01
        20   -5.9316185561e+00    7.7835606031e-02    8.6863698562e+03    8.6860000000e+03    2.2977941176e-03   -5.9256660876e+00    9.9824434876e-01    9.9919410546e-01
        21   -5.9301150930e+00    6.3676377089e-02    8.6823587583e+03    8.6820000000e+03    3.2169117647e-03   -5.9253852542e+00    9.9823143934e-01    9.9907855333e-01
        22   -5.9282993011e+00    5.5965749037e-02    8.6813206148e+03    8.6810000000e+03    3.6764705882e-03   -5.9255786108e+00    9.9808835407e-01    9.9942402949e-01
        23   -5.9280210072e+00    6.8386304228e-02    8.6791664877e+03    8.6790000000e+03    2.2977941176e-03   -5.9254936208e+00    9.9810647569e-01    9.9919345547e-01
        24   -5.9278946291e+00    5.8003345176e-02    8.6821489792e+03    8.6820000000e+03    4.5955882353e-03   -5.9258341733e+00    9.9822018493e-01    9.9965445750e-01
        25   -5.9303117554e+00    2.0615184037e-01    8.6860145008e+03    8.6860000000e+03    3.2169117647e-03   -5.9262718613e+00    9.9774700967e-01    9.9953948883e-01
        26   -5.9279741481e+00    1.2132989576e-01    8.6859253037e+03    8.6860000000e+03    1.8382352941e-03   -5.9262438995e+00    9.9799995514e-01    9.9930923325e-01
        27   -5.9265763899e+00    6.3745048512e-02    8.6868808049e+03    8.6870000000e+03    3.2169117647e-03   -5.9264765324e+00    9.9872240955e-01    9.9873374007e-01
        28   -5.9283472297e+00    6.0150516417e-02    8.6831082930e+03    8.6830000000e+03    5.0551470588e-03   -5.9259905561e+00    9.9792817768e-01    9.9873315674e-01
        29   -5.9288502339e+00    7.1083106266e-02    8.6743168415e+03    8.6740000000e+03    5.0551470588e-03   -5.9248572070e+00    9.9811831774e-01    9.9930827761e-01
        30   -5.9303120259e+00    8.5647074421e-02    8.6752650878e+03    8.6750000000e+03    3.2169117647e-03   -5.9249743563e+00    9.9810490310e-01    9.9942363112e-01
        31   -5.9316891834e+00    7.7794445682e-02    8.6723909319e+03    8.6720000000e+03    2.2977941176e-03   -5.9246541186e+00    9.9820205750e-01    9.9976937269e-01
        32   -5.9293690316e+00    6.3470494253e-02    8.6734224293e+03    8.6730000000e+03    1.3786764706e-03   -5.9248591830e+00    9.9798924703e-01    9.9907759714e-01
        33   -5.9282212254e+00    5.4334876241e-02    8.6683730490e+03    8.6680000000e+03    3.6764705882e-03   -5.9244243438e+00    9.9783144100e-01    9.9930779880e-01
        34   -5.9268757949e+00    5.4734021888e-02    8.6633024352e+03    8.6630000000e+03    2.7573529412e-03   -5.9238806797e+00    9.9790926855e-01    9.9942283274e-01
        35   -5.9285113823e+00    5.0326577447e-02    8.6603454134e+03    8.6600000000e+03    2.2977941176e-03   -5.9235190769e+00    9.9829760577e-01    9.9953810624e-01
        36   -5.9275090041e+00    5.0225930271e-02    8.6584035943e+03    8.6580000000e+03    1.8382352941e-03   -5.9232222861e+00    9.9802329875e-01    9.9953799954e-01
        37   -5.9270214877e+00    5.2790068479e-02    8.6623055340e+03    8.6620000000e+03    3.6764705882e-03   -5.9236838152e+00    9.9802697415e-01    9.9942276610e-01
        38   -5.9265908610e+00    4.5704347950e-02    8.6622672844e+03    8.6620000000e+03    2.2977941176e-03   -5.9236476774e+00    9.9801311952e-01    9.9907642577e-01
        39   -5.9281102721e+00    4.5004803535e-02    8.6593521708e+03    8.6590000000e+03    3.6764705882e-03   -5.9232508206e+00    9.9825358158e-01    9.9976902645e-01
        40   -5.9298350290e+00    5.5705517571e-02    8.6634504621e+03    8.6630000000e+03    2.7573529412e-03   -5.9236512142e+00    9.9773160469e-01    9.9942283274e-01
        41   -5.9272140398e+00    5.1963543415e-02    8.6594441760e+03    8.6590000000e+03    2.2977941176e-03   -5.9231809044e+00    9.9772787502e-01    9.9919159256e-01
        42   -5.9249504799e+00    4.4367991348e-02    8.6592654134e+03    8.6590000000e+03    3.2169117647e-03   -5.9232268631e+00    9.9790814478e-01    9.9976902645e-01
        43   -5.9246150236e+00    4.8391737259e-02    8.6611037175e+03    8.6610000000e+03    1.8382352941e-03   -5.9234215593e+00    9.9776236686e-01    9.9896085902e-01
        44   -5.9257642798e+00    5.4522018247e-02    8.6552204644e+03    8.6550000000e+03    4.1360294118e-03   -5.9226278651e+00    9.9824884530e-01    9.9976891970e-01
        45   -5.9268899588e+00    5.7134822388e-02    8.6582839786e+03    8.6580000000e+03    2.2977941176e-03   -5.9228699014e+00    9.9807687011e-01    9.9965349965e-01
        46   -5.9268727589e+00    5.6807506421e-02    8.6613221954e+03    8.6610000000e+03    2.7573529412e-03   -5.9231495483e+00    9.9806830807e-01    9.9953815957e-01
        47   -5.9258476610e+00    6.3752821383e-02    8.6642374379e+03    8.6640000000e+03    3.2169117647e-03   -5.9234631094e+00    9.9837643597e-01    9.9942289935e-01
        48   -5.9273683504e+00    6.2037864136e-02    8.6672437054e+03    8.6670000000e+03    3.6764705882e-03   -5.9237778222e+00    9.9810600033e-01    9.9919233876e-01
        49   -5.9269345317e+00    6.2732542538e-02    8.6682973500e+03    8.6680000000e+03    3.6764705882e-03   -5.9238370383e+00    9.9811911875e-01    9.9930779880e-01
        50   -5.9265099151e+00    5.9699201608e-02    8.6662971840e+03    8.6660000000e+03    2.7573529412e-03   -5.9235909456e+00    9.9816701869e-01    9.9930763905e-01
        51   -5.9268386110e+00    5.9775504817e-02    8.6642748098e+03    8.6640000000e+03    2.7573529412e-03   -5.9233349666e+00    9.9830290063e-01    9.9907663897e-01
        52   -5.9286688633e+00    6.5129129963e-02    8.6584303602e+03    8.6580000000e+03    3.6764705882e-03   -5.9226081289e+00    9.9832478989e-01    9.9965349965e-01
        53   -5.9281543726e+00    5.4099150922e-02    8.6584860137e+03    8.6580000000e+03    1.3786764706e-03   -5.9225832811e+00    9.9820109623e-01    9.9919149919e-01
        54   -5.9287050160e+00    5.9916606452e-02    8.6585109649e+03    8.6580000000e+03    3.2169117647e-03   -5.9226011593e+00    9.9787416126e-01    9.9907599908e-01
        55   -5.9282530833e+00    6.5617503553e-02    8.6585254213e+03    8.6580000000e+03    3.6764705882e-03   -5.9226068098e+00    9.9814122811e-01    9.9919149919e-01
        56   -5.9273059951e+00    6.8286923481e-02    8.6574488169e+03    8.6570000000e+03    3.2169117647e-03   -5.9225086783e+00    9.9833542994e-01    9.9953794617e-01
        57   -5.9273561014e+00    6.8717351626e-02    8.6623652215e+03    8.6620000000e+03    4.1360294118e-03   -5.9230930992e+00    9.9822524786e-01    9.9896097899e-01
        58   -5.9258448528e+00    6.8056955263e-02    8.6613658263e+03    8.6610000000e+03    4.1360294118e-03   -5.9229646426e+00    9.9820546245e-01    9.9976907978e-01
        59   -5.9259536561e+00    6.9063516157e-02    8.6652049578e+03    8.6650000000e+03    2.7573529412e-03   -5.9234149266e+00    9.9831518188e-01    9.9919215234e-01
        60   -5.9268834534e+00    5.5411275773e-02    8.6662696982e+03    8.6660000000e+03    3.6764705882e-03   -5.9234891099e+00    9.9818578678e-01    9.9930763905e-01
        61   -5.9256535082e+00    6.4740968079e-02    8.6652661153e+03    8.6650000000e+03    2.7573529412e-03   -5.9233362427e+00    9.9798905878e-01    9.9930755915e-01
        62   -5.9262397921e+00    6.0675949238e-02    8.6612724720e+03    8.6610000000e+03    2.7573529412e-03   -5.9228563636e+00    9.9826587614e-01    9.9953815957e-01
        63   -5.9246445266e+00    5.9196432980e-02    8.6632103507e+03    8.6630000000e+03    2.7573529412e-03   -5.9230465901e+00    9.9771876250e-01    9.9919196583e-01
        64   -5.9262199976e+00    6.3597460953e-02    8.6622103871e+03    8.6620000000e+03    3.2169117647e-03   -5.9229028461e+00    9.9814576852e-01    9.9873008543e-01
        65   -5.9263737817e+00    7.7449708020e-02    8.6553867088e+03    8.6550000000e+03    5.0551470588e-03   -5.9220381126e+00    9.9831594383e-01    9.9919121895e-01
        66   -5.9270980025e+00    6.2199747857e-02    8.6544058592e+03    8.6540000000e+03    3.2169117647e-03   -5.9218964297e+00    9.9826566052e-01    9.9942223249e-01
        67   -5.9316335038e+00    1.0695148978e-01    8.6575087367e+03    8.6570000000e+03    3.6764705882e-03   -5.9222205092e+00    9.9799469299e-01    9.9965345963e-01
        68   -5.9294595950e+00    5.0667339106e-02    8.6565788239e+03    8.6560000000e+03    1.3786764706e-03   -5.9220957312e+00    9.9812538145e-01    9.9953789279e-01
        69   -5.9305892321e+00    5.2527690678e-02    8.6616351878e+03    8.6610000000e+03    4.1360294118e-03   -5.9227411274e+00    9.9846379860e-01    9.9976907978e-01
        70   -5.9327057991e+00    6.4873040164e-02    8.6637424803e+03    8.6630000000e+03    1.8382352941e-03   -5.9230014537e+00    9.9845016665e-01    9.9942283274e-01
        71   -5.9317598697e+00    6.1354503230e-02    8.6657612068e+03    8.6650000000e+03    3.2169117647e-03   -5.9232792804e+00    9.9854418161e-01    9.9942296595e-01
        72   -5.9321889380e+00    6.5268650187e-02    8.6677133960e+03    8.6670000000e+03    3.2169117647e-03   -5.9235896763e+00    9.9792978063e-01    1.0000000000e+00
        73   -5.9302799403e+00    5.9464526878e-02    8.6725889871e+03    8.6720000000e+03    2.2977941176e-03   -5.9242284777e+00    9.9809471693e-01    9.9919280443e-01
        74   -5.9336055236e+00    8.4969996416e-02    8.6687275183e+03    8.6680000000e+03    3.2169117647e-03   -5.9238339481e+00    9.9812007423e-01    9.9965389940e-01
        75   -5.9344470151e+00    7.3606349677e-02    8.6698510978e+03    8.6690000000e+03    1.8382352941e-03   -5.9239847143e+00    9.9857741384e-01    9.9930787865e-01
        76   -5.9342422077e+00    6.7077338458e-02    8.6689171396e+03    8.6680000000e+03    2.7573529412e-03   -5.9239540747e+00    9.9801714018e-01    9.9896169820e-01
        77   -5.9323907490e+00    6.2553782019e-02    8.6668309039e+03    8.6660000000e+03    4.1360294118e-03   -5.9238180656e+00    9.9804668377e-01    9.9930763905e-01
        78   -5.9314586099e+00    5.9646632195e-02    8.6676714236e+03    8.6670000000e+03    3.2169117647e-03   -5.9240224050e+00    9.9794855350e-01    9.9942309911e-01
        79   -5.9304746184e+00    5.9216222932e-02    8.6695665959e+03    8.6690000000e+03    3.2169117647e-03   -5.9243126803e+00    9.9808316283e-01    9.9953858577e-01
        80   -5.9283095116e+00    5.7833701073e-02    8.6723939454e+03    8.6720000000e+03    3.2169117647e-03   -5.9247032051e+00    9.9818954252e-01    9.9896217712e-01
        81   -5.9296381101e+00    5.9892842419e-02    8.6743551073e+03    8.6740000000e+03    5.0551470588e-03   -5.9249632167e+00    9.9809293640e-01    9.9965413881e-01
        82   -5.9274084609e+00    5.7115488420e-02    8.6733247232e+03    8.6730000000e+03    1.3786764706e-03   -5.9248464459e+00    9.9829865704e-01    9.9942349821e-01
        83   -5.9253730881e+00    5.6228468375e-02    8.6711445191e+03    8.6710000000e+03    2.2977941176e-03   -5.9246325819e+00    9.9769161831e-01    9.9942336524e-01
        84   -5.9272148672e+00    6.0116250446e-02    8.6691580404e+03    8.6690000000e+03    2.2977941176e-03   -5.9243880813e+00    9.9762670408e-01    9.9919252509e-01
        85   -5.9270284627e+00    5.6612014619e-02    8.6662867936e+03    8.6660000000e+03    3.2169117647e-03   -5.9240013709e+00    9.9848113585e-01    9.9942303254e-01
        86   -5.9280134451e+00    5.5774128946e-02    8.6682778903e+03    8.6680000000e+03    3.2169117647e-03   -5.9242168435e+00    9.9812830017e-01    9.9976926627e-01
        87   -5.9284552631e+00    6.2050783184e-02    8.6732972915e+03    8.6730000000e+03    3.2169117647e-03   -5.9247762000e+00    9.9811217784e-01    9.9907759714e-01
        88   -5.9272403965e+00    5.7537852570e-02    8.6693302599e+03    8.6690000000e+03    3.6764705882e-03   -5.9243106525e+00    9.9839119697e-01    9.9930787865e-01
        89   -5.9267593385e+00    6.1683726528e-02    8.6702259301e+03    8.6700000000e+03    3.2169117647e-03   -5.9244274597e+00    9.9822657523e-01    9.9907727797e-01
        90   -5.9308781150e+00    6.7427790401e-02    8.6694221603e+03    8.6690000000e+03    3.6764705882e-03   -5.9242983508e+00    9.9830466604e-01    9.9930787865e-01
        91   -5.9316497028e+00    6.4030007016e-02    8.6725742924e+03    8.6720000000e+03    4.1360294118e-03   -5.9246249904e+00    9.9805756051e-01    9.9953874539e-01
        92   -5.9305159338e+00    7.4960402560e-02    8.6745187045e+03    8.6740000000e+03    2.7573529412e-03   -5.9248869311e+00    9.9817928630e-01    9.9907770348e-01
        93   -5.9295415336e+00    7.6150768553e-02    8.6714572734e+03    8.6710000000e+03    3.6764705882e-03   -5.9245808911e+00    9.9843989955e-01    9.9976934610e-01
        94   -5.9289429776e+00    8.4491012353e-02    8.6763394019e+03    8.6760000000e+03    3.2169117647e-03   -5.9251827939e+00    9.9769431977e-01    9.9930843707e-01
        95   -5.9282088995e+00    1.1600426397e-01    8.6781503415e+03    8.6780000000e+03    3.6764705882e-03   -5.9254266606e+00    9.9864659748e-01    9.9953906430e-01
        96   -5.9277982417e+00    5.5367052473e-02    8.6810940390e+03    8.6810000000e+03    3.2169117647e-03   -5.9257784040e+00    9.9799713851e-01    9.9988480590e-01
        97   -5.9283267411e+00    6.5949101378e-02    8.6861419807e+03    8.6860000000e+03    2.7573529412e-03   -5.9263517321e+00    9.9800932917e-01    9.9942436104e-01
        98   -5.9280978798e+00    6.6598142631e-02    8.6841819879e+03    8.6840000000e+03    2.2977941176e-03   -5.9261143631e+00    9.9795668368e-01    9.9942422847e-01
        99   -5.9300216436e+00    6.5982104615e-02    8.6872176397e+03    8.6870000000e+03    3.6764705882e-03   -5.9264587769e+00    9.9792393324e-01    9.9976977092e-01
