#   index    LocalEnergy         LocalEnergy_sq      LocalPotential      Kinetic             ElecElec            IonIon              LocalECP            NonLocalECP         BlockWeight         BlockCPU            AcceptRatio         
         0   -6.2753549153e+00    3.9413265464e+01   -1.0296339483e+01    4.0209845679e+00    8.5142715070e+00    7.0352107511e+00   -2.6593496107e+01    7.4767436541e-01    6.7200000000e+02    9.1101086014e-03    5.4393229167e-01
         1   -6.2720318935e+00    3.9369855267e+01   -1.0193993674e+01    3.9219617810e+00    8.3640583417e+00    7.0352107511e+00   -2.6421164765e+01    8.2790199818e-01    6.7200000000e+02    8.9708839909e-03    5.4231398810e-01
         2   -6.2730942100e+00    3.9385670178e+01   -1.0246502310e+01    3.9734080995e+00    8.4624291483e+00    7.0352107511e+00   -2.6501697296e+01    7.5755508741e-01    6.7200000000e+02    8.9713870950e-03    5.4103050595e-01
         3   -6.2645084064e+00    3.9273546486e+01   -1.0275314493e+01    4.0108060867e+00    8.3961707791e+00    7.0352107511e+00   -2.6386351519e+01    6.7965549571e-01    6.7200000000e+02    8.9754512467e-03    5.4342261905e-01
         4   -6.2694776842e+00    3.9330881630e+01   -1.0217669936e+01    3.9481922520e+00    8.3878988829e+00    7.0352107511e+00   -2.6277830472e+01    6.3705090228e-01    6.7200000000e+02    8.9459993705e-03    5.4075520833e-01
         5   -6.2737001440e+00    3.9394374706e+01   -1.0340187256e+01    4.0664871116e+00    8.3848286092e+00    7.0352107511e+00   -2.6527834081e+01    7.6760746491e-01    6.7200000000e+02    8.9194177708e-03    5.4209821429e-01
         6   -6.2787343477e+00    3.9450155986e+01   -1.0268470826e+01    3.9897364784e+00    8.4731950402e+00    7.0352107511e+00   -2.6434206812e+01    6.5733019515e-01    6.7200000000e+02    8.9738450008e-03    5.4343005952e-01
         7   -6.2670169163e+00    3.9324788222e+01   -1.0172844374e+01    3.9058274574e+00    8.4025248226e+00    7.0352107511e+00   -2.6406051079e+01    7.9547113146e-01    6.7200000000e+02    8.9685446957e-03    5.4249627976e-01
         8   -6.2668040796e+00    3.9306355234e+01   -1.0159255303e+01    3.8924512237e+00    8.4487507240e+00    7.0352107511e+00   -2.6403372099e+01    7.6015532073e-01    6.7200000000e+02    8.9689492514e-03    5.4258184524e-01
         9   -6.2719324503e+00    3.9378475339e+01   -1.0239165366e+01    3.9672329159e+00    8.4054043474e+00    7.0352107511e+00   -2.6497850082e+01    8.1806961747e-01    6.7200000000e+02    8.9811629995e-03    5.4178571429e-01
        10   -6.2706450557e+00    3.9378260771e+01   -1.0116280087e+01    3.8456350315e+00    8.3929906673e+00    7.0352107511e+00   -2.6313062532e+01    7.6858102638e-01    6.7200000000e+02    8.9639638373e-03    5.4301711310e-01
        11   -6.2680798721e+00    3.9333622291e+01   -1.0212547936e+01    3.9444680638e+00    8.4339108904e+00    7.0352107511e+00   -2.6598427885e+01    9.1675830782e-01    6.7200000000e+02    8.9766129691e-03    5.4297991071e-01
        12   -6.2745503840e+00    3.9404770858e+01   -1.0296265782e+01    4.0217153978e+00    8.4295988080e+00    7.0352107511e+00   -2.6515728192e+01    7.5465285070e-01    6.7200000000e+02    8.9684574341e-03    5.4126860119e-01
        13   -6.2613144725e+00    3.9245181111e+01   -1.0087871076e+01    3.8265566032e+00    8.4402404266e+00    7.0352107511e+00   -2.6324849833e+01    7.6152757911e-01    6.7200000000e+02    8.9642428627e-03    5.4115699405e-01
        14   -6.2676496956e+00    3.9313580573e+01   -1.0243387958e+01    3.9757382627e+00    8.3452724447e+00    7.0352107511e+00   -2.6307287490e+01    6.8341633588e-01    6.7200000000e+02    8.9680661151e-03    5.4402157738e-01
        15   -6.2509451651e+00    3.9117107621e+01   -1.0318018337e+01    4.0670731716e+00    8.4007175252e+00    7.0352107511e+00   -2.6499464291e+01    7.4551767797e-01    6.7200000000e+02    8.9469367148e-03    5.4172619048e-01
        16   -6.2577852232e+00    3.9193561216e+01   -1.0311720769e+01    4.0539355455e+00    8.3547967303e+00    7.0352107511e+00   -2.6412702059e+01    7.1097380909e-01    6.7200000000e+02    8.9543059640e-03    5.4123883929e-01
        17   -6.2618223334e+00    3.9247547928e+01   -1.0345310615e+01    4.0834882814e+00    8.4745774152e+00    7.0352107511e+00   -2.6563788167e+01    7.0868938545e-01    6.7200000000e+02    8.9302732446e-03    5.4271577381e-01
        18   -6.2735676309e+00    3.9397496241e+01   -1.0093122180e+01    3.8195545494e+00    8.4306373717e+00    7.0352107511e+00   -2.6378829393e+01    8.1985909027e-01    6.7200000000e+02    8.9806866807e-03    5.4168154762e-01
        19   -6.2763766949e+00    3.9425199739e+01   -1.0223442911e+01    3.9470662162e+00    8.3797194366e+00    7.0352107511e+00   -2.6373239784e+01    7.3486668526e-01    6.7200000000e+02    8.9820113928e-03    5.4234002976e-01
        20   -6.2822952775e+00    3.9495717888e+01   -1.0171526175e+01    3.8892308972e+00    8.4413698001e+00    7.0352107511e+00   -2.6455813049e+01    8.0770632275e-01    6.7200000000e+02    8.9826556380e-03    5.4242187500e-01
        21   -6.2659750058e+00    3.9301831272e+01   -1.0317159743e+01    4.0511847374e+00    8.3604831388e+00    7.0352107511e+00   -2.6542462751e+01    8.2960911742e-01    6.7200000000e+02    8.9720453973e-03    5.4341145833e-01
        22   -6.2575774875e+00    3.9218807316e+01   -1.0174511270e+01    3.9169337824e+00    8.4414002065e+00    7.0352107511e+00   -2.6459832630e+01    8.0871040237e-01    6.7200000000e+02    8.9935875287e-03    5.4407366071e-01
        23   -6.2666880283e+00    3.9307955023e+01   -1.0390205570e+01    4.1235175421e+00    8.4887759946e+00    7.0352107511e+00   -2.6828521507e+01    9.1432919077e-01    6.7200000000e+02    8.9699182440e-03    5.4155505952e-01
        24   -6.2763351617e+00    3.9418435624e+01   -1.0271447222e+01    3.9951120606e+00    8.4977615342e+00    7.0352107511e+00   -2.6568671518e+01    7.6425201056e-01    6.7200000000e+02    8.9710602188e-03    5.4146205357e-01
        25   -6.2700854788e+00    3.9348214476e+01   -1.0190547750e+01    3.9204622710e+00    8.3709795278e+00    7.0352107511e+00   -2.6348049347e+01    7.5131131814e-01    6.7200000000e+02    8.9603997559e-03    5.4225446429e-01
        26   -6.2731605371e+00    3.9385321961e+01   -1.0205834002e+01    3.9326734652e+00    8.4046258068e+00    7.0352107511e+00   -2.6363319737e+01    7.1764917703e-01    6.7200000000e+02    8.9629785521e-03    5.4169642857e-01
        27   -6.2869661175e+00    3.9558208928e+01   -1.0244208470e+01    3.9572423528e+00    8.4525653989e+00    7.0352107511e+00   -2.6441910085e+01    7.0992546517e-01    6.7200000000e+02    8.9816129933e-03    5.4239955357e-01
        28   -6.2813792631e+00    3.9491348615e+01   -1.0082567688e+01    3.8011884250e+00    8.4836348369e+00    7.0352107511e+00   -2.6477241521e+01    8.7582824507e-01    6.7200000000e+02    9.0020797299e-03    5.4383556548e-01
        29   -6.2783709012e+00    3.9448350482e+01   -1.0105868489e+01    3.8274975881e+00    8.3918839672e+00    7.0352107511e+00   -2.6219162089e+01    6.8619888158e-01    6.7200000000e+02    8.9648841157e-03    5.4127604167e-01
        30   -6.2627147700e+00    3.9257051702e+01   -1.0157694593e+01    3.8949798229e+00    8.3562645060e+00    7.0352107511e+00   -2.6379877060e+01    8.3070721025e-01    6.7200000000e+02    8.9210466304e-03    5.4280133929e-01
        31   -6.2705107938e+00    3.9357253864e+01   -1.0192877450e+01    3.9223666567e+00    8.3950126966e+00    7.0352107511e+00   -2.6374626248e+01    7.5152534954e-01    6.7200000000e+02    8.9561036979e-03    5.4214657738e-01
        32   -6.2847325919e+00    3.9560622536e+01   -1.0120986154e+01    3.8362535619e+00    8.4434405188e+00    7.0352107511e+00   -2.6274950577e+01    6.7531315317e-01    6.7200000000e+02    8.9657520695e-03    5.4326636905e-01
        33   -6.2825721497e+00    3.9495737366e+01   -1.0285348227e+01    4.0027760772e+00    8.3839546339e+00    7.0352107511e+00   -2.6347869004e+01    6.4335539205e-01    6.7200000000e+02    8.9895385803e-03    5.4518229167e-01
        34   -6.2661435193e+00    3.9293621225e+01   -1.0180163340e+01    3.9140198210e+00    8.4526346583e+00    7.0352107511e+00   -2.6456369786e+01    7.8836103612e-01    6.7200000000e+02    8.9875547537e-03    5.4168898810e-01
        35   -6.2849616428e+00    3.9534687304e+01   -1.0177893568e+01    3.8929319247e+00    8.4926035530e+00    7.0352107511e+00   -2.6514478205e+01    8.0877033307e-01    6.7200000000e+02    8.9743261619e-03    5.4214285714e-01
        36   -6.2711095836e+00    3.9362143921e+01   -1.0351173521e+01    4.0800639372e+00    8.4655426374e+00    7.0352107511e+00   -2.6588055253e+01    7.3612834316e-01    6.7200000000e+02    9.0147464320e-03    5.4350818452e-01
        37   -6.2786222814e+00    3.9447760257e+01   -1.0289916493e+01    4.0112942114e+00    8.4932606603e+00    7.0352107511e+00   -2.6459541964e+01    6.4115406036e-01    6.7200000000e+02    8.9746089957e-03    5.4251860119e-01
        38   -6.2737764960e+00    3.9390201937e+01   -1.0262594511e+01    3.9888180153e+00    8.3893517122e+00    7.0352107511e+00   -2.6390510228e+01    7.0335325382e-01    6.7200000000e+02    8.9637408535e-03    5.4238839286e-01
        39   -6.2743408901e+00    3.9402196657e+01   -1.0213591039e+01    3.9392501487e+00    8.4495598749e+00    7.0352107511e+00   -2.6485525902e+01    7.8716423752e-01    6.7200000000e+02    8.9555564447e-03    5.4093377976e-01
        40   -6.2584133491e+00    3.9203424683e+01   -1.0321940495e+01    4.0635271458e+00    8.4662576430e+00    7.0352107511e+00   -2.6641119326e+01    8.1771043721e-01    6.7200000000e+02    8.9880148437e-03    5.4275669643e-01
        41   -6.2735436648e+00    3.9393846827e+01   -1.0192787525e+01    3.9192438598e+00    8.4516062973e+00    7.0352107511e+00   -2.6459021261e+01    7.7941668790e-01    6.7200000000e+02    8.9719697162e-03    5.4091889881e-01
        42   -6.2704182317e+00    3.9349355682e+01   -1.0354635487e+01    4.0842172554e+00    8.4104734717e+00    7.0352107511e+00   -2.6580796463e+01    7.8047675293e-01    6.7200000000e+02    8.9638314994e-03    5.4239583333e-01
        43   -6.2654162321e+00    3.9294031173e+01   -1.0173428055e+01    3.9080118227e+00    8.4075134943e+00    7.0352107511e+00   -2.6517075164e+01    9.0092286435e-01    6.7200000000e+02    8.9600538014e-03    5.4461309524e-01
        44   -6.2882642331e+00    3.9572275142e+01   -1.0173000856e+01    3.8847366225e+00    8.4485751531e+00    7.0352107511e+00   -2.6400409211e+01    7.4362245079e-01    6.7200000000e+02    8.9677490981e-03    5.4162574405e-01
        45   -6.2729943674e+00    3.9384375817e+01   -1.0177306319e+01    3.9043119519e+00    8.4028360262e+00    7.0352107511e+00   -2.6367066494e+01    7.5171339770e-01    6.7200000000e+02    8.9649797148e-03    5.4353050595e-01
        46   -6.2797650040e+00    3.9462672469e+01   -1.0254702667e+01    3.9749376629e+00    8.4358008388e+00    7.0352107511e+00   -2.6482335345e+01    7.5662108853e-01    6.7200000000e+02    8.9523688117e-03    5.4182291667e-01
        47   -6.2717341181e+00    3.9370212277e+01   -1.0255241008e+01    3.9835068903e+00    8.4626345281e+00    7.0352107511e+00   -2.6465077416e+01    7.1199112850e-01    6.7200000000e+02    8.9555381412e-03    5.4171130952e-01
        48   -6.2697753112e+00    3.9340141028e+01   -1.0391057108e+01    4.1212817970e+00    8.4498047533e+00    7.0352107511e+00   -2.6619087224e+01    7.4301461142e-01    6.7200000000e+02    9.0156821548e-03    5.4194196429e-01
        49   -6.2723984983e+00    3.9371023853e+01   -1.0242516784e+01    3.9701182857e+00    8.4741158747e+00    7.0352107511e+00   -2.6470630018e+01    7.1878660796e-01    6.7200000000e+02    8.9777605220e-03    5.4172619048e-01
        50   -6.2813435848e+00    3.9489408519e+01   -1.0149796432e+01    3.8684528467e+00    8.4495009530e+00    7.0352107511e+00   -2.6411847082e+01    7.7733894675e-01    6.7200000000e+02    9.0068912693e-03    5.4258556548e-01
        51   -6.2774314670e+00    3.9437991762e+01   -1.0425116082e+01    4.1476846155e+00    8.4504767479e+00    7.0352107511e+00   -2.6651846234e+01    7.4104265259e-01    6.7200000000e+02    8.9647302909e-03    5.4326636905e-01
        52   -6.2573075563e+00    3.9202033149e+01   -1.0190467469e+01    3.9331599124e+00    8.4081064779e+00    7.0352107511e+00   -2.6448995520e+01    8.1521082197e-01    6.7200000000e+02    8.9164141086e-03    5.3955729167e-01
        53   -6.2693734070e+00    3.9352457877e+01   -1.0308694636e+01    4.0393212294e+00    8.4340342610e+00    7.0352107511e+00   -2.6569292571e+01    7.9135292274e-01    6.7200000000e+02    8.9620325820e-03    5.4332217262e-01
        54   -6.2759226597e+00    3.9418892109e+01   -1.0259463675e+01    3.9835410155e+00    8.3900062227e+00    7.0352107511e+00   -2.6525117093e+01    8.4043644414e-01    6.7200000000e+02    8.9769011053e-03    5.4325148810e-01
        55   -6.2693678751e+00    3.9339915703e+01   -1.0325609817e+01    4.0562419419e+00    8.4561023370e+00    7.0352107511e+00   -2.6489864804e+01    6.7294189867e-01    6.7200000000e+02    8.9946683216e-03    5.4273809524e-01
        56   -6.2686729851e+00    3.9331620860e+01   -1.0065338598e+01    3.7966656128e+00    8.4122904057e+00    7.0352107511e+00   -2.6380630543e+01    8.6779078857e-01    6.7200000000e+02    8.9713421295e-03    5.4103422619e-01
        57   -6.2793080244e+00    3.9469584386e+01   -1.0156454662e+01    3.8771466373e+00    8.4559607051e+00    7.0352107511e+00   -2.6411527070e+01    7.6390095208e-01    6.7200000000e+02    8.9647669825e-03    5.4145833333e-01
        58   -6.2758968461e+00    3.9424340925e+01   -1.0149324458e+01    3.8734276121e+00    8.3603117540e+00    7.0352107511e+00   -2.6333433006e+01    7.8858604288e-01    6.7200000000e+02    8.9416477491e-03    5.4255952381e-01
        59   -6.2762944472e+00    3.9423089736e+01   -1.0175424215e+01    3.8991297674e+00    8.4118548895e+00    7.0352107511e+00   -2.6385916690e+01    7.6342683496e-01    6.7200000000e+02    8.9635621213e-03    5.4188244048e-01
        60   -6.2661214504e+00    3.9315390907e+01   -1.0395848074e+01    4.1297266236e+00    8.4268296157e+00    7.0352107511e+00   -2.6685240096e+01    8.2735165542e-01    6.7200000000e+02    8.9798455786e-03    5.4152529762e-01
        61   -6.2682453682e+00    3.9333578704e+01   -1.0226664874e+01    3.9584195061e+00    8.4079864052e+00    7.0352107511e+00   -2.6377030556e+01    7.0716852501e-01    6.7200000000e+02    8.9762513748e-03    5.4300223214e-01
        62   -6.2768898965e+00    3.9428723691e+01   -1.0102756520e+01    3.8258666232e+00    8.4854014194e+00    7.0352107511e+00   -2.6373839962e+01    7.5047127133e-01    6.7200000000e+02    8.9771062000e-03    5.4125372024e-01
        63   -6.2715310846e+00    3.9356618299e+01   -1.0137345458e+01    3.8658143732e+00    8.3801193038e+00    7.0352107511e+00   -2.6246519095e+01    6.9384358232e-01    6.7200000000e+02    8.9608505327e-03    5.4283110119e-01
        64   -6.2545137706e+00    3.9157118319e+01   -1.0264647777e+01    4.0101340069e+00    8.4591826977e+00    7.0352107511e+00   -2.6529193502e+01    7.7015227605e-01    6.7200000000e+02    8.9640041475e-03    5.4204985119e-01
        65   -6.2670833180e+00    3.9308858455e+01   -1.0183874176e+01    3.9167908577e+00    8.4427963753e+00    7.0352107511e+00   -2.6515970980e+01    8.5408967748e-01    6.7200000000e+02    8.9486793163e-03    5.4140252976e-01
        66   -6.2559242346e+00    3.9170381988e+01   -1.0252652009e+01    3.9967277739e+00    8.4744521959e+00    7.0352107511e+00   -2.6515523804e+01    7.5320884845e-01    6.7200000000e+02    8.9864457398e-03    5.4156622024e-01
        67   -6.2738736920e+00    3.9399730212e+01   -1.0210230673e+01    3.9363569810e+00    8.3938748817e+00    7.0352107511e+00   -2.6401094168e+01    7.6177786265e-01    6.7200000000e+02    8.9581020903e-03    5.4103422619e-01
        68   -6.2593582083e+00    3.9219877183e+01   -1.0134756854e+01    3.8753986453e+00    8.3891039941e+00    7.0352107511e+00   -2.6372749681e+01    8.1367808192e-01    6.7200000000e+02    8.9912935398e-03    5.4276413690e-01
        69   -6.2541298361e+00    3.9158579143e+01   -1.0182376940e+01    3.9282471034e+00    8.4687040115e+00    7.0352107511e+00   -2.6526279798e+01    8.3998809546e-01    6.7200000000e+02    8.9657405527e-03    5.4178571429e-01
        70   -6.2585863560e+00    3.9204546645e+01   -1.0173251181e+01    3.9146648248e+00    8.3312038862e+00    7.0352107511e+00   -2.6358597960e+01    8.1893214157e-01    6.7200000000e+02    8.9421125234e-03    5.4390252976e-01
        71   -6.2805138144e+00    3.9472757555e+01   -1.0351942714e+01    4.0714288999e+00    8.4131383128e+00    7.0352107511e+00   -2.6475803834e+01    6.7551205570e-01    6.7200000000e+02    8.9745585103e-03    5.4279389881e-01
        72   -6.2815533416e+00    3.9497704056e+01   -1.0327053296e+01    4.0454999541e+00    8.4695314429e+00    7.0352107511e+00   -2.6613617378e+01    7.8182188803e-01    6.7200000000e+02    8.9455523869e-03    5.4149181548e-01
        73   -6.2737485757e+00    3.9392137880e+01   -1.0198008494e+01    3.9242599185e+00    8.4358007784e+00    7.0352107511e+00   -2.6411349849e+01    7.4232982545e-01    6.7200000000e+02    8.9539710094e-03    5.4063988095e-01
        74   -6.2815228857e+00    3.9489829076e+01   -9.9419121806e+00    3.6603892949e+00    8.4007053955e+00    7.0352107511e+00   -2.6168422408e+01    7.9059408071e-01    6.7200000000e+02    8.9775026815e-03    5.4187500000e-01
        75   -6.2639538309e+00    3.9282600696e+01   -1.0300430326e+01    4.0364764955e+00    8.4561974198e+00    7.0352107511e+00   -2.6569514868e+01    7.7767637038e-01    6.7200000000e+02    8.9586452925e-03    5.4149925595e-01
        76   -6.2718221372e+00    3.9374230723e+01   -1.0194322170e+01    3.9225000328e+00    8.3966497532e+00    7.0352107511e+00   -2.6456088716e+01    8.2990604127e-01    6.7200000000e+02    8.9638800931e-03    5.4383928571e-01
        77   -6.2662808728e+00    3.9309706973e+01   -1.0338342684e+01    4.0720618109e+00    8.4465934253e+00    7.0352107511e+00   -2.6569028094e+01    7.4888123369e-01    6.7200000000e+02    8.9980245005e-03    5.4340401786e-01
        78   -6.2606845290e+00    3.9277862935e+01   -1.0112280341e+01    3.8515958123e+00    8.3899257763e+00    7.0352107511e+00   -2.6369481253e+01    8.3206438432e-01    6.7200000000e+02    8.9724773868e-03    5.4329985119e-01
        79   -6.2668982388e+00    3.9301079777e+01   -1.0212010080e+01    3.9451118412e+00    8.3671820427e+00    7.0352107511e+00   -2.6289138430e+01    6.7473555631e-01    6.7200000000e+02    8.9719717424e-03    5.4247767857e-01
        80   -6.2662080173e+00    3.9301521844e+01   -1.0398776126e+01    4.1325681088e+00    8.4981418702e+00    7.0352107511e+00   -2.6790543576e+01    8.5841482902e-01    6.7200000000e+02    8.9725124306e-03    5.4259300595e-01
        81   -6.2764546588e+00    3.9432719865e+01   -1.0264445702e+01    3.9879910437e+00    8.4708254505e+00    7.0352107511e+00   -2.6618615435e+01    8.4813353076e-01    6.7200000000e+02    8.9893115496e-03    5.3994791667e-01
        82   -6.2515512585e+00    3.9132938021e+01   -1.0215336450e+01    3.9637851916e+00    8.4251626430e+00    7.0352107511e+00   -2.6506933685e+01    8.3122384049e-01    6.7200000000e+02    8.9918495644e-03    5.4294642857e-01
        83   -6.2835608674e+00    3.9511997036e+01   -1.0294328204e+01    4.0107673366e+00    8.4822097453e+00    7.0352107511e+00   -2.6554170606e+01    7.4242190568e-01    6.7200000000e+02    8.9866637316e-03    5.4435267857e-01
        84   -6.2595233028e+00    3.9249745969e+01   -1.0099993421e+01    3.8404701179e+00    8.4252526312e+00    7.0352107511e+00   -2.6439692312e+01    8.7923550863e-01    6.7200000000e+02    8.9804408088e-03    5.4334821429e-01
        85   -6.2771345388e+00    3.9431770785e+01   -1.0448054329e+01    4.1709197905e+00    8.4076682798e+00    7.0352107511e+00   -2.6540862336e+01    6.4992897632e-01    6.7200000000e+02    8.9380725279e-03    5.4141741071e-01
        86   -6.2614761901e+00    3.9243231360e+01   -1.0335264473e+01    4.0737882825e+00    8.4117552915e+00    7.0352107511e+00   -2.6565200901e+01    7.8297038571e-01    6.7200000000e+02    8.9474452377e-03    5.4186755952e-01
        87   -6.2664953262e+00    3.9297154404e+01   -1.0237258256e+01    3.9707629296e+00    8.4464252601e+00    7.0352107511e+00   -2.6443172359e+01    7.2427809206e-01    6.7200000000e+02    8.9551251717e-03    5.4062127976e-01
        88   -6.2611396575e+00    3.9239210158e+01   -1.0292523388e+01    4.0313837304e+00    8.3944978858e+00    7.0352107511e+00   -2.6488284704e+01    7.6605267970e-01    6.7200000000e+02    8.9394958770e-03    5.3960193452e-01
        89   -6.2638601081e+00    3.9283939287e+01   -1.0058103720e+01    3.7942436119e+00    8.3379065785e+00    7.0352107511e+00   -2.6438919816e+01    1.0076987665e+00    6.7200000000e+02    8.9370264128e-03    5.4191592262e-01
        90   -6.2649811144e+00    3.9314673691e+01   -1.0137835451e+01    3.8728543366e+00    8.4134301772e+00    7.0352107511e+00   -2.6438522520e+01    8.5204614058e-01    6.7200000000e+02    8.9687885802e-03    5.4390997024e-01
        91   -6.2692395550e+00    3.9334496738e+01   -1.0232218019e+01    3.9629784638e+00    8.4035238318e+00    7.0352107511e+00   -2.6355868148e+01    6.8491554635e-01    6.7200000000e+02    8.9617050530e-03    5.4429315476e-01
        92   -6.2799719086e+00    3.9464223004e+01   -1.0218057551e+01    3.9380856422e+00    8.3940652009e+00    7.0352107511e+00   -2.6275626758e+01    6.2829325519e-01    6.7200000000e+02    8.9723103461e-03    5.4324776786e-01
        93   -6.2774252591e+00    3.9436865635e+01   -1.0248125867e+01    3.9707006080e+00    8.3696194762e+00    7.0352107511e+00   -2.6390869651e+01    7.3791355692e-01    6.7200000000e+02    8.9285378732e-03    5.4140252976e-01
        94   -6.2675495601e+00    3.9335654169e+01   -1.0142564137e+01    3.8750145771e+00    8.3787225364e+00    7.0352107511e+00   -2.6346946856e+01    7.9044943146e-01    6.7200000000e+02    8.9225230345e-03    5.4035714286e-01
        95   -6.2709953772e+00    3.9360341567e+01   -1.0316528735e+01    4.0455333577e+00    8.3552682327e+00    7.0352107511e+00   -2.6485060336e+01    7.7805261706e-01    6.7200000000e+02    8.9333713210e-03    5.4193824405e-01
        96   -6.2759609061e+00    3.9426576389e+01   -1.0253157295e+01    3.9771963886e+00    8.4888479066e+00    7.0352107511e+00   -2.6487699376e+01    7.1048342371e-01    6.7200000000e+02    8.9818147452e-03    5.4190476190e-01
        97   -6.2726787684e+00    3.9378042926e+01   -1.0257456363e+01    3.9847775946e+00    8.4489055632e+00    7.0352107511e+00   -2.6501495426e+01    7.5992274861e-01    6.7200000000e+02    8.9766090262e-03    5.4219494048e-01
        98   -6.2650499492e+00    3.9289786602e+01   -1.0272951650e+01    4.0079017010e+00    8.4479107585e+00    7.0352107511e+00   -2.6559034463e+01    8.0296130295e-01    6.7200000000e+02    8.9589127539e-03    5.4261904762e-01
        99   -6.2669327167e+00    3.9310476772e+01   -1.0321360382e+01    4.0544276657e+00    8.4081420470e+00    7.0352107511e+00   -2.6495469359e+01    7.3075617835e-01    6.7200000000e+02    8.9115889056e-03    5.4146577381e-01
       100   -6.2767674922e+00    3.9429028876e+01   -1.0156501010e+01    3.8797335178e+00    8.3550676549e+00    7.0352107511e+00   -2.6232645146e+01    6.8586572968e-01    6.7200000000e+02    8.9720538152e-03    5.4256696429e-01
       101   -6.2860550177e+00    3.9549610696e+01   -1.0246189053e+01    3.9601340357e+00    8.4265553952e+00    7.0352107511e+00   -2.6466176572e+01    7.5822137269e-01    6.7200000000e+02    8.9873092698e-03    5.4316592262e-01
       102   -6.2699020969e+00    3.9342916158e+01   -1.0231565298e+01    3.9616632012e+00    8.4843604933e+00    7.0352107511e+00   -2.6528500249e+01    7.7736370630e-01    6.7200000000e+02    8.9398643010e-03    5.4143229167e-01
       103   -6.2862050286e+00    3.9540580538e+01   -1.0181788943e+01    3.8955839144e+00    8.5036324377e+00    7.0352107511e+00   -2.6444756702e+01    7.2412457013e-01    6.7200000000e+02    8.9788010089e-03    5.4341517857e-01
       104   -6.2668648947e+00    3.9309060213e+01   -1.0400872225e+01    4.1340073302e+00    8.4709328345e+00    7.0352107511e+00   -2.6677181324e+01    7.7016551347e-01    6.7200000000e+02    8.9875186913e-03    5.4089285714e-01
       105   -6.2751355833e+00    3.9411290110e+01   -1.0258330537e+01    3.9831949532e+00    8.4334574731e+00    7.0352107511e+00   -2.6425086334e+01    6.9808757284e-01    6.7200000000e+02    8.9901938599e-03    5.4319940476e-01
       106   -6.2652376630e+00    3.9298804947e+01   -1.0323148255e+01    4.0579105916e+00    8.3905501568e+00    7.0352107511e+00   -2.6447082960e+01    6.9817379729e-01    6.7200000000e+02    8.9948704865e-03    5.4362351190e-01
       107   -6.2751694742e+00    3.9410343383e+01   -1.0282088960e+01    4.0069194859e+00    8.4295698766e+00    7.0352107511e+00   -2.6358888841e+01    6.1201925359e-01    6.7200000000e+02    8.9586718823e-03    5.4105654762e-01
       108   -6.2680889969e+00    3.9313962532e+01   -1.0335305898e+01    4.0672169013e+00    8.4716229529e+00    7.0352107511e+00   -2.6598773414e+01    7.5663381129e-01    6.7200000000e+02    8.9531206093e-03    5.4296502976e-01
       109   -6.2764993509e+00    3.9421230792e+01   -1.0140163940e+01    3.8636645892e+00    8.4055519173e+00    7.0352107511e+00   -2.6358816593e+01    7.7788998415e-01    6.7200000000e+02    8.9942798395e-03    5.4358258929e-01
       110   -6.2861454295e+00    3.9545361418e+01   -1.0233320202e+01    3.9471747723e+00    8.3763371800e+00    7.0352107511e+00   -2.6300848602e+01    6.5598046912e-01    6.7200000000e+02    8.9809993543e-03    5.4064732143e-01
       111   -6.2781091363e+00    3.9445401612e+01   -1.0186099631e+01    3.9079904943e+00    8.4686071682e+00    7.0352107511e+00   -2.6529254162e+01    8.3933661221e-01    6.7200000000e+02    8.9888789128e-03    5.4355654762e-01
       112   -6.2621502217e+00    3.9243757227e+01   -1.0245104825e+01    3.9829546035e+00    8.4489452089e+00    7.0352107511e+00   -2.6505091752e+01    7.7583096660e-01    6.7200000000e+02    8.9769832363e-03    5.4106770833e-01
       113   -6.2734483480e+00    3.9385954143e+01   -1.0275642821e+01    4.0021944727e+00    8.3942560095e+00    7.0352107511e+00   -2.6416538212e+01    7.1142863070e-01    6.7200000000e+02    8.9690124206e-03    5.4155877976e-01
       114   -6.2689436771e+00    3.9337783223e+01   -1.0144358349e+01    3.8754146720e+00    8.3878631164e+00    7.0352107511e+00   -2.6325930609e+01    7.5849839256e-01    6.7200000000e+02    8.9686686115e-03    5.4253720238e-01
       115   -6.2781845561e+00    3.9446710799e+01   -1.0215062933e+01    3.9368783768e+00    8.4347373638e+00    7.0352107511e+00   -2.6442454569e+01    7.5744352083e-01    6.7200000000e+02    8.9572243714e-03    5.4420014881e-01
       116   -6.2748349666e+00    3.9405804520e+01   -1.0180138953e+01    3.9053039865e+00    8.4089678642e+00    7.0352107511e+00   -2.6434087738e+01    8.0977016912e-01    6.7200000000e+02    8.9829078920e-03    5.4150297619e-01
       117   -6.2733901474e+00    3.9398250832e+01   -1.0141855547e+01    3.8684653999e+00    8.4021713237e+00    7.0352107511e+00   -2.6401098125e+01    8.2186050284e-01    6.7200000000e+02    8.9663041442e-03    5.4174851190e-01
       118   -6.2656796412e+00    3.9297785697e+01   -1.0133122446e+01    3.8674428052e+00    8.3793461162e+00    7.0352107511e+00   -2.6276189355e+01    7.2851004160e-01    6.7200000000e+02    8.9608623502e-03    5.4414806548e-01
       119   -6.2802834405e+00    3.9509063991e+01   -1.0325349839e+01    4.0450663986e+00    8.4434788237e+00    7.0352107511e+00   -2.6585615636e+01    7.8157622173e-01    6.7200000000e+02    8.9550163081e-03    5.4193452381e-01
       120   -6.2634501905e+00    3.9264792716e+01   -1.0208652497e+01    3.9452023065e+00    8.4114797781e+00    7.0352107511e+00   -2.6461868923e+01    8.0652589680e-01    6.7200000000e+02    8.9417775577e-03    5.4111979167e-01
       121   -6.2717442248e+00    3.9375790863e+01   -1.0238972994e+01    3.9672287693e+00    8.4433928205e+00    7.0352107511e+00   -2.6470271865e+01    7.5269529884e-01    6.7200000000e+02    8.9584646602e-03    5.4197916667e-01
       122   -6.2702927337e+00    3.9351174614e+01   -1.0185996132e+01    3.9157033986e+00    8.4105959541e+00    7.0352107511e+00   -2.6418146119e+01    7.8634328171e-01    6.7200000000e+02    8.9500559899e-03    5.4334449405e-01
       123   -6.2618746424e+00    3.9242041192e+01   -1.0242444796e+01    3.9805701532e+00    8.4306529202e+00    7.0352107511e+00   -2.6430728082e+01    7.2241961519e-01    6.7200000000e+02    8.9473859670e-03    5.4265252976e-01
       124   -6.2709915675e+00    3.9358620244e+01   -1.0276158389e+01    4.0051668215e+00    8.4442058176e+00    7.0352107511e+00   -2.6499629095e+01    7.4405413684e-01    6.7200000000e+02    8.9855391097e-03    5.4205729167e-01
       125   -6.2752119799e+00    3.9425306727e+01   -1.0081938008e+01    3.8067260282e+00    8.4136095336e+00    7.0352107511e+00   -2.6230743151e+01    6.9998485839e-01    6.7200000000e+02    8.9400286684e-03    5.4248139881e-01
       126   -6.2669207927e+00    3.9303480950e+01   -1.0170733395e+01    3.9038126021e+00    8.3843611957e+00    7.0352107511e+00   -2.6310394536e+01    7.2008919447e-01    6.7200000000e+02    8.9565571051e-03    5.4272693452e-01
       127   -6.2725544746e+00    3.9371207836e+01   -1.0171902240e+01    3.8993477659e+00    8.3981413931e+00    7.0352107511e+00   -2.6281993587e+01    6.7673920268e-01    6.7200000000e+02    8.9522244941e-03    5.4224330357e-01
       128   -6.2629221965e+00    3.9259103451e+01   -1.0153352224e+01    3.8904300280e+00    8.4074236412e+00    7.0352107511e+00   -2.6268586231e+01    6.7259961412e-01    6.7200000000e+02    8.9817627796e-03    5.4381324405e-01
       129   -6.2709997456e+00    3.9351943538e+01   -1.0100136397e+01    3.8291366510e+00    8.4044717436e+00    7.0352107511e+00   -2.6297528194e+01    7.5770930284e-01    6.7200000000e+02    8.9614040723e-03    5.4340401786e-01
       130   -6.2735842496e+00    3.9388343106e+01   -1.0254883449e+01    3.9812991994e+00    8.4105441957e+00    7.0352107511e+00   -2.6386793942e+01    6.8615554662e-01    6.7200000000e+02    8.9476820680e-03    5.4166294643e-01
       131   -6.2669403810e+00    3.9305592466e+01   -1.0261346098e+01    3.9944057169e+00    8.4261586127e+00    7.0352107511e+00   -2.6429045230e+01    7.0632976825e-01    6.7200000000e+02    8.9456849355e-03    5.4148065476e-01
       132   -6.2757548488e+00    3.9411338631e+01   -1.0370601994e+01    4.0948471449e+00    8.4373374399e+00    7.0352107511e+00   -2.6518657966e+01    6.7550778114e-01    6.7200000000e+02    8.9834805265e-03    5.4253348214e-01
       133   -6.2594542888e+00    3.9225139032e+01   -1.0366196160e+01    4.1067418712e+00    8.5171022408e+00    7.0352107511e+00   -2.6706234202e+01    7.8772504992e-01    6.7200000000e+02    8.9735739859e-03    5.4135044643e-01
       134   -6.2797456264e+00    3.9463945014e+01   -1.0275861614e+01    3.9961159873e+00    8.4214206885e+00    7.0352107511e+00   -2.6466368364e+01    7.3387531090e-01    6.7200000000e+02    8.9415235631e-03    5.4055431548e-01
       135   -6.2637291579e+00    3.9277582343e+01   -1.0336621140e+01    4.0728919820e+00    8.4224468252e+00    7.0352107511e+00   -2.6510298815e+01    7.1602009903e-01    6.7200000000e+02    8.9885591518e-03    5.4254092262e-01
       136   -6.2663938513e+00    3.9311376475e+01   -1.0171398385e+01    3.9050045334e+00    8.4571145083e+00    7.0352107511e+00   -2.6426460676e+01    7.6273703164e-01    6.7200000000e+02    8.9906804566e-03    5.4334821429e-01
       137   -6.2775218189e+00    3.9445789046e+01   -1.0353110418e+01    4.0755885990e+00    8.4244304807e+00    7.0352107511e+00   -2.6560937293e+01    7.4818564279e-01    6.7200000000e+02    8.9476620487e-03    5.4222842262e-01
       138   -6.2600364582e+00    3.9225889178e+01   -1.0277876795e+01    4.0178403364e+00    8.4254274504e+00    7.0352107511e+00   -2.6607460748e+01    8.6894575190e-01    6.7200000000e+02    8.9866050860e-03    5.4163318452e-01
       139   -6.2804198964e+00    3.9466845016e+01   -1.0171699934e+01    3.8912800375e+00    8.3528841216e+00    7.0352107511e+00   -2.6280663555e+01    7.2086874865e-01    6.7200000000e+02    8.9458564984e-03    5.4236235119e-01
       140   -6.2622250003e+00    3.9250995267e+01   -1.0242213931e+01    3.9799889308e+00    8.4477433463e+00    7.0352107511e+00   -2.6527989540e+01    8.0282151179e-01    6.7200000000e+02    8.9856653538e-03    5.4221726190e-01
       141   -6.2755209776e+00    3.9418123811e+01   -1.0283317512e+01    4.0077965347e+00    8.4599241916e+00    7.0352107511e+00   -2.6594669547e+01    8.1621709171e-01    6.7200000000e+02    8.9680206036e-03    5.4287574405e-01
       142   -6.2657671500e+00    3.9312900986e+01   -1.0322235651e+01    4.0564685008e+00    8.4246993772e+00    7.0352107511e+00   -2.6647617951e+01    8.6547217190e-01    6.7200000000e+02    8.9828547997e-03    5.4297991071e-01
       143   -6.2726865819e+00    3.9398474563e+01   -1.0151865903e+01    3.8791793215e+00    8.4199944881e+00    7.0352107511e+00   -2.6417111018e+01    8.1003987545e-01    6.7200000000e+02    8.9488902609e-03    5.4123883929e-01
       144   -6.2705676605e+00    3.9355872029e+01   -1.0351206167e+01    4.0806385066e+00    8.4648605986e+00    7.0352107511e+00   -2.6572539353e+01    7.2126183671e-01    6.7200000000e+02    8.9740924471e-03    5.4189360119e-01
       145   -6.2716247550e+00    3.9379417861e+01   -1.0378894012e+01    4.1072692572e+00    8.4089519183e+00    7.0352107511e+00   -2.6524943693e+01    7.0188701177e-01    6.7200000000e+02    8.9717873780e-03    5.4230282738e-01
       146   -6.2812561768e+00    3.9488192531e+01   -1.0365603097e+01    4.0843469205e+00    8.4394735668e+00    7.0352107511e+00   -2.6658470912e+01    8.1818349660e-01    6.7200000000e+02    8.9947122130e-03    5.4308779762e-01
       147   -6.2558391356e+00    3.9183521501e+01   -1.0234693708e+01    3.9788545722e+00    8.4787113676e+00    7.0352107511e+00   -2.6711850887e+01    9.6323506037e-01    6.7200000000e+02    8.9890836999e-03    5.4309895833e-01
       148   -6.2649500642e+00    3.9297862896e+01   -1.0230578874e+01    3.9656288100e+00    8.3830598005e+00    7.0352107511e+00   -2.6502478063e+01    8.5362863734e-01    6.7200000000e+02    8.9789415111e-03    5.4311011905e-01
       149   -6.2689862708e+00    3.9335703254e+01   -1.0333338861e+01    4.0643525906e+00    8.4305252784e+00    7.0352107511e+00   -2.6500074398e+01    7.0099950703e-01    6.7200000000e+02    8.9830894250e-03    5.4314732143e-01
       150   -6.2798017933e+00    3.9461786249e+01   -1.0286989748e+01    4.0071879544e+00    8.4117988897e+00    7.0352107511e+00   -2.6457288230e+01    7.2328884099e-01    6.7200000000e+02    8.9673392732e-03    5.4087797619e-01
       151   -6.2764074321e+00    3.9425914624e+01   -1.0266083975e+01    3.9896765432e+00    8.3481236036e+00    7.0352107511e+00   -2.6333673478e+01    6.8425514824e-01    6.7200000000e+02    8.9919816528e-03    5.4210193452e-01
       152   -6.2695386702e+00    3.9346632847e+01   -1.0351355257e+01    4.0818165866e+00    8.4579462271e+00    7.0352107511e+00   -2.6683795853e+01    8.3928361799e-01    6.7200000000e+02    8.9779108613e-03    5.4264136905e-01
       153   -6.2696395010e+00    3.9333314295e+01   -1.0171243434e+01    3.9016039331e+00    8.3974113594e+00    7.0352107511e+00   -2.6361923475e+01    7.5805793008e-01    6.7200000000e+02    8.9694929359e-03    5.4351934524e-01
       154   -6.2777264643e+00    3.9443917958e+01   -1.0309759954e+01    4.0320334897e+00    8.4549488161e+00    7.0352107511e+00   -2.6570873438e+01    7.7095391684e-01    6.7200000000e+02    8.9484801921e-03    5.4028273810e-01
       155   -6.2695589030e+00    3.9349726874e+01   -1.0044185937e+01    3.7746270342e+00    8.3599824721e+00    7.0352107511e+00   -2.6332248216e+01    8.9286905524e-01    6.7200000000e+02    8.9377009648e-03    5.4101934524e-01
       156   -6.2566029329e+00    3.9197779991e+01   -1.0409060109e+01    4.1524571763e+00    8.4855591049e+00    7.0352107511e+00   -2.6862736662e+01    9.3290669723e-01    6.7200000000e+02    8.9965369649e-03    5.4250744048e-01
       157   -6.2642322651e+00    3.9287678019e+01   -1.0161982411e+01    3.8977501462e+00    8.4546148564e+00    7.0352107511e+00   -2.6426290773e+01    7.7448275466e-01    6.7200000000e+02    8.9661723399e-03    5.4195312500e-01
       158   -6.2737023705e+00    3.9393836816e+01   -1.0250326196e+01    3.9766238257e+00    8.4683533703e+00    7.0352107511e+00   -2.6495959102e+01    7.4206878385e-01    6.7200000000e+02    8.9729929736e-03    5.4226190476e-01
       159   -6.2773947293e+00    3.9438128735e+01   -1.0154783966e+01    3.8773892367e+00    8.4427707619e+00    7.0352107511e+00   -2.6313110514e+01    6.8034503472e-01    6.7200000000e+02    8.9804065425e-03    5.4138392857e-01
       160   -6.2619007150e+00    3.9244461040e+01   -1.0229037533e+01    3.9671368179e+00    8.4892507920e+00    7.0352107511e+00   -2.6669774783e+01    9.1627570746e-01    6.7200000000e+02    8.9816946850e-03    5.4039806548e-01
       161   -6.2702013153e+00    3.9347276415e+01   -1.0268023423e+01    3.9978221082e+00    8.3575464216e+00    7.0352107511e+00   -2.6472772318e+01    8.1199172210e-01    6.7200000000e+02    8.9250645154e-03    5.3992559524e-01
       162   -6.2664850194e+00    3.9300871117e+01   -1.0183214356e+01    3.9167293365e+00    8.4830274474e+00    7.0352107511e+00   -2.6480416510e+01    7.7896395571e-01    6.7200000000e+02    8.9887058767e-03    5.4035342262e-01
       163   -6.2746153473e+00    3.9401439742e+01   -1.0376864744e+01    4.1022493966e+00    8.4197555531e+00    7.0352107511e+00   -2.6623956683e+01    7.9212563477e-01    6.7200000000e+02    9.0102166633e-03    5.4392113095e-01
       164   -6.2707109262e+00    3.9359845727e+01   -1.0090597942e+01    3.8198870160e+00    8.3980128660e+00    7.0352107511e+00   -2.6295521968e+01    7.7170040822e-01    6.7200000000e+02    8.9509980420e-03    5.4214657738e-01
       165   -6.2702598695e+00    3.9347154635e+01   -1.0158721186e+01    3.8884613162e+00    8.3731805708e+00    7.0352107511e+00   -2.6358377036e+01    7.9126452844e-01    6.7200000000e+02    8.9614213364e-03    5.4352306548e-01
       166   -6.2739271292e+00    3.9403425117e+01   -1.0213875823e+01    3.9399486942e+00    8.4052594269e+00    7.0352107511e+00   -2.6482512039e+01    8.2816603776e-01    6.7200000000e+02    8.9682712735e-03    5.4457217262e-01
       167   -6.2791361825e+00    3.9509139490e+01   -1.0226596215e+01    3.9474600326e+00    8.4019519115e+00    7.0352107511e+00   -2.6472694329e+01    8.0893545139e-01    6.7200000000e+02    8.9588257736e-03    5.4117187500e-01
       168   -6.2756765412e+00    3.9418462717e+01   -1.0212449711e+01    3.9367731702e+00    8.4296162068e+00    7.0352107511e+00   -2.6439159780e+01    7.6188311117e-01    6.7200000000e+02    8.9747573047e-03    5.4261160714e-01
       169   -6.2634749122e+00    3.9269721300e+01   -1.0160920448e+01    3.8974455360e+00    8.4666393417e+00    7.0352107511e+00   -2.6499640921e+01    8.3687037953e-01    6.7200000000e+02    8.9932894681e-03    5.4236235119e-01
       170   -6.2722043441e+00    3.9383602319e+01   -1.0249334423e+01    3.9771300786e+00    8.3958231846e+00    7.0352107511e+00   -2.6447445372e+01    7.6707701359e-01    6.7200000000e+02    8.9500037554e-03    5.4158854167e-01
       171   -6.2667596511e+00    3.9311464159e+01   -1.0097156864e+01    3.8303972131e+00    8.4169616688e+00    7.0352107511e+00   -2.6387188797e+01    8.3785951306e-01    6.7200000000e+02    8.9844437067e-03    5.4302455357e-01
       172   -6.2555535028e+00    3.9179729040e+01   -1.0252174364e+01    3.9966208614e+00    8.4342710554e+00    7.0352107511e+00   -2.6503072005e+01    7.8141583377e-01    6.7200000000e+02    8.9512069563e-03    5.4171875000e-01
       173   -6.2763809612e+00    3.9427728226e+01   -1.0207971917e+01    3.9315909560e+00    8.3607035240e+00    7.0352107511e+00   -2.6371224887e+01    7.6733869482e-01    6.7200000000e+02    8.9214223387e-03    5.4034970238e-01
       174   -6.2801133557e+00    3.9471454315e+01   -1.0256328728e+01    3.9762153720e+00    8.4318824249e+00    7.0352107511e+00   -2.6512282905e+01    7.8886100179e-01    6.7200000000e+02    8.9526016700e-03    5.4178571429e-01
       175   -6.2712173773e+00    3.9361121348e+01   -1.0204382360e+01    3.9331649830e+00    8.4326613844e+00    7.0352107511e+00   -2.6447826999e+01    7.7557250306e-01    6.7200000000e+02    8.9529226465e-03    5.4270461310e-01
       176   -6.2611419025e+00    3.9233570119e+01   -1.0106958776e+01    3.8458168733e+00    8.3356720767e+00    7.0352107511e+00   -2.6226696908e+01    7.4885530426e-01    6.7200000000e+02    8.9230466235e-03    5.4134300595e-01
       177   -6.2788441800e+00    3.9453484082e+01   -1.0469865732e+01    4.1910215524e+00    8.4282597034e+00    7.0352107511e+00   -2.6638392189e+01    7.0505600225e-01    6.7200000000e+02    8.9627435497e-03    5.4364211310e-01
       178   -6.2562136397e+00    3.9182960064e+01   -1.0267663732e+01    4.0114500927e+00    8.4083070859e+00    7.0352107511e+00   -2.6470942887e+01    7.5976131721e-01    6.7200000000e+02    8.9556417397e-03    5.4231770833e-01
       179   -6.2556954819e+00    3.9229891674e+01   -1.0178294911e+01    3.9225994294e+00    8.4213323796e+00    7.0352107511e+00   -2.6402565443e+01    7.6772740111e-01    6.7200000000e+02    8.9684985523e-03    5.4253720238e-01
       180   -6.2649440100e+00    3.9283110496e+01   -1.0211559818e+01    3.9466158076e+00    8.4971869210e+00    7.0352107511e+00   -2.6510134821e+01    7.6617733148e-01    6.7200000000e+02    8.9401958075e-03    5.4080357143e-01
       181   -6.2645380692e+00    3.9277262381e+01   -1.0226136310e+01    3.9615982413e+00    8.4176338111e+00    7.0352107511e+00   -2.6446767144e+01    7.6778627170e-01    6.7200000000e+02    8.9565740671e-03    5.4157366071e-01
       182   -6.2688962492e+00    3.9331114903e+01   -1.0254356031e+01    3.9854597822e+00    8.4010565446e+00    7.0352107511e+00   -2.6481364011e+01    7.9074068399e-01    6.7200000000e+02    8.9898765423e-03    5.4329613095e-01
       183   -6.2691259182e+00    3.9342842600e+01   -1.0163811627e+01    3.8946857088e+00    8.5150397646e+00    7.0352107511e+00   -2.6528191644e+01    8.1412950138e-01    6.7200000000e+02    8.9841997085e-03    5.4402529762e-01
       184   -6.2758111010e+00    3.9415153014e+01   -1.0188724654e+01    3.9129135532e+00    8.3825489344e+00    7.0352107511e+00   -2.6369366971e+01    7.6288263158e-01    6.7200000000e+02    8.9922318252e-03    5.4183035714e-01
       185   -6.2733401957e+00    3.9385803711e+01   -1.0361634468e+01    4.0882942725e+00    8.4512242166e+00    7.0352107511e+00   -2.6640986587e+01    7.9291715113e-01    6.7200000000e+02    8.9343905856e-03    5.3976190476e-01
       186   -6.2772505210e+00    3.9437497263e+01   -1.0290010340e+01    4.0127598185e+00    8.4441389472e+00    7.0352107511e+00   -2.6509023633e+01    7.3966359566e-01    6.7200000000e+02    8.9962235874e-03    5.4448660714e-01
       187   -6.2783871040e+00    3.9454181508e+01   -1.0094760458e+01    3.8163733541e+00    8.4457704588e+00    7.0352107511e+00   -2.6328731607e+01    7.5298993915e-01    6.7200000000e+02    8.9202023657e-03    5.3985119048e-01
       188   -6.2640892731e+00    3.9280070894e+01   -1.0188986334e+01    3.9248970614e+00    8.3717721185e+00    7.0352107511e+00   -2.6445842117e+01    8.4987291305e-01    6.7200000000e+02    8.9742869258e-03    5.4311755952e-01
       189   -6.2791019142e+00    3.9452090810e+01   -1.0245946767e+01    3.9668448529e+00    8.3890961386e+00    7.0352107511e+00   -2.6336035222e+01    6.6578156486e-01    6.7200000000e+02    8.9548082144e-03    5.4021949405e-01
       190   -6.2696461990e+00    3.9348744608e+01   -1.0358317928e+01    4.0886717291e+00    8.3764091299e+00    7.0352107511e+00   -2.6535228878e+01    7.6529106915e-01    6.7200000000e+02    8.9744068724e-03    5.4163690476e-01
       191   -6.2686295588e+00    3.9348186772e+01   -1.0066941487e+01    3.7983119287e+00    8.4162982935e+00    7.0352107511e+00   -2.6363893184e+01    8.4544265233e-01    6.7200000000e+02    8.9640930417e-03    5.4195312500e-01
       192   -6.2724671973e+00    3.9388904984e+01   -1.0246705458e+01    3.9742382610e+00    8.4083467857e+00    7.0352107511e+00   -2.6478073704e+01    7.8781070878e-01    6.7200000000e+02    8.9836958172e-03    5.4438988095e-01
       193   -6.2677894193e+00    3.9327085087e+01   -1.0177072252e+01    3.9092828324e+00    8.4842694116e+00    7.0352107511e+00   -2.6477204164e+01    7.8065174998e-01    6.7200000000e+02    8.9965517857e-03    5.4203125000e-01
       194   -6.2657892599e+00    3.9294789967e+01   -1.0251116755e+01    3.9853274953e+00    8.4231405431e+00    7.0352107511e+00   -2.6475007723e+01    7.6553967359e-01    6.7200000000e+02    8.9849566797e-03    5.4304315476e-01
       195   -6.2678324265e+00    3.9318135219e+01   -1.0107157652e+01    3.8393252259e+00    8.3945904784e+00    7.0352107511e+00   -2.6411424419e+01    8.7446553735e-01    6.7200000000e+02    8.9476124946e-03    5.4118675595e-01
       196   -6.2697228015e+00    3.9350626904e+01   -1.0469371212e+01    4.1996484101e+00    8.4437406882e+00    7.0352107511e+00   -2.6716310806e+01    7.6798815501e-01    6.7200000000e+02    9.0157231482e-03    5.4483258929e-01
       197   -6.2699324509e+00    3.9355635996e+01   -1.0261205026e+01    3.9912725747e+00    8.4332842650e+00    7.0352107511e+00   -2.6556971868e+01    8.2727182580e-01    6.7200000000e+02    8.9738872360e-03    5.4137276786e-01
       198   -6.2751934927e+00    3.9407772614e+01   -1.0266477694e+01    3.9912842012e+00    8.4079160323e+00    7.0352107511e+00   -2.6418784526e+01    7.0918004870e-01    6.7200000000e+02    8.9730513504e-03    5.4221354167e-01
       199   -6.2712566172e+00    3.9364123451e+01   -1.0143753998e+01    3.8724973811e+00    8.4475746981e+00    7.0352107511e+00   -2.6437040304e+01    8.1050085657e-01    6.7200000000e+02    8.9551716533e-03    5.4213169643e-01
       200   -6.2709303674e+00    3.9354845567e+01   -1.0238806001e+01    3.9678756340e+00    8.4596081202e+00    7.0352107511e+00   -2.6524189127e+01    7.9056425436e-01    6.7200000000e+02    8.9572005742e-03    5.4171130952e-01
       201   -6.2692613618e+00    3.9340415509e+01   -1.0352170375e+01    4.0829090136e+00    8.3781165838e+00    7.0352107511e+00   -2.6539391381e+01    7.7389367017e-01    6.7200000000e+02    8.9679399458e-03    5.4095982143e-01
       202   -6.2680443924e+00    3.9321983670e+01   -1.0337280481e+01    4.0692360887e+00    8.4365969934e+00    7.0352107511e+00   -2.6535516378e+01    7.2642815204e-01    6.7200000000e+02    8.9925618515e-03    5.4303199405e-01
       203   -6.2806740801e+00    3.9481949688e+01   -1.0263430229e+01    3.9827561485e+00    8.3845487672e+00    7.0352107511e+00   -2.6412971646e+01    7.2978189899e-01    6.7200000000e+02    8.9763428356e-03    5.4139880952e-01
       204   -6.2773232364e+00    3.9442846342e+01   -1.0402375225e+01    4.1250519886e+00    8.4658774075e+00    7.0352107511e+00   -2.6517380482e+01    6.1391709816e-01    6.7200000000e+02    8.9674358314e-03    5.4263764881e-01
       205   -6.2619965601e+00    3.9249670032e+01   -1.0255298751e+01    3.9933021908e+00    8.3840900200e+00    7.0352107511e+00   -2.6517255570e+01    8.4265604818e-01    6.7200000000e+02    8.9843407512e-03    5.4132440476e-01
       206   -6.2710420067e+00    3.9361684320e+01   -1.0230042219e+01    3.9590002123e+00    8.4209958672e+00    7.0352107511e+00   -2.6427966575e+01    7.4171773712e-01    6.7200000000e+02    8.9624430666e-03    5.4243675595e-01
       207   -6.2651019109e+00    3.9291206583e+01   -1.0214269769e+01    3.9491678581e+00    8.3709006982e+00    7.0352107511e+00   -2.6423654450e+01    8.0327323157e-01    6.7200000000e+02    8.9723930231e-03    5.4227678571e-01
       208   -6.2533160888e+00    3.9141791234e+01   -1.0245937407e+01    3.9926213181e+00    8.3612904613e+00    7.0352107511e+00   -2.6507405910e+01    8.6496729023e-01    6.7200000000e+02    8.9741604419e-03    5.4303199405e-01
       209   -6.2784263594e+00    3.9440451283e+01   -1.0217616765e+01    3.9391904054e+00    8.4015511863e+00    7.0352107511e+00   -2.6250575097e+01    5.9619639453e-01    6.7200000000e+02    8.9284623169e-03    5.4284970238e-01
       210   -6.2663419461e+00    3.9304992484e+01   -1.0228886935e+01    3.9625449894e+00    8.4602118468e+00    7.0352107511e+00   -2.6519060523e+01    7.9475098963e-01    6.7200000000e+02    8.9514180006e-03    5.4290922619e-01
       211   -6.2710237797e+00    3.9360498641e+01   -1.0248272246e+01    3.9772484668e+00    8.4330085985e+00    7.0352107511e+00   -2.6458377790e+01    7.4188619376e-01    6.7200000000e+02    8.9599206694e-03    5.4198288690e-01
       212   -6.2800821955e+00    3.9464954445e+01   -1.0288462499e+01    4.0083803035e+00    8.4048290955e+00    7.0352107511e+00   -2.6442278441e+01    7.1377609517e-01    6.7200000000e+02    8.9584485700e-03    5.4170758929e-01
       213   -6.2662502335e+00    3.9293366620e+01   -1.0274226834e+01    4.0079766007e+00    8.3823765357e+00    7.0352107511e+00   -2.6405916074e+01    7.1410195295e-01    6.7200000000e+02    8.9376615208e-03    5.4145089286e-01
       214   -6.2780499771e+00    3.9451417227e+01   -1.0294873080e+01    4.0168231030e+00    8.4870157446e+00    7.0352107511e+00   -2.6583954019e+01    7.6685444308e-01    6.7200000000e+02    8.9856430977e-03    5.4343750000e-01
       215   -6.2550328157e+00    3.9169812537e+01   -1.0340378669e+01    4.0853458538e+00    8.4471400259e+00    7.0352107511e+00   -2.6737029485e+01    9.1430003825e-01    6.7200000000e+02    8.9374354450e-03    5.4172247024e-01
       216   -6.2821501291e+00    3.9499023056e+01   -1.0162140393e+01    3.8799902635e+00    8.4766522510e+00    7.0352107511e+00   -2.6547171490e+01    8.7316809555e-01    6.7200000000e+02    8.9876214735e-03    5.4236979167e-01
       217   -6.2737130565e+00    3.9402914658e+01   -1.0370634589e+01    4.0969215329e+00    8.4194697666e+00    7.0352107511e+00   -2.6604778605e+01    7.7946349833e-01    6.7200000000e+02    8.9777774521e-03    5.4220610119e-01
       218   -6.2650688045e+00    3.9288379425e+01   -1.0242347292e+01    3.9772784879e+00    8.4205162702e+00    7.0352107511e+00   -2.6430140293e+01    7.3206597937e-01    6.7200000000e+02    8.9961804430e-03    5.4149553571e-01
       219   -6.2670179075e+00    3.9302706018e+01   -1.0186695883e+01    3.9196779759e+00    8.4463009941e+00    7.0352107511e+00   -2.6332032156e+01    6.6382452700e-01    6.7200000000e+02    8.9446558628e-03    5.4076636905e-01
       220   -6.2607773673e+00    3.9229945098e+01   -1.0326291310e+01    4.0655139429e+00    8.4661613911e+00    7.0352107511e+00   -2.6604312272e+01    7.7664881935e-01    6.7200000000e+02    8.9668461241e-03    5.4075148810e-01
       221   -6.2739886020e+00    3.9390492539e+01   -1.0262099405e+01    3.9881108030e+00    8.4753845054e+00    7.0352107511e+00   -2.6457355662e+01    6.8466099993e-01    6.7200000000e+02    8.9774089172e-03    5.4155133929e-01
       222   -6.2720647287e+00    3.9374661042e+01   -1.0236391796e+01    3.9643270671e+00    8.4644667594e+00    7.0352107511e+00   -2.6478963255e+01    7.4289394888e-01    6.7200000000e+02    8.9748067479e-03    5.4219866071e-01
       223   -6.2684006345e+00    3.9325569008e+01   -1.0152400148e+01    3.8839995137e+00    8.4612486818e+00    7.0352107511e+00   -2.6344992209e+01    6.9613262819e-01    6.7200000000e+02    8.9629237537e-03    5.4321428571e-01
       224   -6.2659254301e+00    3.9300545086e+01   -1.0204726163e+01    3.9388007329e+00    8.4085457279e+00    7.0352107511e+00   -2.6406276507e+01    7.5779386454e-01    6.7200000000e+02    8.9731332666e-03    5.4140997024e-01
       225   -6.2698966653e+00    3.9340776615e+01   -1.0219219626e+01    3.9493229605e+00    8.4167659006e+00    7.0352107511e+00   -2.6354620241e+01    6.8342396384e-01    6.7200000000e+02    8.9871727645e-03    5.4279017857e-01
       226   -6.2662997074e+00    3.9303221440e+01   -1.0129110759e+01    3.8628110515e+00    8.4176945543e+00    7.0352107511e+00   -2.6341716014e+01    7.5969994993e-01    6.7200000000e+02    8.9770987882e-03    5.4336681548e-01
       227   -6.2797782341e+00    3.9470890238e+01   -1.0239675040e+01    3.9598968063e+00    8.4472649914e+00    7.0352107511e+00   -2.6559985595e+01    8.3783481174e-01    6.7200000000e+02    8.9714622937e-03    5.4056547619e-01
       228   -6.2835541689e+00    3.9517618346e+01   -1.0266982963e+01    3.9834287941e+00    8.3744728962e+00    7.0352107511e+00   -2.6416398579e+01    7.3973196898e-01    6.7200000000e+02    8.9581831569e-03    5.4354538690e-01
       229   -6.2650357196e+00    3.9294618984e+01   -1.0286893216e+01    4.0218574960e+00    8.5574268054e+00    7.0352107511e+00   -2.6695019955e+01    8.1548918276e-01    6.7200000000e+02    8.9754174863e-03    5.4234002976e-01
       230   -6.2654169239e+00    3.9294982174e+01   -1.0037046992e+01    3.7716300681e+00    8.4371344928e+00    7.0352107511e+00   -2.6467059117e+01    9.5766688089e-01    6.7200000000e+02    8.9742360468e-03    5.4352306548e-01
       231   -6.2679064944e+00    3.9323180954e+01   -1.0180476591e+01    3.9125700969e+00    8.4557355594e+00    7.0352107511e+00   -2.6459406875e+01    7.8798397299e-01    6.7200000000e+02    9.0151195085e-03    5.4315476190e-01
       232   -6.2786235743e+00    3.9454552504e+01   -1.0372202303e+01    4.0935787282e+00    8.4002613780e+00    7.0352107511e+00   -2.6546770696e+01    7.3909626446e-01    6.7200000000e+02    8.9730888638e-03    5.4257812500e-01
       233   -6.2644677222e+00    3.9277248080e+01   -1.0199628865e+01    3.9351611427e+00    8.4252951311e+00    7.0352107511e+00   -2.6445635329e+01    7.8550058220e-01    6.7200000000e+02    8.9650843833e-03    5.4147321429e-01
       234   -6.2754571154e+00    3.9418490126e+01   -1.0114230240e+01    3.8387731246e+00    8.3870275458e+00    7.0352107511e+00   -2.6362072991e+01    8.2560445397e-01    6.7200000000e+02    8.9617794673e-03    5.4316964286e-01
       235   -6.2556912404e+00    3.9183154076e+01   -1.0369641178e+01    4.1139499371e+00    8.5641920937e+00    7.0352107511e+00   -2.6698207004e+01    7.2916298217e-01    6.7200000000e+02    8.9725440512e-03    5.4351190476e-01
       236   -6.2704988177e+00    3.9356517202e+01   -1.0231768932e+01    3.9612701148e+00    8.4662838507e+00    7.0352107511e+00   -2.6544707726e+01    8.1144419156e-01    6.7200000000e+02    8.9634297280e-03    5.4246651786e-01
       237   -6.2815956265e+00    3.9496768308e+01   -1.0335909591e+01    4.0543139649e+00    8.4574640940e+00    7.0352107511e+00   -2.6675662482e+01    8.4707804565e-01    6.7200000000e+02    8.9506164687e-03    5.4204241071e-01
       238   -6.2710702906e+00    3.9365290801e+01   -1.0285675777e+01    4.0146054863e+00    8.4387747544e+00    7.0352107511e+00   -2.6642651888e+01    8.8299060577e-01    6.7200000000e+02    8.9707620916e-03    5.4256696429e-01
       239   -6.2721283182e+00    3.9367619639e+01   -1.0276295870e+01    4.0041675516e+00    8.4073468133e+00    7.0352107511e+00   -2.6395951396e+01    6.7709796194e-01    6.7200000000e+02    8.9757370962e-03    5.4305431548e-01
       240   -6.2729742367e+00    3.9382302542e+01   -1.0036676736e+01    3.7637024989e+00    8.3901061523e+00    7.0352107511e+00   -2.6202124997e+01    7.4013135812e-01    6.7200000000e+02    8.9535816708e-03    5.4204241071e-01
       241   -6.2842558076e+00    3.9520083838e+01   -1.0297298603e+01    4.0130427958e+00    8.4609357029e+00    7.0352107511e+00   -2.6511488832e+01    7.1804377486e-01    6.7200000000e+02    8.9986968475e-03    5.4331845238e-01
       242   -6.2755147491e+00    3.9414502581e+01   -1.0204844471e+01    3.9293297216e+00    8.4041997207e+00    7.0352107511e+00   -2.6406609134e+01    7.6235419179e-01    6.7200000000e+02    8.9475576214e-03    5.4123883929e-01
       243   -6.2730831189e+00    3.9412624708e+01   -1.0254491894e+01    3.9814087754e+00    8.4258203786e+00    7.0352107511e+00   -2.6435914148e+01    7.2039112433e-01    6.7200000000e+02    8.9711621570e-03    5.4120535714e-01
       244   -6.2713781861e+00    3.9361956696e+01   -1.0196426754e+01    3.9250485682e+00    8.4072815275e+00    7.0352107511e+00   -2.6445714404e+01    8.0679537085e-01    6.7200000000e+02    9.0036520823e-03    5.4348958333e-01
       245   -6.2746428194e+00    3.9405964083e+01   -1.0230829592e+01    3.9561867721e+00    8.3927127400e+00    7.0352107511e+00   -2.6461139287e+01    8.0238620485e-01    6.7200000000e+02    8.9766910491e-03    5.4407366071e-01
       246   -6.2670029103e+00    3.9309879814e+01   -1.0246123588e+01    3.9791206777e+00    8.4277729352e+00    7.0352107511e+00   -2.6508467828e+01    7.9936055395e-01    6.7200000000e+02    8.9821672023e-03    5.4330729167e-01
       247   -6.2677188577e+00    3.9318571352e+01   -1.0115512373e+01    3.8477935157e+00    8.4329733882e+00    7.0352107511e+00   -2.6348297692e+01    7.6460117914e-01    6.7200000000e+02    8.9519169040e-03    5.4123139881e-01
       248   -6.2772385515e+00    3.9433595858e+01   -1.0340566985e+01    4.0633284335e+00    8.3693425110e+00    7.0352107511e+00   -2.6463681165e+01    7.1856091818e-01    6.7200000000e+02    8.9530003121e-03    5.4298363095e-01
       249   -6.2690818690e+00    3.9339938478e+01   -1.0168077653e+01    3.8989957839e+00    8.3966211805e+00    7.0352107511e+00   -2.6339359562e+01    7.3944997771e-01    6.7200000000e+02    8.9879695304e-03    5.4235491071e-01
       250   -6.2842752614e+00    3.9517894379e+01   -1.0242660606e+01    3.9583853449e+00    8.4285957313e+00    7.0352107511e+00   -2.6374774352e+01    6.6830726324e-01    6.7200000000e+02    8.9887081676e-03    5.4406622024e-01
       251   -6.2696920553e+00    3.9342780691e+01   -1.0180299724e+01    3.9106076689e+00    8.4395038946e+00    7.0352107511e+00   -2.6548638691e+01    8.9362432118e-01    6.7200000000e+02    8.9969786294e-03    5.4463541667e-01
       252   -6.2627665935e+00    3.9268869619e+01   -1.0163760818e+01    3.9009942247e+00    8.3841736312e+00    7.0352107511e+00   -2.6391002273e+01    8.0785707240e-01    6.7200000000e+02    8.9509673708e-03    5.4147321429e-01
       253   -6.2810968670e+00    3.9486101766e+01   -1.0285630661e+01    4.0045337936e+00    8.4184726961e+00    7.0352107511e+00   -2.6588314571e+01    8.4900046273e-01    6.7200000000e+02    8.9695257775e-03    5.4232886905e-01
       254   -6.2614044337e+00    3.9247760003e+01   -1.0322441594e+01    4.0610371598e+00    8.4602023448e+00    7.0352107511e+00   -2.6515102193e+01    6.9724750382e-01    6.7200000000e+02    8.9738881881e-03    5.4271205357e-01
       255   -6.2618210277e+00    3.9244804269e+01   -1.0205119853e+01    3.9432988254e+00    8.4578654712e+00    7.0352107511e+00   -2.6404477246e+01    7.0628117081e-01    6.7200000000e+02    8.9687354907e-03    5.4260788690e-01
       256   -6.2548577090e+00    3.9175538246e+01   -1.0172450614e+01    3.9175929052e+00    8.4336317164e+00    7.0352107511e+00   -2.6452190141e+01    8.1089705963e-01    6.7200000000e+02    8.9754158481e-03    5.4175967262e-01
       257   -6.2775971565e+00    3.9442258615e+01   -1.0297535668e+01    4.0199385119e+00    8.4565777823e+00    7.0352107511e+00   -2.6535570274e+01    7.4624607236e-01    6.7200000000e+02    8.9400281099e-03    5.4136904762e-01
       258   -6.2712801144e+00    3.9363264087e+01   -1.0219062444e+01    3.9477823293e+00    8.4139014695e+00    7.0352107511e+00   -2.6413765331e+01    7.4559066674e-01    6.7200000000e+02    8.9595844066e-03    5.4238095238e-01
       259   -6.2554985322e+00    3.9160498870e+01   -1.0233933861e+01    3.9784353289e+00    8.3656363316e+00    7.0352107511e+00   -2.6374491375e+01    7.3971043101e-01    6.7200000000e+02    8.9342811927e-03    5.4175967262e-01
       260   -6.2722498179e+00    3.9381219424e+01   -1.0141680001e+01    3.8694301828e+00    8.4554705163e+00    7.0352107511e+00   -2.6441548266e+01    8.0918699788e-01    6.7200000000e+02    8.9663103461e-03    5.4039434524e-01
       261   -6.2665073728e+00    3.9305299485e+01   -1.0337814315e+01    4.0713069420e+00    8.3889530259e+00    7.0352107511e+00   -2.6488491994e+01    7.2651390262e-01    6.7200000000e+02    8.9503498554e-03    5.4097470238e-01
       262   -6.2613734475e+00    3.9262230678e+01   -1.0299930930e+01    4.0385574821e+00    8.4107879191e+00    7.0352107511e+00   -2.6583988339e+01    8.3805873902e-01    6.7200000000e+02    8.9494346868e-03    5.4039806548e-01
       263   -6.2586441479e+00    3.9212395697e+01   -1.0169701702e+01    3.9110575536e+00    8.4175079276e+00    7.0352107511e+00   -2.6437561319e+01    8.1514093849e-01    6.7200000000e+02    8.9732344426e-03    5.4362723214e-01
       264   -6.2649296912e+00    3.9278287441e+01   -1.0230741580e+01    3.9658118892e+00    8.4792802359e+00    7.0352107511e+00   -2.6515541491e+01    7.7030892338e-01    6.7200000000e+02    8.9465550166e-03    5.4253348214e-01
       265   -6.2623916234e+00    3.9247956388e+01   -1.0212803217e+01    3.9504115938e+00    8.4614327700e+00    7.0352107511e+00   -2.6484727116e+01    7.7528037729e-01    6.7200000000e+02    8.9559349664e-03    5.4030505952e-01
       266   -6.2707189950e+00    3.9351201050e+01   -1.0314627081e+01    4.0439080859e+00    8.3673533643e+00    7.0352107511e+00   -2.6437869053e+01    7.2067785659e-01    6.7200000000e+02    8.9305800294e-03    5.4056547619e-01
       267   -6.2675484556e+00    3.9307317153e+01   -1.0339786815e+01    4.0722383595e+00    8.3872561878e+00    7.0352107511e+00   -2.6542475784e+01    7.8022202996e-01    6.7200000000e+02    8.9620256192e-03    5.4287946429e-01
       268   -6.2625594642e+00    3.9256933506e+01   -1.0270453093e+01    4.0078936288e+00    8.4682284834e+00    7.0352107511e+00   -2.6636546575e+01    8.6265424771e-01    6.7200000000e+02    8.9597428173e-03    5.4073288690e-01
       269   -6.2882183990e+00    3.9571806650e+01   -1.0080168071e+01    3.7919496720e+00    8.4544171434e+00    7.0352107511e+00   -2.6361154017e+01    7.9135805199e-01    6.7200000000e+02    8.9726820630e-03    5.4340773810e-01
       270   -6.2665493376e+00    3.9301542055e+01   -1.0198013588e+01    3.9314642501e+00    8.4327492025e+00    7.0352107511e+00   -2.6520999419e+01    8.5502587761e-01    6.7200000000e+02    8.9590025337e-03    5.4201636905e-01
       271   -6.2664398064e+00    3.9299324281e+01   -1.0325173685e+01    4.0587338782e+00    8.4834759523e+00    7.0352107511e+00   -2.6578000425e+01    7.3414003673e-01    6.7200000000e+02    8.9602509231e-03    5.4263020833e-01
       272   -6.2785046925e+00    3.9453868318e+01   -1.0342016356e+01    4.0635116635e+00    8.4185655452e+00    7.0352107511e+00   -2.6480581654e+01    6.8478900123e-01    6.7200000000e+02    8.9531381479e-03    5.4063244048e-01
       273   -6.2667760500e+00    3.9311600157e+01   -1.0182263855e+01    3.9154878049e+00    8.4173043675e+00    7.0352107511e+00   -2.6479027268e+01    8.4424829435e-01    6.7200000000e+02    8.9736353368e-03    5.4254092262e-01
       274   -6.2715246544e+00    3.9371987800e+01   -1.0204184379e+01    3.9326597244e+00    8.4187275626e+00    7.0352107511e+00   -2.6442957004e+01    7.8483431177e-01    6.7200000000e+02    9.0110140348e-03    5.4305431548e-01
       275   -6.2632134494e+00    3.9257175572e+01   -1.0171807502e+01    3.9085940525e+00    8.4542441996e+00    7.0352107511e+00   -2.6419629847e+01    7.5836739456e-01    6.7200000000e+02    8.9516247570e-03    5.4040922619e-01
       276   -6.2569146595e+00    3.9185971405e+01   -1.0285746503e+01    4.0288318434e+00    8.3888883537e+00    7.0352107511e+00   -2.6560758286e+01    8.5091267806e-01    6.7200000000e+02    8.9905945102e-03    5.4215029762e-01
       277   -6.2658019629e+00    3.9300242007e+01   -1.0308718220e+01    4.0429162566e+00    8.4419587481e+00    7.0352107511e+00   -2.6592567431e+01    8.0667971226e-01    6.7200000000e+02    8.9538060738e-03    5.4271949405e-01
       278   -6.2805185855e+00    3.9477199004e+01   -1.0222101655e+01    3.9415830696e+00    8.3503805716e+00    7.0352107511e+00   -2.6272628790e+01    6.6493581266e-01    6.7200000000e+02    8.9594830351e-03    5.4228422619e-01
       279   -6.2502183616e+00    3.9110019877e+01   -1.0160818626e+01    3.9106002646e+00    8.4548218923e+00    7.0352107511e+00   -2.6461986089e+01    8.1113481916e-01    6.7200000000e+02    8.9815008618e-03    5.4371279762e-01
       280   -6.2732946110e+00    3.9386246221e+01   -1.0214635318e+01    3.9413407065e+00    8.3789271755e+00    7.0352107511e+00   -2.6408978217e+01    7.8020497277e-01    6.7200000000e+02    8.9679925489e-03    5.4294642857e-01
       281   -6.2613458833e+00    3.9236300074e+01   -1.0302488228e+01    4.0411423450e+00    8.4536516088e+00    7.0352107511e+00   -2.6600266006e+01    8.0891541738e-01    6.7200000000e+02    8.9675539431e-03    5.4162574405e-01
       282   -6.2702130940e+00    3.9351561253e+01   -1.0326911869e+01    4.0566987754e+00    8.4373437265e+00    7.0352107511e+00   -2.6646888900e+01    8.4742255288e-01    6.7200000000e+02    8.9539283571e-03    5.4107514881e-01
       283   -6.2659956247e+00    3.9299915527e+01   -1.0328414384e+01    4.0624187596e+00    8.4953869575e+00    7.0352107511e+00   -2.6571599808e+01    7.1258771463e-01    6.7200000000e+02    8.9951909488e-03    5.4190476190e-01
       284   -6.2675600275e+00    3.9308834555e+01   -1.0254724349e+01    3.9871643218e+00    8.3867673325e+00    7.0352107511e+00   -2.6465459031e+01    7.8875659836e-01    6.7200000000e+02    8.9373943934e-03    5.4231026786e-01
       285   -6.2805906645e+00    3.9478346953e+01   -1.0306301678e+01    4.0257110136e+00    8.5177695700e+00    7.0352107511e+00   -2.6609519067e+01    7.5023706753e-01    6.7200000000e+02    8.9748790668e-03    5.4156250000e-01
       286   -6.2752382039e+00    3.9414651869e+01   -1.0137696384e+01    3.8624581799e+00    8.4112589256e+00    7.0352107511e+00   -2.6316808157e+01    7.3264209655e-01    6.7200000000e+02    8.9730998055e-03    5.4217633929e-01
       287   -6.2645302409e+00    3.9284621084e+01   -1.0204207506e+01    3.9396772653e+00    8.4413085545e+00    7.0352107511e+00   -2.6553536653e+01    8.7280984107e-01    6.7200000000e+02    8.9471828001e-03    5.4336681548e-01
       288   -6.2718896821e+00    3.9371063011e+01   -1.0159435734e+01    3.8875460519e+00    8.3856323969e+00    7.0352107511e+00   -2.6386566920e+01    8.0628803761e-01    6.7200000000e+02    8.9501936246e-03    5.4195312500e-01
       289   -6.2678284405e+00    3.9321168206e+01   -1.0040133772e+01    3.7723053311e+00    8.3457917669e+00    7.0352107511e+00   -2.6236324078e+01    8.1518778821e-01    6.7200000000e+02    8.9420846489e-03    5.4151413690e-01
       290   -6.2748165936e+00    3.9399752634e+01   -1.0363044263e+01    4.0882276693e+00    8.4720040735e+00    7.0352107511e+00   -2.6648765619e+01    7.7850653138e-01    6.7200000000e+02    9.0009097600e-03    5.4175967262e-01
       291   -6.2780517034e+00    3.9447801312e+01   -1.0228789685e+01    3.9507379812e+00    8.4992727516e+00    7.0352107511e+00   -2.6495746503e+01    7.3247331592e-01    6.7200000000e+02    9.0019656456e-03    5.4224330357e-01
       292   -6.2840197659e+00    3.9539954714e+01   -1.0199238292e+01    3.9152185259e+00    8.4231037728e+00    7.0352107511e+00   -2.6425272964e+01    7.6772014853e-01    6.7200000000e+02    8.9565882850e-03    5.4043898810e-01
       293   -6.2735768209e+00    3.9393187062e+01   -1.0150318957e+01    3.8767421356e+00    8.4701835514e+00    7.0352107511e+00   -2.6537913783e+01    8.8220052371e-01    6.7200000000e+02    8.9659270417e-03    5.4260788690e-01
       294   -6.2586343679e+00    3.9206335107e+01   -1.0255122396e+01    3.9964880283e+00    8.4431544353e+00    7.0352107511e+00   -2.6472933015e+01    7.3944543278e-01    6.7200000000e+02    8.9919312103e-03    5.4226190476e-01
       295   -6.2753146149e+00    3.9414930789e+01   -1.0200499800e+01    3.9251851849e+00    8.4258464683e+00    7.0352107511e+00   -2.6368386287e+01    7.0682926728e-01    6.7200000000e+02    8.9825511442e-03    5.4169270833e-01
       296   -6.2791352246e+00    3.9460871353e+01   -1.0333219376e+01    4.0540841515e+00    8.4644439689e+00    7.0352107511e+00   -2.6618095332e+01    7.8522123620e-01    6.7200000000e+02    8.9652611530e-03    5.4100818452e-01
       297   -6.2827303544e+00    3.9501010829e+01   -1.0303114057e+01    4.0203837022e+00    8.4155380261e+00    7.0352107511e+00   -2.6413492312e+01    6.5962947768e-01    6.7200000000e+02    8.9628205183e-03    5.4130580357e-01
       298   -6.2835913293e+00    3.9517541084e+01   -1.0295447728e+01    4.0118563985e+00    8.3951876290e+00    7.0352107511e+00   -2.6420837818e+01    6.9499171037e-01    6.7200000000e+02    8.9389952773e-03    5.4255580357e-01
       299   -6.2638503455e+00    3.9265284812e+01   -1.0141323435e+01    3.8774730895e+00    8.3437574883e+00    7.0352107511e+00   -2.6328874115e+01    8.0858244112e-01    6.7200000000e+02    8.9684737239e-03    5.4341889881e-01
       300   -6.2825611368e+00    3.9501404410e+01   -1.0281813972e+01    3.9992528349e+00    8.4130427586e+00    7.0352107511e+00   -2.6475849876e+01    7.4578239418e-01    6.7200000000e+02    8.9468505536e-03    5.4067336310e-01
       301   -6.2787182560e+00    3.9457538609e+01   -1.0220573729e+01    3.9418554735e+00    8.4825841153e+00    7.0352107511e+00   -2.6488675048e+01    7.5030645232e-01    6.7200000000e+02    8.9805356415e-03    5.4052827381e-01
       302   -6.2518042508e+00    3.9205879032e+01   -1.0048974739e+01    3.7971704886e+00    8.4915029893e+00    7.0352107511e+00   -2.6428186997e+01    8.5249851744e-01    6.7200000000e+02    8.9812313991e-03    5.4155877976e-01
       303   -6.2723927190e+00    3.9387355864e+01   -1.0268099422e+01    3.9957067035e+00    8.4297430800e+00    7.0352107511e+00   -2.6525656701e+01    7.9260344759e-01    6.7200000000e+02    8.9990215423e-03    5.4214657738e-01
       304   -6.2782366300e+00    3.9456385907e+01   -1.0197504156e+01    3.9192675264e+00    8.3348453524e+00    7.0352107511e+00   -2.6278556050e+01    7.1099578980e-01    6.7200000000e+02    8.9237042814e-03    5.4169270833e-01
       305   -6.2640650712e+00    3.9276099133e+01   -1.0143066661e+01    3.8790015897e+00    8.5331715998e+00    7.0352107511e+00   -2.6593237100e+01    8.8178808822e-01    6.7200000000e+02    9.0064417939e-03    5.4344122024e-01
       306   -6.2728141912e+00    3.9387451084e+01   -1.0044069510e+01    3.7712553190e+00    8.4065039874e+00    7.0352107511e+00   -2.6149478211e+01    6.6369396280e-01    6.7200000000e+02    8.9800440654e-03    5.4180803571e-01
       307   -6.2746895815e+00    3.9402696502e+01   -1.0325336074e+01    4.0506464928e+00    8.4545595773e+00    7.0352107511e+00   -2.6597125853e+01    7.8201945066e-01    6.7200000000e+02    8.9860867662e-03    5.4240699405e-01
       308   -6.2632204949e+00    3.9264202187e+01   -1.0349906846e+01    4.0866863507e+00    8.4098090785e+00    7.0352107511e+00   -2.6538870776e+01    7.4394410117e-01    6.7200000000e+02    8.9735760079e-03    5.4084449405e-01
       309   -6.2545627274e+00    3.9163946178e+01   -1.0227504150e+01    3.9729414225e+00    8.4451254053e+00    7.0352107511e+00   -2.6514366223e+01    8.0652591651e-01    6.7200000000e+02    8.9539954178e-03    5.4303943452e-01
       310   -6.2724335763e+00    3.9376367668e+01   -1.0319674652e+01    4.0472410762e+00    8.4833318234e+00    7.0352107511e+00   -2.6541687033e+01    7.0346980625e-01    6.7200000000e+02    9.0025542526e-03    5.4241443452e-01
       311   -6.2661546582e+00    3.9295392849e+01   -1.0243286973e+01    3.9771323146e+00    8.4359145616e+00    7.0352107511e+00   -2.6512557373e+01    7.9814508724e-01    6.7200000000e+02    8.9768336426e-03    5.4136532738e-01
       312   -6.2705371546e+00    3.9345916815e+01   -1.0240818112e+01    3.9702809573e+00    8.4282977932e+00    7.0352107511e+00   -2.6409441264e+01    7.0511460768e-01    6.7200000000e+02    8.9563165370e-03    5.4346726190e-01
       313   -6.2744441960e+00    3.9404093495e+01   -1.0046499189e+01    3.7720549932e+00    8.4167599086e+00    7.0352107511e+00   -2.6390059957e+01    8.9159010793e-01    6.7200000000e+02    8.9732140533e-03    5.4369047619e-01
       314   -6.2714223988e+00    3.9364127175e+01   -1.0257389620e+01    3.9859672213e+00    8.5281395203e+00    7.0352107511e+00   -2.6626008445e+01    8.0526855393e-01    6.7200000000e+02    8.9817792870e-03    5.4240327381e-01
       315   -6.2689667265e+00    3.9341739426e+01   -1.0280920638e+01    4.0119539118e+00    8.4832437675e+00    7.0352107511e+00   -2.6512186768e+01    7.1281161099e-01    6.7200000000e+02    8.9630748345e-03    5.4138764881e-01
       316   -6.2729152549e+00    3.9383382975e+01   -1.0223073771e+01    3.9501585158e+00    8.4305017134e+00    7.0352107511e+00   -2.6508943803e+01    8.2015756760e-01    6.7200000000e+02    8.9590384118e-03    5.4191592262e-01
       317   -6.2754049230e+00    3.9409863305e+01   -1.0146104372e+01    3.8706994493e+00    8.5150933403e+00    7.0352107511e+00   -2.6454015424e+01    7.5760695983e-01    6.7200000000e+02    8.9710366516e-03    5.3975446429e-01
       318   -6.2694405729e+00    3.9341353120e+01   -1.0382440368e+01    4.1129997953e+00    8.4127394649e+00    7.0352107511e+00   -2.6569325463e+01    7.3893487885e-01    6.7200000000e+02    8.9682299877e-03    5.4120163690e-01
       319   -6.2655245739e+00    3.9303090270e+01   -1.0296612954e+01    4.0310883801e+00    8.4806493207e+00    7.0352107511e+00   -2.6609498168e+01    7.9702514231e-01    6.7200000000e+02    8.9416910126e-03    5.4156622024e-01
       320   -6.2700250267e+00    3.9343587511e+01   -1.0149154778e+01    3.8791297508e+00    8.4533258649e+00    7.0352107511e+00   -2.6346875662e+01    7.0918426804e-01    6.7200000000e+02    8.9387961863e-03    5.4053199405e-01
       321   -6.2634260413e+00    3.9274707149e+01   -1.0140536599e+01    3.8771105582e+00    8.4361893239e+00    7.0352107511e+00   -2.6522866884e+01    9.1093020936e-01    6.7200000000e+02    8.9913518916e-03    5.4242931548e-01
       322   -6.2764828997e+00    3.9432984752e+01   -1.0174242372e+01    3.8977594721e+00    8.3673122616e+00    7.0352107511e+00   -2.6327935326e+01    7.5116994201e-01    6.7200000000e+02    8.9323965256e-03    5.4301711310e-01
       323   -6.2876588266e+00    3.9563137160e+01   -1.0216002707e+01    3.9283438801e+00    8.4415031704e+00    7.0352107511e+00   -2.6405906441e+01    7.1318981302e-01    6.7200000000e+02    8.9692264169e-03    5.4279761905e-01
       324   -6.2633211244e+00    3.9267704964e+01   -1.0303809778e+01    4.0404886532e+00    8.4109781166e+00    7.0352107511e+00   -2.6657157997e+01    9.0715935200e-01    6.7200000000e+02    8.9669810162e-03    5.4336309524e-01
       325   -6.2802194393e+00    3.9471961776e+01   -1.0224322655e+01    3.9441032160e+00    8.5272769168e+00    7.0352107511e+00   -2.6526971669e+01    7.4016134630e-01    6.7200000000e+02    8.9935306751e-03    5.4280133929e-01
       326   -6.2656341932e+00    3.9307060027e+01   -1.0216795690e+01    3.9511614970e+00    8.4390408885e+00    7.0352107511e+00   -2.6525072958e+01    8.3402562809e-01    6.7200000000e+02    8.9584834253e-03    5.4054315476e-01
       327   -6.2716830339e+00    3.9377785340e+01   -1.0249664047e+01    3.9779810127e+00    8.4199701320e+00    7.0352107511e+00   -2.6537179222e+01    8.3233429186e-01    6.7200000000e+02    8.9829585410e-03    5.4235491071e-01
       328   -6.2739283920e+00    3.9394252682e+01   -1.0285064821e+01    4.0111364294e+00    8.3907069531e+00    7.0352107511e+00   -2.6381958908e+01    6.7097638214e-01    6.7200000000e+02    8.9856725230e-03    5.4270089286e-01
       329   -6.2768934898e+00    3.9433961561e+01   -1.0297574783e+01    4.0206812934e+00    8.4930934552e+00    7.0352107511e+00   -2.6549139048e+01    7.2326005892e-01    6.7200000000e+02    8.9846511421e-03    5.4152529762e-01
       330   -6.2747403960e+00    3.9398881478e+01   -1.0310455748e+01    4.0357153521e+00    8.4337719641e+00    7.0352107511e+00   -2.6555693096e+01    7.7625463239e-01    6.7200000000e+02    8.9591684297e-03    5.4081101190e-01
       331   -6.2771224885e+00    3.9440786503e+01   -1.0253898263e+01    3.9767757745e+00    8.3990747871e+00    7.0352107511e+00   -2.6335110763e+01    6.4692696142e-01    6.7200000000e+02    8.9938426737e-03    5.4052083333e-01
       332   -6.2639154896e+00    3.9275580160e+01   -1.0097298342e+01    3.8333828520e+00    8.4353899875e+00    7.0352107511e+00   -2.6393241737e+01    8.2534265686e-01    6.7200000000e+02    8.9723939960e-03    5.4235863095e-01
       333   -6.2668877903e+00    3.9309303530e+01   -1.0181701093e+01    3.9148133031e+00    8.3887223786e+00    7.0352107511e+00   -2.6368797255e+01    7.6316303237e-01    6.7200000000e+02    8.9591056679e-03    5.4174851190e-01
       334   -6.2702392782e+00    3.9349580631e+01   -1.0222568275e+01    3.9523289965e+00    8.4030839371e+00    7.0352107511e+00   -2.6534136195e+01    8.7327323167e-01    6.7200000000e+02    8.9948742978e-03    5.4336309524e-01
       335   -6.2795750901e+00    3.9464085934e+01   -1.0293878965e+01    4.0143038754e+00    8.4729686673e+00    7.0352107511e+00   -2.6511466555e+01    7.0940817113e-01    6.7200000000e+02    8.9984338944e-03    5.4359747024e-01
       336   -6.2806438298e+00    3.9474523786e+01   -1.0142533199e+01    3.8618893693e+00    8.3716348865e+00    7.0352107511e+00   -2.6326871852e+01    7.7749301506e-01    6.7200000000e+02    8.9734941000e-03    5.4254464286e-01
       337   -6.2660505978e+00    3.9314316174e+01   -1.0326037523e+01    4.0599869247e+00    8.4527385567e+00    7.0352107511e+00   -2.6541142653e+01    7.2715582260e-01    6.7200000000e+02    8.9701347544e-03    5.4265625000e-01
       338   -6.2670028261e+00    3.9328210251e+01   -1.0144940590e+01    3.8779377634e+00    8.3788425200e+00    7.0352107511e+00   -2.6387968272e+01    8.2897441182e-01    6.7200000000e+02    8.9958764604e-03    5.4241443452e-01
       339   -6.2625784575e+00    3.9267005514e+01   -1.0236923296e+01    3.9743448388e+00    8.4442471687e+00    7.0352107511e+00   -2.6415989103e+01    6.9960788649e-01    6.7200000000e+02    8.9287626574e-03    5.3904017857e-01
       340   -6.2770220392e+00    3.9426220236e+01   -1.0319291094e+01    4.0422690545e+00    8.4581983321e+00    7.0352107511e+00   -2.6502911843e+01    6.9021166642e-01    6.7200000000e+02    8.9917812896e-03    5.4162202381e-01
       341   -6.2660729159e+00    3.9304041881e+01   -1.0191177603e+01    3.9251046871e+00    8.3769151148e+00    7.0352107511e+00   -2.6351059250e+01    7.4775578143e-01    6.7200000000e+02    8.9775038068e-03    5.4356026786e-01
       342   -6.2684133584e+00    3.9330375456e+01   -1.0286831502e+01    4.0184181437e+00    8.4312534041e+00    7.0352107511e+00   -2.6549751304e+01    7.9645564662e-01    6.7200000000e+02    8.9292190720e-03    5.4127976190e-01
       343   -6.2633698060e+00    3.9271400549e+01   -1.0224174325e+01    3.9608045194e+00    8.4747027344e+00    7.0352107511e+00   -2.6549916326e+01    8.1582851540e-01    6.7200000000e+02    8.9651304602e-03    5.4091889881e-01
       344   -6.2747673905e+00    3.9397942415e+01   -1.0308587034e+01    4.0338196434e+00    8.4348746390e+00    7.0352107511e+00   -2.6497410662e+01    7.1873823781e-01    6.7200000000e+02    8.9423581681e-03    5.4158110119e-01
       345   -6.2690283550e+00    3.9339024638e+01   -1.0335864756e+01    4.0668364006e+00    8.5203743864e+00    7.0352107511e+00   -2.6707692304e+01    8.1624241121e-01    6.7200000000e+02    8.9977722950e-03    5.4284970238e-01
       346   -6.2674634613e+00    3.9310234687e+01   -1.0262489165e+01    3.9950257032e+00    8.4793759046e+00    7.0352107511e+00   -2.6573346448e+01    7.9627062797e-01    6.7200000000e+02    8.9891928669e-03    5.4134672619e-01
       347   -6.2641003709e+00    3.9275195169e+01   -1.0244063851e+01    3.9799634799e+00    8.4569471444e+00    7.0352107511e+00   -2.6536394353e+01    8.0017260630e-01    6.7200000000e+02    8.9662071647e-03    5.4231770833e-01
       348   -6.2738809605e+00    3.9401320018e+01   -1.0186573665e+01    3.9126927045e+00    8.4768002172e+00    7.0352107511e+00   -2.6591752456e+01    8.9316782221e-01    6.7200000000e+02    8.9772600539e-03    5.4119419643e-01
       349   -6.2711779920e+00    3.9362258957e+01   -1.0354588532e+01    4.0834105402e+00    8.4014292831e+00    7.0352107511e+00   -2.6619885513e+01    8.2865694681e-01    6.7200000000e+02    8.9315395107e-03    5.4171502976e-01
       350   -6.2710339691e+00    3.9358508923e+01   -1.0237838900e+01    3.9668049310e+00    8.4174236003e+00    7.0352107511e+00   -2.6489272230e+01    7.9879897897e-01    6.7200000000e+02    8.9915226882e-03    5.4388020833e-01
       351   -6.2582683673e+00    3.9201867827e+01   -1.0210947652e+01    3.9526792843e+00    8.5013131982e+00    7.0352107511e+00   -2.6558269108e+01    8.1079750683e-01    6.7200000000e+02    8.9852305897e-03    5.4163690476e-01
       352   -6.2665683827e+00    3.9299901312e+01   -1.0255732768e+01    3.9891643850e+00    8.3785095695e+00    7.0352107511e+00   -2.6429702639e+01    7.6024955103e-01    6.7200000000e+02    8.9620788709e-03    5.4194940476e-01
       353   -6.2706138974e+00    3.9354830728e+01   -1.0148099561e+01    3.8774856634e+00    8.3715794511e+00    7.0352107511e+00   -2.6275401143e+01    7.2051138046e-01    6.7200000000e+02    8.9481356817e-03    5.4178571429e-01
       354   -6.2771290741e+00    3.9430805824e+01   -1.0376799125e+01    4.0996700510e+00    8.5014991526e+00    7.0352107511e+00   -2.6746337127e+01    8.3282809835e-01    6.7200000000e+02    8.9935054836e-03    5.4263764881e-01
       355   -6.2481166765e+00    3.9094329147e+01   -1.0280285891e+01    4.0321692141e+00    8.4111964987e+00    7.0352107511e+00   -2.6587354078e+01    8.6066093752e-01    6.7200000000e+02    8.9569278269e-03    5.4117931548e-01
       356   -6.2711497138e+00    3.9354380075e+01   -1.0231968865e+01    3.9608191515e+00    8.4480175466e+00    7.0352107511e+00   -2.6419207812e+01    7.0401064890e-01    6.7200000000e+02    8.9826158517e-03    5.4311011905e-01
       357   -6.2731046553e+00    3.9382843028e+01   -1.0267846830e+01    3.9947421749e+00    8.5079544097e+00    7.0352107511e+00   -2.6482017539e+01    6.7100554810e-01    6.7200000000e+02    8.9622025580e-03    5.4285342262e-01
       358   -6.2739343630e+00    3.9389383414e+01   -1.0326140223e+01    4.0522058604e+00    8.3990048008e+00    7.0352107511e+00   -2.6486425274e+01    7.2606949823e-01    6.7200000000e+02    8.9640150102e-03    5.4114955357e-01
       359   -6.2690152604e+00    3.9331767575e+01   -1.0299241218e+01    4.0302259579e+00    8.4837162137e+00    7.0352107511e+00   -2.6603366467e+01    7.8519828385e-01    6.7200000000e+02    8.9807909764e-03    5.4065104167e-01
       360   -6.2615857974e+00    3.9245539252e+01   -1.0138317264e+01    3.8767314667e+00    8.4471352175e+00    7.0352107511e+00   -2.6421439811e+01    8.0077657794e-01    6.7200000000e+02    8.9584982377e-03    5.4100074405e-01
       361   -6.2617638076e+00    3.9243469610e+01   -1.0434868992e+01    4.1731051840e+00    8.3793212031e+00    7.0352107511e+00   -2.6522744666e+01    6.7334372028e-01    6.7200000000e+02    8.9781040595e-03    5.4103050595e-01
       362   -6.2621110223e+00    3.9250611340e+01   -1.0463283171e+01    4.2011721484e+00    8.3982759760e+00    7.0352107511e+00   -2.6666178164e+01    7.6940826621e-01    6.7200000000e+02    8.9411039038e-03    5.4159226190e-01
       363   -6.2777335257e+00    3.9439268884e+01   -1.0282879617e+01    4.0051460915e+00    8.4003368378e+00    7.0352107511e+00   -2.6516098256e+01    7.9767105020e-01    6.7200000000e+02    8.9657004629e-03    5.4127604167e-01
       364   -6.2667250093e+00    3.9327138109e+01   -1.0341474369e+01    4.0747493593e+00    8.4867138894e+00    7.0352107511e+00   -2.6714500777e+01    8.5110176746e-01    6.7200000000e+02    8.9821465302e-03    5.4201636905e-01
       365   -6.2712732940e+00    3.9379208579e+01   -1.0109568234e+01    3.8382949401e+00    8.4657398262e+00    7.0352107511e+00   -2.6473654697e+01    8.6313588524e-01    6.7200000000e+02    8.9948605594e-03    5.4300595238e-01
       366   -6.2461871580e+00    3.9065989350e+01   -1.0088341002e+01    3.8421538443e+00    8.4012847857e+00    7.0352107511e+00   -2.6420853835e+01    8.9601729553e-01    6.7200000000e+02    8.9768259758e-03    5.4301339286e-01
       367   -6.2652575450e+00    3.9283563400e+01   -1.0183032453e+01    3.9177749076e+00    8.4619800134e+00    7.0352107511e+00   -2.6517497388e+01    8.3727417134e-01    6.7200000000e+02    8.9711010265e-03    5.4321800595e-01
       368   -6.2722207579e+00    3.9374124255e+01   -1.0247907378e+01    3.9756866198e+00    8.3680134539e+00    7.0352107511e+00   -2.6351639251e+01    7.0050766801e-01    6.7200000000e+02    8.9437914167e-03    5.4131696429e-01
       369   -6.2682997601e+00    3.9329525592e+01   -1.0180119160e+01    3.9118194002e+00    8.3974203083e+00    7.0352107511e+00   -2.6438659986e+01    8.2590976676e-01    6.7200000000e+02    8.9413733984e-03    5.4082217262e-01
       370   -6.2801055156e+00    3.9472202153e+01   -1.0229018363e+01    3.9489128477e+00    8.4332290259e+00    7.0352107511e+00   -2.6394964179e+01    6.9750603827e-01    6.7200000000e+02    8.9398897641e-03    5.4252976190e-01
       371   -6.2746995985e+00    3.9403263362e+01   -1.0200190623e+01    3.9254910241e+00    8.3807608309e+00    7.0352107511e+00   -2.6325829803e+01    7.0966759854e-01    6.7200000000e+02    8.9343976579e-03    5.4152901786e-01
       372   -6.2635821722e+00    3.9264572542e+01   -1.0482831289e+01    4.2192491167e+00    8.4205805304e+00    7.0352107511e+00   -2.6686890527e+01    7.4826795671e-01    6.7200000000e+02    8.9648747484e-03    5.4133928571e-01
       373   -6.2613630236e+00    3.9246357494e+01   -1.0140428403e+01    3.8790653796e+00    8.4431621880e+00    7.0352107511e+00   -2.6467034014e+01    8.4823267213e-01    6.7200000000e+02    8.9645229219e-03    5.4185639881e-01
       374   -6.2707012134e+00    3.9366046306e+01   -1.0240227329e+01    3.9695261155e+00    8.4259067612e+00    7.0352107511e+00   -2.6478463781e+01    7.7711893998e-01    6.7200000000e+02    8.9722687761e-03    5.4316592262e-01
       375   -6.2672407399e+00    3.9306183292e+01   -1.0233921566e+01    3.9666808259e+00    8.5002874920e+00    7.0352107511e+00   -2.6449623746e+01    6.8020393731e-01    6.7200000000e+02    8.9712830806e-03    5.4223214286e-01
       376   -6.2603944664e+00    3.9232569540e+01   -1.0089890737e+01    3.8294962709e+00    8.4468040357e+00    7.0352107511e+00   -2.6431914058e+01    8.6000853397e-01    6.7200000000e+02    8.9608440092e-03    5.4330357143e-01
       377   -6.2723180736e+00    3.9384607075e+01   -1.0087308026e+01    3.8149899526e+00    8.3590497471e+00    7.0352107511e+00   -2.6303009712e+01    8.2144118725e-01    6.7200000000e+02    8.9591812395e-03    5.4281994048e-01
       378   -6.2670003754e+00    3.9305495339e+01   -1.0211571906e+01    3.9445715310e+00    8.4203169936e+00    7.0352107511e+00   -2.6389923034e+01    7.2282338297e-01    6.7200000000e+02    8.9721522222e-03    5.4367559524e-01
       379   -6.2725301655e+00    3.9377967365e+01   -1.0297722067e+01    4.0251919013e+00    8.4180634795e+00    7.0352107511e+00   -2.6510835492e+01    7.5983919486e-01    6.7200000000e+02    8.9732665247e-03    5.4304687500e-01
       380   -6.2539725993e+00    3.9156846565e+01   -1.0187825343e+01    3.9338527435e+00    8.4227656497e+00    7.0352107511e+00   -2.6487984877e+01    8.4218313316e-01    6.7200000000e+02    8.9442126919e-03    5.4284598214e-01
       381   -6.2567009332e+00    3.9198314682e+01   -1.0185968195e+01    3.9292672614e+00    8.4835389520e+00    7.0352107511e+00   -2.6706633677e+01    1.0019157792e+00    6.7200000000e+02    8.9887938313e-03    5.4131324405e-01
       382   -6.2665360047e+00    3.9303490086e+01   -1.0305319363e+01    4.0387833587e+00    8.4366868601e+00    7.0352107511e+00   -2.6594310825e+01    8.1709384982e-01    6.7200000000e+02    9.0012445899e-03    5.4394717262e-01
       383   -6.2764498392e+00    3.9434504986e+01   -1.0146769917e+01    3.8703200777e+00    8.4284028789e+00    7.0352107511e+00   -2.6374661803e+01    7.6427825566e-01    6.7200000000e+02    8.9769124572e-03    5.4264508929e-01
       384   -6.2471402761e+00    3.9326178617e+01   -1.0370157797e+01    4.1230175207e+00    8.4413679457e+00    7.0352107511e+00   -2.6611090015e+01    7.6435352119e-01    6.7200000000e+02    8.9773590541e-03    5.4373511905e-01
       385   -6.2803928011e+00    3.9477277583e+01   -1.0294914037e+01    4.0145212360e+00    8.4055685576e+00    7.0352107511e+00   -2.6563266505e+01    8.2757315895e-01    6.7200000000e+02    8.9742241849e-03    5.4238095238e-01
       386   -6.2645728111e+00    3.9285549904e+01   -1.0246966413e+01    3.9823936014e+00    8.3582548774e+00    7.0352107511e+00   -2.6417137778e+01    7.7670573724e-01    6.7200000000e+02    8.9346131565e-03    5.4042782738e-01
       387   -6.2661636390e+00    3.9299482700e+01   -1.0151733321e+01    3.8855696815e+00    8.4144648999e+00    7.0352107511e+00   -2.6336466070e+01    7.3505709811e-01    6.7200000000e+02    8.9825576080e-03    5.4248511905e-01
       388   -6.2665984610e+00    3.9302560959e+01   -1.0211205682e+01    3.9446072207e+00    8.4005676905e+00    7.0352107511e+00   -2.6455643999e+01    8.0865987593e-01    6.7200000000e+02    8.9683143708e-03    5.4372767857e-01
       389   -6.2689462178e+00    3.9333211056e+01   -1.0280639210e+01    4.0116929927e+00    8.5024586669e+00    7.0352107511e+00   -2.6614601490e+01    7.9629286112e-01    6.7200000000e+02    8.9572952725e-03    5.4010788690e-01
       390   -6.2827029119e+00    3.9502898385e+01   -1.0414751246e+01    4.1320483344e+00    8.3823592956e+00    7.0352107511e+00   -2.6570512366e+01    7.3819107300e-01    6.7200000000e+02    8.9661360447e-03    5.4382812500e-01
       391   -6.2817385677e+00    3.9491151915e+01   -1.0244300980e+01    3.9625624124e+00    8.4399714160e+00    7.0352107511e+00   -2.6416290597e+01    6.9680744969e-01    6.7200000000e+02    8.9283376666e-03    5.4115699405e-01
       392   -6.2648171016e+00    3.9287216975e+01   -1.0346893864e+01    4.0820767625e+00    8.4163306862e+00    7.0352107511e+00   -2.6528632490e+01    7.3019718901e-01    6.7200000000e+02    8.9620219646e-03    5.4250744048e-01
       393   -6.2777284341e+00    3.9435915421e+01   -1.0383800305e+01    4.1060718708e+00    8.4341266374e+00    7.0352107511e+00   -2.6643255435e+01    7.9011774149e-01    6.7200000000e+02    8.9815430776e-03    5.4118675595e-01
       394   -6.2756885796e+00    3.9417579460e+01   -1.0177074898e+01    3.9013863179e+00    8.3949919020e+00    7.0352107511e+00   -2.6425498812e+01    8.1822126148e-01    6.7200000000e+02    8.9468416977e-03    5.4262648810e-01
       395   -6.2601211796e+00    3.9227674051e+01   -1.0258678709e+01    3.9985575298e+00    8.4373110994e+00    7.0352107511e+00   -2.6593929833e+01    8.6272927322e-01    6.7200000000e+02    8.9704716756e-03    5.4199032738e-01
       396   -6.2768535068e+00    3.9427340028e+01   -1.0166452903e+01    3.8895993959e+00    8.4439390993e+00    7.0352107511e+00   -2.6369438850e+01    7.2383609693e-01    6.7200000000e+02    8.9522996845e-03    5.4222842262e-01
       397   -6.2701755295e+00    3.9348445224e+01   -1.0282980792e+01    4.0128052627e+00    8.4663376177e+00    7.0352107511e+00   -2.6457117152e+01    6.7258799146e-01    6.7200000000e+02    8.9462952982e-03    5.4168526786e-01
       398   -6.2663116011e+00    3.9294716950e+01   -1.0230063782e+01    3.9637521809e+00    8.3992287230e+00    7.0352107511e+00   -2.6342776912e+01    6.7827365605e-01    6.7200000000e+02    8.9610988895e-03    5.4122767857e-01
       399   -6.2743606278e+00    3.9394451762e+01   -1.0329606575e+01    4.0552459467e+00    8.3841525403e+00    7.0352107511e+00   -2.6410894435e+01    6.6192456926e-01    6.7200000000e+02    8.9655743518e-03    5.4235491071e-01
