#   index    LocalEnergy         LocalEnergy_sq      LocalPotential      Kinetic             ElecElec            IonIon              LocalECP            NonLocalECP         BlockWeight         BlockCPU            AcceptRatio         
         0   -5.9010419806e+00    3.4868203727e+01   -9.3444598571e+00    3.4434178766e+00    7.8141947326e+00    7.0352107511e+00   -2.5056663071e+01    8.6279773068e-01    1.6800000000e+02    9.8617942671e-03    5.7055059524e-01
         1   -5.9182914688e+00    3.5058172211e+01   -9.9011271425e+00    3.9828356738e+00    7.8879545056e+00    7.0352107511e+00   -2.5620007364e+01    7.9571496494e-01    1.6800000000e+02    9.4260035881e-03    5.7050595238e-01
         2   -5.9010843981e+00    3.4875644909e+01   -9.5688978965e+00    3.6678134984e+00    7.8148788660e+00    7.0352107511e+00   -2.5225413172e+01    8.0642565843e-01    1.6800000000e+02    9.4096168288e-03    5.7421130952e-01
         3   -5.8922553219e+00    3.4766365365e+01   -9.6145171863e+00    3.7222618644e+00    7.6638449017e+00    7.0352107511e+00   -2.5094221135e+01    7.8064829541e-01    1.6800000000e+02    9.4173543344e-03    5.7523809524e-01
         4   -5.9167777379e+00    3.5047311855e+01   -9.5639599943e+00    3.6471822564e+00    7.6535179351e+00    7.0352107511e+00   -2.4877268080e+01    6.2457939944e-01    1.6800000000e+02    9.2996874259e-03    5.7211309524e-01
         5   -5.9077821759e+00    3.4929836071e+01   -9.8958186097e+00    3.9880364337e+00    7.7883686267e+00    7.0352107511e+00   -2.5205284188e+01    4.8588620013e-01    1.6800000000e+02    9.3593087180e-03    5.7058035714e-01
         6   -5.8949733062e+00    3.4861235769e+01   -9.9115807040e+00    4.0166073978e+00    7.8288458280e+00    7.0352107511e+00   -2.5489933468e+01    7.1429618517e-01    1.6800000000e+02    9.4140925544e-03    5.7197916667e-01
         7   -5.9265959941e+00    3.5181968659e+01   -9.8122455171e+00    3.8856495230e+00    7.7433863495e+00    7.0352107511e+00   -2.5231642137e+01    6.4079951910e-01    1.6800000000e+02    9.4384096031e-03    5.7205357143e-01
         8   -5.9262799684e+00    3.5262100377e+01   -9.5932388274e+00    3.6669588590e+00    7.7670080072e+00    7.0352107511e+00   -2.5258197324e+01    8.6273973832e-01    1.6800000000e+02    9.3993992500e-03    5.7264880952e-01
         9   -5.8981417225e+00    3.4846979015e+01   -9.5387311288e+00    3.6405894064e+00    7.6949148755e+00    7.0352107511e+00   -2.5182486884e+01    9.1363012853e-01    1.6800000000e+02    9.4035382804e-03    5.7748511905e-01
        10   -5.9223259885e+00    3.5105376301e+01   -9.8611898011e+00    3.9388638126e+00    7.6714609905e+00    7.0352107511e+00   -2.5226558299e+01    6.5869675577e-01    1.6800000000e+02    9.3507075605e-03    5.7284226190e-01
        11   -5.9014184156e+00    3.4884369691e+01   -9.5796235756e+00    3.6782051600e+00    7.5155493532e+00    7.0352107511e+00   -2.4775418673e+01    6.4503499253e-01    1.6800000000e+02    9.3461960676e-03    5.7547619048e-01
        12   -5.9080697189e+00    3.4948319224e+01   -9.5962453144e+00    3.6881755955e+00    7.6787870610e+00    7.0352107511e+00   -2.5137987229e+01    8.2774410232e-01    1.6800000000e+02    9.3953463892e-03    5.7074404762e-01
        13   -5.9102588040e+00    3.4964622199e+01   -9.7213951922e+00    3.8111363882e+00    7.5277867518e+00    7.0352107511e+00   -2.4805288270e+01    5.2089557446e-01    1.6800000000e+02    9.3362545040e-03    5.7285714286e-01
        14   -5.9231544591e+00    3.5118519708e+01   -1.0059376706e+01    4.1362222468e+00    7.6937472019e+00    7.0352107511e+00   -2.5477383663e+01    6.8904900374e-01    1.6800000000e+02    9.3856129596e-03    5.7223214286e-01
        15   -5.9036683499e+00    3.4888958981e+01   -9.7930951952e+00    3.8894268453e+00    7.6722545857e+00    7.0352107511e+00   -2.5224357427e+01    7.2379689493e-01    1.6800000000e+02    9.3882123696e-03    5.7078869048e-01
        16   -5.9017602647e+00    3.4872856501e+01   -9.6654417252e+00    3.7636814605e+00    7.7394496672e+00    7.0352107511e+00   -2.5151277703e+01    7.1117555963e-01    1.6800000000e+02    9.3834353666e-03    5.7360119048e-01
        17   -5.9120874286e+00    3.4997853984e+01   -9.7539497633e+00    3.8418623348e+00    7.7172405920e+00    7.0352107511e+00   -2.5288437596e+01    7.8203648915e-01    1.6800000000e+02    9.3619559747e-03    5.7000000000e-01
        18   -5.8878091193e+00    3.4712297830e+01   -9.5556051079e+00    3.6677959885e+00    7.6509994800e+00    7.0352107511e+00   -2.5163145343e+01    9.2133000387e-01    1.6800000000e+02    9.4984663717e-03    5.7239583333e-01
        19   -5.9049436803e+00    3.4899271321e+01   -9.6935301600e+00    3.7885864797e+00    7.6789430861e+00    7.0352107511e+00   -2.5160623420e+01    7.5293942258e-01    1.6800000000e+02    9.4079365455e-03    5.7495535714e-01
        20   -5.9124994919e+00    3.5027117377e+01   -9.7571019793e+00    3.8446024874e+00    7.6224346632e+00    7.0352107511e+00   -2.5599523180e+01    1.1847757868e+00    1.6800000000e+02    9.3867194262e-03    5.7104166667e-01
        21   -5.9098285806e+00    3.4965264842e+01   -9.8229047138e+00    3.9130761332e+00    7.8276167053e+00    7.0352107511e+00   -2.5546656289e+01    8.6092411841e-01    1.6800000000e+02    9.3794319657e-03    5.7163690476e-01
        22   -5.9199109557e+00    3.5084861644e+01   -9.5689367176e+00    3.6490257619e+00    7.7113346457e+00    7.0352107511e+00   -2.4870564149e+01    5.5508203503e-01    1.6800000000e+02    9.4425717446e-03    5.7453869048e-01
        23   -5.9125940785e+00    3.4987870791e+01   -9.6094121916e+00    3.6968181131e+00    7.7383905874e+00    7.0352107511e+00   -2.5029757820e+01    6.4674428987e-01    1.6800000000e+02    9.4026033323e-03    5.7489583333e-01
        24   -5.9787100722e+00    3.5969443737e+01   -9.4130435370e+00    3.4343334649e+00    7.6491675115e+00    7.0352107511e+00   -2.5146947083e+01    1.0495252837e+00    1.6800000000e+02    9.3541988615e-03    5.7252976190e-01
        25   -5.8982119349e+00    3.4818820989e+01   -9.8018868678e+00    3.9036749328e+00    7.6585770144e+00    7.0352107511e+00   -2.5267670759e+01    7.7199612604e-01    1.6800000000e+02    9.4336595586e-03    5.7611607143e-01
        26   -5.9149770540e+00    3.5026768866e+01   -9.3816340708e+00    3.4666570168e+00    7.7151367044e+00    7.0352107511e+00   -2.5052916564e+01    9.2093503815e-01    1.6800000000e+02    9.3670366221e-03    5.7242559524e-01
        27   -5.9185982864e+00    3.5062199721e+01   -1.0027482893e+01    4.1088846069e+00    7.7877598326e+00    7.0352107511e+00   -2.5477681267e+01    6.2722778999e-01    1.6800000000e+02    9.4012670341e-03    5.7421130952e-01
        28   -5.9458992274e+00    3.5410712026e+01   -9.5249346022e+00    3.5790353748e+00    7.6444500597e+00    7.0352107511e+00   -2.5072676431e+01    8.6808101770e-01    1.6800000000e+02    9.4248888670e-03    5.7080357143e-01
        29   -5.9099685851e+00    3.4964418101e+01   -9.6234161384e+00    3.7134475534e+00    7.7398893246e+00    7.0352107511e+00   -2.5281159262e+01    8.8264304811e-01    1.6800000000e+02    9.4054027272e-03    5.7199404762e-01
        30   -5.9169621172e+00    3.5044837259e+01   -9.6816373657e+00    3.7646752485e+00    7.6675423466e+00    7.0352107511e+00   -2.5187682384e+01    8.0329192025e-01    1.6800000000e+02    9.3787820965e-03    5.7224702381e-01
        31   -5.9068005600e+00    3.4921714737e+01   -9.7346879117e+00    3.8278873517e+00    7.6060298927e+00    7.0352107511e+00   -2.5134625861e+01    7.5869730537e-01    1.6800000000e+02    9.3812031638e-03    5.7684523810e-01
        32   -5.8886062049e+00    3.4707456815e+01   -9.5446546637e+00    3.6560484588e+00    7.7340823556e+00    7.0352107511e+00   -2.5002856190e+01    6.8890841955e-01    1.6800000000e+02    9.4128838807e-03    5.7501488095e-01
        33   -5.9329548440e+00    3.5228073821e+01   -9.6910017726e+00    3.7580469287e+00    7.5885492662e+00    7.0352107511e+00   -2.4920205302e+01    6.0544351217e-01    1.6800000000e+02    9.3279118661e-03    5.7300595238e-01
        34   -5.9478899649e+00    3.5422901518e+01   -9.6608320567e+00    3.7129420918e+00    7.7549229211e+00    7.0352107511e+00   -2.5187076604e+01    7.3611087525e-01    1.6800000000e+02    9.3996707915e-03    5.7486607143e-01
        35   -5.9200471043e+00    3.5089047421e+01   -9.8250431662e+00    3.9049960618e+00    7.6744617184e+00    7.0352107511e+00   -2.5063784342e+01    5.2906870634e-01    1.6800000000e+02    9.4485281789e-03    5.7299107143e-01
        36   -5.8796151710e+00    3.4636107037e+01   -9.5844262513e+00    3.7048110802e+00    7.8342083043e+00    7.0352107511e+00   -2.5261283466e+01    8.0743815910e-01    1.6800000000e+02    9.4616467166e-03    5.7400297619e-01
        37   -5.8967304764e+00    3.4816429809e+01   -9.8171007348e+00    3.9203702584e+00    7.6359818107e+00    7.0352107511e+00   -2.5313824178e+01    8.2553088159e-01    1.6800000000e+02    9.3877510323e-03    5.6898809524e-01
        38   -5.8968912775e+00    3.4805618356e+01   -9.4460436332e+00    3.5491523556e+00    7.7545262699e+00    7.0352107511e+00   -2.4948598153e+01    7.1281749879e-01    1.6800000000e+02    9.3970969929e-03    5.6907738095e-01
        39   -5.8985605701e+00    3.4823733321e+01   -9.3990806187e+00    3.5005200486e+00    7.9137450576e+00    7.0352107511e+00   -2.5061510741e+01    7.1347431327e-01    1.6800000000e+02    9.3870493528e-03    5.6982142857e-01
        40   -5.9166494232e+00    3.5073048880e+01   -9.6888871852e+00    3.7722377620e+00    7.8935152894e+00    7.0352107511e+00   -2.5520908956e+01    9.0329573046e-01    1.6800000000e+02    9.4064581707e-03    5.7333333333e-01
        41   -5.9419104951e+00    3.5331573179e+01   -9.7550187946e+00    3.8131082994e+00    7.6566664247e+00    7.0352107511e+00   -2.5069256538e+01    6.2236056799e-01    1.6800000000e+02    9.3993015998e-03    5.7444940476e-01
        42   -5.9187139565e+00    3.5065088113e+01   -9.6504891455e+00    3.7317751890e+00    7.4854257765e+00    7.0352107511e+00   -2.4763822418e+01    5.9269674462e-01    1.6800000000e+02    9.3648707261e-03    5.7357142857e-01
        43   -5.8937905194e+00    3.4775660038e+01   -9.5208625788e+00    3.6270720593e+00    7.7119014540e+00    7.0352107511e+00   -2.4902817683e+01    6.3484289956e-01    1.6800000000e+02    9.3465284278e-03    5.7406250000e-01
        44   -5.9146012158e+00    3.5011826924e+01   -9.8515353187e+00    3.9369341028e+00    7.6404199605e+00    7.0352107511e+00   -2.5069110720e+01    5.4194468935e-01    1.6800000000e+02    9.3218972130e-03    5.7214285714e-01
        45   -5.9222660829e+00    3.5102325877e+01   -9.6681236919e+00    3.7458576090e+00    7.7219573440e+00    7.0352107511e+00   -2.5004118575e+01    5.7882678756e-01    1.6800000000e+02    9.3798191409e-03    5.7287202381e-01
        46   -5.9300261467e+00    3.5227964898e+01   -9.6404709142e+00    3.7104447675e+00    7.7804879916e+00    7.0352107511e+00   -2.5408967061e+01    9.5279740425e-01    1.6800000000e+02    9.3911794580e-03    5.6892857143e-01
        47   -5.8917071531e+00    3.4750420117e+01   -9.8378267574e+00    3.9461196044e+00    7.8258987525e+00    7.0352107511e+00   -2.5481732676e+01    7.8279641540e-01    1.6800000000e+02    9.4548848380e-03    5.7315476190e-01
        48   -5.9208044449e+00    3.5087300213e+01   -9.7724948252e+00    3.8516903803e+00    7.6597570230e+00    7.0352107511e+00   -2.5161707969e+01    6.9424537000e-01    1.6800000000e+02    9.3896731546e-03    5.7166666667e-01
        49   -5.9306530531e+00    3.5208876214e+01   -9.8447748124e+00    3.9141217593e+00    7.7379231861e+00    7.0352107511e+00   -2.5259070793e+01    6.4116204298e-01    1.6800000000e+02    9.3896868971e-03    5.7208333333e-01
        50   -5.8972222754e+00    3.4823823949e+01   -1.0151096252e+01    4.2538739771e+00    7.8424592559e+00    7.0352107511e+00   -2.5839522642e+01    8.1075638225e-01    1.6800000000e+02    9.4404011311e-03    5.7458333333e-01
        51   -5.9174385124e+00    3.5074181158e+01   -9.4598815800e+00    3.5424430676e+00    7.6296449043e+00    7.0352107511e+00   -2.4830264201e+01    7.0552696584e-01    1.6800000000e+02    9.3135656456e-03    5.7351190476e-01
        52   -5.9279085500e+00    3.5228867889e+01   -9.2032397245e+00    3.2753311745e+00    7.5522076477e+00    7.0352107511e+00   -2.4728888195e+01    9.3823007219e-01    1.6800000000e+02    9.3060964275e-03    5.7580357143e-01
        53   -5.9317610578e+00    3.5239198345e+01   -9.3776614406e+00    3.4459003828e+00    7.6318692316e+00    7.0352107511e+00   -2.4743895246e+01    6.9915382228e-01    1.6800000000e+02    9.3475773188e-03    5.7086309524e-01
        54   -5.9383111543e+00    3.5300338484e+01   -9.9119819765e+00    3.9736708222e+00    7.7215079346e+00    7.0352107511e+00   -2.5282535621e+01    6.1383495878e-01    1.6800000000e+02    9.3953422703e-03    5.7688988095e-01
        55   -5.9079220084e+00    3.4934846088e+01   -9.8500774188e+00    3.9421554105e+00    7.6886290028e+00    7.0352107511e+00   -2.5205730400e+01    6.3181322737e-01    1.6800000000e+02    9.3081075909e-03    5.6824404762e-01
        56   -5.9325262475e+00    3.5240390278e+01   -9.2218565282e+00    3.2893302808e+00    7.6898716692e+00    7.0352107511e+00   -2.4599389699e+01    6.5245075030e-01    1.6800000000e+02    9.3496689750e-03    5.6922619048e-01
        57   -5.8929390313e+00    3.4794287714e+01   -9.4103005274e+00    3.5173614961e+00    7.7281396058e+00    7.0352107511e+00   -2.5099397069e+01    9.2574618512e-01    1.6800000000e+02    9.4071746848e-03    5.7062500000e-01
        58   -5.8935138187e+00    3.4780256467e+01   -9.5989835675e+00    3.7054697488e+00    7.8413398203e+00    7.0352107511e+00   -2.5419350328e+01    9.4381618925e-01    1.6800000000e+02    9.4356647016e-03    5.7123511905e-01
        59   -5.9038574182e+00    3.4925766088e+01   -9.4016735902e+00    3.4978161720e+00    7.6723059352e+00    7.0352107511e+00   -2.5142842600e+01    1.0336523231e+00    1.6800000000e+02    9.3825302652e-03    5.7391369048e-01
        60   -5.9479172994e+00    3.5415222481e+01   -9.6338347066e+00    3.6859174071e+00    7.7091628866e+00    7.0352107511e+00   -2.5209282194e+01    8.3107384973e-01    1.6800000000e+02    9.3714341222e-03    5.7394345238e-01
        61   -5.9025943513e+00    3.4872680563e+01   -1.0034910334e+01    4.1323159830e+00    7.8222256673e+00    7.0352107511e+00   -2.5663460778e+01    7.7111402531e-01    1.6800000000e+02    9.4015315574e-03    5.7355654762e-01
        62   -5.9075714943e+00    3.4924553619e+01   -9.5009104934e+00    3.5933389992e+00    7.5795840463e+00    7.0352107511e+00   -2.4863310695e+01    7.4760540403e-01    1.6800000000e+02    9.3826345401e-03    5.7013392857e-01
        63   -5.9131196117e+00    3.4996468057e+01   -9.5845868501e+00    3.6714672384e+00    7.6320836487e+00    7.0352107511e+00   -2.5032032906e+01    7.8015165601e-01    1.6800000000e+02    9.3492219513e-03    5.7040178571e-01
        64   -5.9198711951e+00    3.5094817239e+01   -9.8073925265e+00    3.8875213314e+00    7.6034592481e+00    7.0352107511e+00   -2.5205857111e+01    7.5979458580e-01    1.6800000000e+02    9.3427333216e-03    5.7233630952e-01
        65   -5.8839299662e+00    3.4689887459e+01   -9.9874735513e+00    4.1035435852e+00    7.6902568729e+00    7.0352107511e+00   -2.5701674266e+01    9.8873309116e-01    1.6800000000e+02    9.4920592715e-03    5.7468750000e-01
        66   -5.9097932038e+00    3.4961420424e+01   -9.7040889167e+00    3.7942957129e+00    7.6726509613e+00    7.0352107511e+00   -2.5520541222e+01    1.1085905924e+00    1.6800000000e+02    9.4349206969e-03    5.7553571429e-01
        67   -5.8900029509e+00    3.4749983361e+01   -9.8002998910e+00    3.9102969401e+00    7.5536053272e+00    7.0352107511e+00   -2.5061761100e+01    6.7264513048e-01    1.6800000000e+02    9.3343630599e-03    5.6897321429e-01
        68   -5.8951356141e+00    3.4788001222e+01   -9.7047554686e+00    3.8096198545e+00    7.7056270622e+00    7.0352107511e+00   -2.5082726922e+01    6.3713364000e-01    1.6800000000e+02    9.3454251543e-03    5.7177083333e-01
        69   -5.9215202146e+00    3.5095822219e+01   -9.9566764876e+00    4.0351562730e+00    7.7155683276e+00    7.0352107511e+00   -2.5459281793e+01    7.5182622713e-01    1.6800000000e+02    9.3719521704e-03    5.7257440476e-01
        70   -5.9121383097e+00    3.4985361827e+01   -9.6387854065e+00    3.7266470968e+00    7.6213104120e+00    7.0352107511e+00   -2.5218183755e+01    9.2287718578e-01    1.6800000000e+02    9.3535691655e-03    5.7425595238e-01
        71   -5.8836461794e+00    3.4655445792e+01   -9.1964988468e+00    3.3128526674e+00    7.6754246395e+00    7.0352107511e+00   -2.4930713389e+01    1.0235791521e+00    1.6800000000e+02    9.3670778553e-03    5.7328869048e-01
        72   -5.9192715211e+00    3.5073492802e+01   -9.5222136229e+00    3.6029421018e+00    7.6451503948e+00    7.0352107511e+00   -2.4773678427e+01    5.7110365796e-01    1.6800000000e+02    9.4128319705e-03    5.7547619048e-01
        73   -5.8957624373e+00    3.4793303974e+01   -9.8138481869e+00    3.9180857496e+00    7.7048616645e+00    7.0352107511e+00   -2.5211523345e+01    6.5760274234e-01    1.6800000000e+02    9.4619218338e-03    5.7367559524e-01
        74   -5.8984736867e+00    3.4822416632e+01   -9.5572802837e+00    3.6588065970e+00    7.7433541836e+00    7.0352107511e+00   -2.5016213307e+01    6.8036808842e-01    1.6800000000e+02    9.4608221192e-03    5.7339285714e-01
        75   -5.8689730058e+00    3.4550249851e+01   -9.5041570112e+00    3.6351840054e+00    7.7644565179e+00    7.0352107511e+00   -2.5192629619e+01    8.8880533906e-01    1.6800000000e+02    9.3567659413e-03    5.7403273810e-01
        76   -5.9362333819e+00    3.5262162922e+01   -9.6205368570e+00    3.6843034751e+00    7.6714124396e+00    7.0352107511e+00   -2.5041521969e+01    7.1436192095e-01    1.6800000000e+02    9.3271969873e-03    5.6979166667e-01
        77   -5.9126866001e+00    3.4995784282e+01   -9.5270155041e+00    3.6143289040e+00    7.7177196600e+00    7.0352107511e+00   -2.5154008002e+01    8.7406208719e-01    1.6800000000e+02    9.4145500112e-03    5.7502976190e-01
        78   -5.9437614538e+00    3.5357931874e+01   -9.5637448587e+00    3.6199834049e+00    7.7623718929e+00    7.0352107511e+00   -2.5168094875e+01    8.0676737198e-01    1.6800000000e+02    9.4334464465e-03    5.7480654762e-01
        79   -5.9138312904e+00    3.5013848863e+01   -9.5903621744e+00    3.6765308840e+00    7.5658744330e+00    7.0352107511e+00   -2.4779649403e+01    5.8820204420e-01    1.6800000000e+02    9.3906017663e-03    5.7171130952e-01
        80   -5.9297967607e+00    3.5222774450e+01   -9.9182147450e+00    3.9884179844e+00    7.7679185758e+00    7.0352107511e+00   -2.5415912903e+01    6.9456883145e-01    1.6800000000e+02    9.3863745153e-03    5.7090773810e-01
        81   -5.9177851435e+00    3.5060099390e+01   -9.7009336090e+00    3.7831484655e+00    7.7794592022e+00    7.0352107511e+00   -2.5298860683e+01    7.8325712067e-01    1.6800000000e+02    9.4157730041e-03    5.7226190476e-01
        82   -5.9064997552e+00    3.4931196862e+01   -9.8142628695e+00    3.9077631143e+00    7.6714344289e+00    7.0352107511e+00   -2.5397935041e+01    8.7702699162e-01    1.6800000000e+02    9.3389760891e-03    5.6973214286e-01
        83   -5.8998966897e+00    3.4862382894e+01   -9.7108969593e+00    3.8110002696e+00    7.7580003315e+00    7.0352107511e+00   -2.5379672027e+01    8.7556398539e-01    1.6800000000e+02    9.4425132099e-03    5.7538690476e-01
        84   -5.9011099259e+00    3.4849205465e+01   -9.6578358551e+00    3.7567259292e+00    7.7707532945e+00    7.0352107511e+00   -2.5125047208e+01    6.6124730694e-01    1.6800000000e+02    9.3991903732e-03    5.7468750000e-01
        85   -5.9039364715e+00    3.4886396734e+01   -9.9297157282e+00    4.0257792567e+00    7.5737097799e+00    7.0352107511e+00   -2.5198242339e+01    6.5960607946e-01    1.6800000000e+02    9.4510983631e-03    5.7250000000e-01
        86   -5.9502956399e+00    3.5442436987e+01   -9.4578952703e+00    3.5075996304e+00    7.6416042492e+00    7.0352107511e+00   -2.4669972745e+01    5.3526247459e-01    1.6800000000e+02    9.4117870876e-03    5.7183035714e-01
        87   -5.9082808159e+00    3.4947936296e+01   -9.7499903763e+00    3.8417095604e+00    7.7747742567e+00    7.0352107511e+00   -2.5267355024e+01    7.0737963980e-01    1.6800000000e+02    9.3814351629e-03    5.7175595238e-01
        88   -5.9318757167e+00    3.5252685214e+01   -9.6878504091e+00    3.7559746924e+00    7.7616117920e+00    7.0352107511e+00   -2.5456310627e+01    9.7163767495e-01    1.6800000000e+02    9.4395633621e-03    5.7080357143e-01
        89   -5.9261607537e+00    3.5165145325e+01   -9.9570073706e+00    4.0308466169e+00    7.7021705972e+00    7.0352107511e+00   -2.5462852079e+01    7.6846336016e-01    1.6800000000e+02    9.4034733262e-03    5.7147321429e-01
        90   -5.9083407047e+00    3.4949093244e+01   -9.7342091830e+00    3.8258684783e+00    7.7420679079e+00    7.0352107511e+00   -2.5143703539e+01    6.3221569709e-01    1.6800000000e+02    9.4363825961e-03    5.7668154762e-01
        91   -5.8961317457e+00    3.4836998681e+01   -9.5103435004e+00    3.6142117547e+00    7.7076009513e+00    7.0352107511e+00   -2.5139490837e+01    8.8633563411e-01    1.6800000000e+02    9.3690073007e-03    5.6686011905e-01
        92   -5.9192689226e+00    3.5069149636e+01   -9.6033184950e+00    3.6840495723e+00    7.7581083924e+00    7.0352107511e+00   -2.5172851607e+01    7.7621396848e-01    1.6800000000e+02    9.3448072494e-03    5.7211309524e-01
        93   -5.9042771747e+00    3.4922032515e+01   -9.8114690733e+00    3.9071918986e+00    7.6803776751e+00    7.0352107511e+00   -2.5116605399e+01    5.8954789936e-01    1.6800000000e+02    9.4473825247e-03    5.7773809524e-01
        94   -5.8899238009e+00    3.4720932208e+01   -9.5733027431e+00    3.6833789421e+00    7.6989153237e+00    7.0352107511e+00   -2.4812020253e+01    5.0459143459e-01    1.6800000000e+02    9.3601562826e-03    5.7043154762e-01
        95   -5.9190881444e+00    3.5067664836e+01   -9.6677386116e+00    3.7486504672e+00    7.6042128131e+00    7.0352107511e+00   -2.5057852991e+01    7.5069081508e-01    1.6800000000e+02    9.3531039865e-03    5.7465773810e-01
        96   -5.8906000182e+00    3.4753856676e+01   -9.6421559795e+00    3.7515559613e+00    7.6959322513e+00    7.0352107511e+00   -2.5200214975e+01    8.2691599304e-01    1.6800000000e+02    9.4100301475e-03    5.7110119048e-01
        97   -5.8807240230e+00    3.4626679097e+01   -9.8265579362e+00    3.9458339132e+00    7.6801756999e+00    7.0352107511e+00   -2.5419301293e+01    8.7735690551e-01    1.6800000000e+02    9.4291484261e-03    5.7397321429e-01
        98   -5.8827424417e+00    3.4646340169e+01   -9.5629233440e+00    3.6801809023e+00    7.6029522633e+00    7.0352107511e+00   -2.4963260845e+01    7.6217448636e-01    1.6800000000e+02    9.3672653505e-03    5.7005952381e-01
        99   -5.8989033224e+00    3.4826876197e+01   -9.4868206765e+00    3.5879173541e+00    7.6674969911e+00    7.0352107511e+00   -2.4771819797e+01    5.8229137862e-01    1.6800000000e+02    9.3951701530e-03    5.7337797619e-01
       100   -5.9272978437e+00    3.5169695719e+01   -9.5782979753e+00    3.6510001316e+00    7.6318901058e+00    7.0352107511e+00   -2.4893591490e+01    6.4819265821e-01    1.6800000000e+02    9.4237149072e-03    5.7653273810e-01
       101   -5.9201917924e+00    3.5102964893e+01   -9.6184264281e+00    3.6982346357e+00    7.5668136892e+00    7.0352107511e+00   -2.4958876040e+01    7.3842517183e-01    1.6800000000e+02    9.3573342477e-03    5.7290178571e-01
       102   -5.9046039510e+00    3.4907757427e+01   -9.5133600522e+00    3.6087561012e+00    7.6106925159e+00    7.0352107511e+00   -2.5038337671e+01    8.7907435160e-01    1.6800000000e+02    9.4105934037e-03    5.7379464286e-01
       103   -5.9112242109e+00    3.4973014387e+01   -9.9690962693e+00    4.0578720584e+00    7.7757800699e+00    7.0352107511e+00   -2.5558609701e+01    7.7852261113e-01    1.6800000000e+02    9.4515685480e-03    5.7141369048e-01
       104   -5.9317401655e+00    3.5221244059e+01   -9.6957059207e+00    3.7639657552e+00    7.7255137957e+00    7.0352107511e+00   -2.5149816723e+01    6.9338625502e-01    1.6800000000e+02    9.3570652396e-03    5.7139880952e-01
       105   -5.9301158656e+00    3.5222839851e+01   -9.9036926753e+00    3.9735768097e+00    7.7654832092e+00    7.0352107511e+00   -2.5433696978e+01    7.2931034213e-01    1.6800000000e+02    9.4335196883e-03    5.7455357143e-01
       106   -5.8767858023e+00    3.4575931122e+01   -9.5285262422e+00    3.6517404399e+00    7.5241724470e+00    7.0352107511e+00   -2.4884736252e+01    7.9682681215e-01    1.6800000000e+02    9.3106361982e-03    5.7197916667e-01
       107   -5.9118967002e+00    3.4994939309e+01   -9.4764106309e+00    3.5645139307e+00    7.5976991604e+00    7.0352107511e+00   -2.4855334051e+01    7.4601350884e-01    1.6800000000e+02    9.4177273734e-03    5.7549107143e-01
       108   -5.9041048256e+00    3.4904531847e+01   -9.4146226093e+00    3.5105177837e+00    7.6689556135e+00    7.0352107511e+00   -2.4983789346e+01    8.6500037223e-01    1.6800000000e+02    9.3514670263e-03    5.7351190476e-01
       109   -5.9246613246e+00    3.5225305156e+01   -9.7497735104e+00    3.8251121858e+00    7.6851136189e+00    7.0352107511e+00   -2.4997805745e+01    5.2770786503e-01    1.6800000000e+02    9.3821041962e-03    5.7284226190e-01
       110   -5.9043476746e+00    3.4891688619e+01   -9.8030511240e+00    3.8987034493e+00    7.6760212339e+00    7.0352107511e+00   -2.5288746668e+01    7.7446355898e-01    1.6800000000e+02    9.3490800188e-03    5.6802083333e-01
       111   -5.8748439232e+00    3.4545189910e+01   -9.8466074833e+00    3.9717635600e+00    7.7299049918e+00    7.0352107511e+00   -2.5428340344e+01    8.1661711750e-01    1.6800000000e+02    9.4051467077e-03    5.7404761905e-01
       112   -5.8885600031e+00    3.4742726772e+01   -9.5933366208e+00    3.7047766177e+00    7.7137492732e+00    7.0352107511e+00   -2.5288877869e+01    9.4658122403e-01    1.6800000000e+02    9.3733355392e-03    5.7299107143e-01
       113   -5.8915514012e+00    3.4746847227e+01   -9.4742367482e+00    3.5826853470e+00    7.7185882029e+00    7.0352107511e+00   -2.5184121927e+01    9.5608622504e-01    1.6800000000e+02    9.4066593973e-03    5.7083333333e-01
       114   -5.9550539686e+00    3.5584724729e+01   -9.8747116506e+00    3.9196576820e+00    7.8492838344e+00    7.0352107511e+00   -2.5773450524e+01    1.0142442875e+00    1.6800000000e+02    9.4093078016e-03    5.7141369048e-01
       115   -5.9028086203e+00    3.4881103010e+01   -9.4314312141e+00    3.5286225937e+00    7.8409881608e+00    7.0352107511e+00   -2.5055869864e+01    7.4823973852e-01    1.6800000000e+02    9.4100525935e-03    5.7361607143e-01
       116   -5.9229580175e+00    3.5118570589e+01   -9.6993034323e+00    3.7763454148e+00    7.6987010502e+00    7.0352107511e+00   -2.5194448239e+01    7.6123300571e-01    1.6800000000e+02    9.4126317972e-03    5.7211309524e-01
       117   -5.9131546191e+00    3.5003428986e+01   -9.5317314135e+00    3.6185767944e+00    7.6928981129e+00    7.0352107511e+00   -2.5030232014e+01    7.7039173625e-01    1.6800000000e+02    9.3629177815e-03    5.7291666667e-01
       118   -5.9108877773e+00    3.4977815636e+01   -9.8154404067e+00    3.9045526294e+00    7.8325803364e+00    7.0352107511e+00   -2.5680087443e+01    9.9685594903e-01    1.6800000000e+02    9.4718199245e-03    5.7482142857e-01
       119   -5.8984572143e+00    3.4826209303e+01   -9.7582133282e+00    3.8597561139e+00    7.6971102425e+00    7.0352107511e+00   -2.5209014495e+01    7.1848017280e-01    1.6800000000e+02    9.3991923966e-03    5.7474702381e-01
       120   -5.9166462576e+00    3.5058821642e+01   -9.6339541429e+00    3.7173078852e+00    7.6925379347e+00    7.0352107511e+00   -2.5193862181e+01    8.3215935271e-01    1.6800000000e+02    9.3307350707e-03    5.7206845238e-01
       121   -5.9345414369e+00    3.5245062043e+01   -9.8206791597e+00    3.8861377227e+00    7.6828504718e+00    7.0352107511e+00   -2.5301797282e+01    7.6305689969e-01    1.6800000000e+02    9.4012744680e-03    5.7190476190e-01
       122   -5.9075023896e+00    3.4929164873e+01   -9.5419625927e+00    3.6344602031e+00    7.6795220502e+00    7.0352107511e+00   -2.4888154668e+01    6.3145927348e-01    1.6800000000e+02    9.3307333743e-03    5.7196428571e-01
       123   -5.9280987623e+00    3.5194181557e+01   -9.7992277864e+00    3.8711290241e+00    7.8388294859e+00    7.0352107511e+00   -2.5513870279e+01    8.4060225604e-01    1.6800000000e+02    9.4260330024e-03    5.7386904762e-01
       124   -5.8913682349e+00    3.4750828325e+01   -9.6021310081e+00    3.7107627731e+00    7.6981842195e+00    7.0352107511e+00   -2.5098006764e+01    7.6248078543e-01    1.6800000000e+02    9.4409423126e-03    5.7680059524e-01
       125   -5.8815525599e+00    3.4650489323e+01   -9.7683220466e+00    3.8867694867e+00    7.7183280894e+00    7.0352107511e+00   -2.5461807268e+01    9.3994638041e-01    1.6800000000e+02    9.3436502364e-03    5.7180059524e-01
       126   -5.9043671585e+00    3.4886746216e+01   -9.8823065364e+00    3.9779393779e+00    7.6601850190e+00    7.0352107511e+00   -2.5158429777e+01    5.8072747044e-01    1.6800000000e+02    9.4293437765e-03    5.7456845238e-01
       127   -5.9317399378e+00    3.5247946282e+01   -9.7395351139e+00    3.8077951761e+00    7.8138370884e+00    7.0352107511e+00   -2.5323611923e+01    7.3502896975e-01    1.6800000000e+02    9.4263067003e-03    5.7000000000e-01
       128   -5.9416403801e+00    3.5387252927e+01   -9.5586356349e+00    3.6169952548e+00    7.7184055998e+00    7.0352107511e+00   -2.5133978986e+01    8.2172700026e-01    1.6800000000e+02    9.3839299322e-03    5.6938988095e-01
       129   -5.9243275102e+00    3.5163897933e+01   -9.6319401349e+00    3.7076126247e+00    7.8081743558e+00    7.0352107511e+00   -2.5392568931e+01    9.1724368958e-01    1.6800000000e+02    9.4488839109e-03    5.7502976190e-01
       130   -5.9256362983e+00    3.5145239345e+01   -9.7501970824e+00    3.8245607840e+00    7.8136586884e+00    7.0352107511e+00   -2.5675989259e+01    1.0769227374e+00    1.6800000000e+02    9.4298230030e-03    5.7043154762e-01
       131   -5.9101567117e+00    3.4956096923e+01   -9.5623943540e+00    3.6522376423e+00    7.7931036243e+00    7.0352107511e+00   -2.5098702764e+01    7.0799403489e-01    1.6800000000e+02    9.4692898316e-03    5.7058035714e-01
       132   -5.9166141616e+00    3.5051290666e+01   -9.8243187562e+00    3.9077045946e+00    7.6630754775e+00    7.0352107511e+00   -2.5325932269e+01    8.0332728424e-01    1.6800000000e+02    9.4108500052e-03    5.7294642857e-01
       133   -5.8829997705e+00    3.4657157913e+01   -9.6827714238e+00    3.7997716533e+00    7.7787240177e+00    7.0352107511e+00   -2.5292467713e+01    7.9576152001e-01    1.6800000000e+02    9.4146987290e-03    5.7099702381e-01
       134   -5.9212265628e+00    3.5095214191e+01   -9.7328010831e+00    3.8115745204e+00    7.8312550793e+00    7.0352107511e+00   -2.5434150081e+01    8.3488316738e-01    1.6800000000e+02    9.4912551576e-03    5.7675595238e-01
       135   -5.9072968057e+00    3.4923103601e+01   -9.5632789450e+00    3.6559821393e+00    7.6343265712e+00    7.0352107511e+00   -2.4889447504e+01    6.5663123660e-01    1.6800000000e+02    9.4064521337e-03    5.7294642857e-01
       136   -5.8866840119e+00    3.4678591216e+01   -1.0016874894e+01    4.1301908817e+00    7.7119324409e+00    7.0352107511e+00   -2.5517123809e+01    7.5310572309e-01    1.6800000000e+02    9.3587141517e-03    5.7107142857e-01
       137   -5.8869824771e+00    3.4689140799e+01   -9.7492967287e+00    3.8623142516e+00    7.7789272588e+00    7.0352107511e+00   -2.5282930521e+01    7.1949578214e-01    1.6800000000e+02    9.3408956392e-03    5.7080357143e-01
       138   -5.9189782947e+00    3.5079473585e+01   -9.7215838747e+00    3.8026055800e+00    7.7595689020e+00    7.0352107511e+00   -2.5443869873e+01    9.2750634533e-01    1.6800000000e+02    9.3943878476e-03    5.7247023810e-01
       139   -5.9383011291e+00    3.5309577187e+01   -9.6326139411e+00    3.6943128120e+00    7.7861698143e+00    7.0352107511e+00   -2.5314242388e+01    8.6024788192e-01    1.6800000000e+02    9.4062519049e-03    5.7342261905e-01
       140   -5.8457725535e+00    3.4410701751e+01   -9.5226679590e+00    3.6768954055e+00    7.5987665631e+00    7.0352107511e+00   -2.4832060153e+01    6.7541488018e-01    1.6800000000e+02    9.4671684506e-03    5.7436011905e-01
       141   -5.9060379418e+00    3.4905968237e+01   -9.6192269439e+00    3.7131890021e+00    7.6539048411e+00    7.0352107511e+00   -2.4858118155e+01    5.4977561937e-01    1.6800000000e+02    9.3830009823e-03    5.7372023810e-01
       142   -5.9306767220e+00    3.5213112014e+01   -9.7800360538e+00    3.8493593318e+00    7.7621801646e+00    7.0352107511e+00   -2.5267309823e+01    6.8988285334e-01    1.6800000000e+02    9.4459938506e-03    5.7498511905e-01
       143   -5.9237884454e+00    3.5141462966e+01   -9.7123678605e+00    3.7885794152e+00    7.6868306677e+00    7.0352107511e+00   -2.5197011618e+01    7.6260233862e-01    1.6800000000e+02    9.3653220794e-03    5.7147321429e-01
       144   -5.9143855783e+00    3.5009170867e+01   -9.8091178001e+00    3.8947322218e+00    7.7173874990e+00    7.0352107511e+00   -2.5285732481e+01    7.2401643048e-01    1.6800000000e+02    9.4168924926e-03    5.7058035714e-01
       145   -5.8909155865e+00    3.4738949238e+01   -9.9135947968e+00    4.0226792103e+00    7.8300650641e+00    7.0352107511e+00   -2.5593125477e+01    8.1425486469e-01    1.6800000000e+02    9.3933558036e-03    5.7383928571e-01
       146   -5.9156108796e+00    3.5038532686e+01   -9.7410085364e+00    3.8253976568e+00    7.7541439135e+00    7.0352107511e+00   -2.5309443104e+01    7.7907990308e-01    1.6800000000e+02    9.3830764693e-03    5.7285714286e-01
       147   -5.8914880111e+00    3.4755527035e+01   -9.6247430410e+00    3.7332550299e+00    7.7125849748e+00    7.0352107511e+00   -2.5110137796e+01    7.3759902885e-01    1.6800000000e+02    9.4098774716e-03    5.7287202381e-01
       148   -5.9070336212e+00    3.4927590887e+01   -9.9123591873e+00    4.0053255662e+00    7.7988245185e+00    7.0352107511e+00   -2.5581444655e+01    8.3505019832e-01    1.6800000000e+02    9.5342245352e-03    5.7386904762e-01
       149   -5.9098009947e+00    3.4962301903e+01   -9.8502409403e+00    3.9404399456e+00    7.6194745262e+00    7.0352107511e+00   -2.5289864590e+01    7.8493837245e-01    1.6800000000e+02    9.3818007126e-03    5.7242559524e-01
       150   -5.9256678261e+00    3.5140626464e+01   -9.4942767657e+00    3.5686089396e+00    7.6042641124e+00    7.0352107511e+00   -2.4829469332e+01    6.9571770315e-01    1.6800000000e+02    9.3485770880e-03    5.7090773810e-01
       151   -5.8923696206e+00    3.4769196793e+01   -9.6477601866e+00    3.7553905660e+00    7.6297236464e+00    7.0352107511e+00   -2.5059029248e+01    7.4633466366e-01    1.6800000000e+02    9.3584245381e-03    5.7441964286e-01
       152   -5.9233850597e+00    3.5111102556e+01   -9.6787129294e+00    3.7553278696e+00    7.6771125270e+00    7.0352107511e+00   -2.5260336596e+01    8.6930038868e-01    1.6800000000e+02    9.4196128748e-03    5.7455357143e-01
       153   -5.9313293821e+00    3.5221446490e+01   -9.7289013920e+00    3.7975720098e+00    7.8618695130e+00    7.0352107511e+00   -2.5644071965e+01    1.0180903089e+00    1.6800000000e+02    9.4621909804e-03    5.7281250000e-01
       154   -5.9013815053e+00    3.4854490963e+01   -9.6898691161e+00    3.7884876108e+00    7.6805473155e+00    7.0352107511e+00   -2.5074794264e+01    6.6916708162e-01    1.6800000000e+02    9.4431115847e-03    5.7297619048e-01
       155   -5.9462719664e+00    3.5425361863e+01   -9.5689273115e+00    3.6226553451e+00    7.6425477429e+00    7.0352107511e+00   -2.5162361214e+01    9.1567540857e-01    1.6800000000e+02    9.3727898174e-03    5.7480654762e-01
       156   -5.9035666627e+00    3.4898284075e+01   -9.6990479599e+00    3.7954812972e+00    7.6663547343e+00    7.0352107511e+00   -2.5168118546e+01    7.6750510062e-01    1.6800000000e+02    9.3549375500e-03    5.6979166667e-01
       157   -5.9021043657e+00    3.4919804844e+01   -9.5230587021e+00    3.6209543364e+00    7.8063845944e+00    7.0352107511e+00   -2.5531374499e+01    1.1667204518e+00    1.6800000000e+02    9.4177733852e-03    5.7230654762e-01
       158   -5.8849856436e+00    3.4776120478e+01   -9.5105320086e+00    3.6255463650e+00    7.7643286276e+00    7.0352107511e+00   -2.5420660493e+01    1.1105891052e+00    1.6800000000e+02    9.4022485926e-03    5.7595238095e-01
       159   -5.9410736387e+00    3.5355690110e+01   -9.7475531015e+00    3.8064794628e+00    7.7871394593e+00    7.0352107511e+00   -2.5378694738e+01    8.0879142595e-01    1.6800000000e+02    9.4153642643e-03    5.7403273810e-01
       160   -5.9414816134e+00    3.5341553583e+01   -9.8477352642e+00    3.9062536508e+00    7.7378123511e+00    7.0352107511e+00   -2.5317032619e+01    6.9627425268e-01    1.6800000000e+02    9.4654473443e-03    5.7126488095e-01
       161   -5.9135731605e+00    3.5026002279e+01   -9.9420156040e+00    4.0284424435e+00    7.8545910882e+00    7.0352107511e+00   -2.5866205430e+01    1.0343879872e+00    1.6800000000e+02    9.4054190752e-03    5.6758928571e-01
       162   -5.9056535715e+00    3.4915649289e+01   -9.5312622810e+00    3.6256087095e+00    7.7988538717e+00    7.0352107511e+00   -2.5149269279e+01    7.8394237539e-01    1.6800000000e+02    9.4369441670e-03    5.7159226190e-01
       163   -5.9316491563e+00    3.5219359482e+01   -9.6822086302e+00    3.7505594739e+00    7.8155873347e+00    7.0352107511e+00   -2.5389728654e+01    8.5672193785e-01    1.6800000000e+02    9.3783026705e-03    5.7474702381e-01
       164   -5.9171192616e+00    3.5045568825e+01   -9.6134615675e+00    3.6963423059e+00    7.8560920201e+00    7.0352107511e+00   -2.5287369647e+01    7.8260530842e-01    1.6800000000e+02    9.4374432062e-03    5.7452380952e-01
       165   -5.9341511646e+00    3.5251214929e+01   -9.6977220974e+00    3.7635709328e+00    7.8276540043e+00    7.0352107511e+00   -2.5528116873e+01    9.6753002019e-01    1.6800000000e+02    9.4235445140e-03    5.7236607143e-01
       166   -5.9247032201e+00    3.5140928590e+01   -9.7469767488e+00    3.8222735288e+00    7.6754538662e+00    7.0352107511e+00   -2.5221160981e+01    7.6351961529e-01    1.6800000000e+02    9.3910763805e-03    5.7029761905e-01
       167   -5.8892400395e+00    3.4739735384e+01   -9.7324646032e+00    3.8432245637e+00    7.7631808279e+00    7.0352107511e+00   -2.5318575739e+01    7.8771955705e-01    1.6800000000e+02    9.3873386837e-03    5.7537202381e-01
       168   -5.9073811157e+00    3.4946055103e+01   -9.5366017506e+00    3.6292206350e+00    7.6810007502e+00    7.0352107511e+00   -2.5231848724e+01    9.7903547229e-01    1.6800000000e+02    9.3639016129e-03    5.7337797619e-01
       169   -5.9338286587e+00    3.5254679313e+01   -9.7392129478e+00    3.8053842891e+00    7.7393062084e+00    7.0352107511e+00   -2.5188514530e+01    6.7478462263e-01    1.6800000000e+02    9.4101596901e-03    5.7276785714e-01
       170   -5.9086347893e+00    3.4958617804e+01   -9.6772813254e+00    3.7686465361e+00    7.7665969370e+00    7.0352107511e+00   -2.5048660198e+01    5.6957118483e-01    1.6800000000e+02    9.3788372497e-03    5.7360119048e-01
       171   -5.9066045498e+00    3.4921036023e+01   -9.7037588036e+00    3.7971542538e+00    7.8188229385e+00    7.0352107511e+00   -2.5385185974e+01    8.2739348098e-01    1.6800000000e+02    9.3807090085e-03    5.7625000000e-01
       172   -5.9146889074e+00    3.5018839605e+01   -9.7369831426e+00    3.8222942353e+00    7.6173007426e+00    7.0352107511e+00   -2.5279222146e+01    8.8972750984e-01    1.6800000000e+02    9.3642496559e-03    5.7416666667e-01
       173   -5.9221681761e+00    3.5104015636e+01   -9.7356649838e+00    3.8134968078e+00    7.6158952766e+00    7.0352107511e+00   -2.5011858241e+01    6.2508722977e-01    1.6800000000e+02    9.4180002676e-03    5.7232142857e-01
       174   -5.9083258390e+00    3.4953497700e+01   -1.0062852146e+01    4.1545263074e+00    7.8180260349e+00    7.0352107511e+00   -2.5686970767e+01    7.7088183495e-01    1.6800000000e+02    9.4516186121e-03    5.7122023810e-01
       175   -5.9308955818e+00    3.5211273474e+01   -9.7913750987e+00    3.8604795169e+00    7.7574476882e+00    7.0352107511e+00   -2.5292577603e+01    7.0854406517e-01    1.6800000000e+02    9.4487628445e-03    5.6766369048e-01
       176   -5.9059704021e+00    3.4924585441e+01   -9.7375309378e+00    3.8315605357e+00    7.6341397978e+00    7.0352107511e+00   -2.5175120072e+01    7.6823858534e-01    1.6800000000e+02    9.3414730592e-03    5.7061011905e-01
       177   -5.9517766797e+00    3.5465871249e+01   -9.5856386012e+00    3.6338619215e+00    7.6065039118e+00    7.0352107511e+00   -2.4961128720e+01    7.3377545607e-01    1.6800000000e+02    9.3980873159e-03    5.7427083333e-01
       178   -5.9065273058e+00    3.4920355658e+01   -9.7021711391e+00    3.7956438332e+00    7.7930397183e+00    7.0352107511e+00   -2.5437590888e+01    9.0716927935e-01    1.6800000000e+02    9.3660217743e-03    5.7284226190e-01
       179   -5.9228633206e+00    3.5119105280e+01   -9.7414499601e+00    3.8185866395e+00    7.6000300629e+00    7.0352107511e+00   -2.5253184759e+01    8.7649398468e-01    1.6800000000e+02    9.3437829277e-03    5.7026785714e-01
       180   -5.9195945504e+00    3.5083798903e+01   -9.8946845430e+00    3.9750899926e+00    7.6811015721e+00    7.0352107511e+00   -2.5363015493e+01    7.5201862664e-01    1.6800000000e+02    9.3804721809e-03    5.7135416667e-01
       181   -5.9419032830e+00    3.5365359450e+01   -9.8900109667e+00    3.9481076837e+00    7.7503030492e+00    7.0352107511e+00   -2.5511060114e+01    8.3553534656e-01    1.6800000000e+02    9.4013905175e-03    5.7214285714e-01
       182   -5.9420074783e+00    3.5337815940e+01   -9.7823131159e+00    3.8403056375e+00    7.8000636233e+00    7.0352107511e+00   -2.5399920521e+01    7.8233303099e-01    1.6800000000e+02    9.5024693070e-03    5.7386904762e-01
       183   -5.9356339795e+00    3.5267083515e+01   -1.0012254646e+01    4.0766206667e+00    7.7691843976e+00    7.0352107511e+00   -2.5498168503e+01    6.8151870829e-01    1.6800000000e+02    9.4603361518e-03    5.7150297619e-01
       184   -5.8975731562e+00    3.4848890849e+01   -9.4848788788e+00    3.5873057226e+00    7.7467746056e+00    7.0352107511e+00   -2.4895332420e+01    6.2846818450e-01    1.6800000000e+02    9.4328357317e-03    5.7327380952e-01
       185   -5.9233206838e+00    3.5119310576e+01   -9.4338840259e+00    3.5105633420e+00    7.7715121879e+00    7.0352107511e+00   -2.5151458880e+01    9.1085191500e-01    1.6800000000e+02    9.4676167161e-03    5.7572916667e-01
       186   -5.8814065412e+00    3.4636683534e+01   -9.6896439972e+00    3.8082374560e+00    7.7485001765e+00    7.0352107511e+00   -2.5415972300e+01    9.4261737541e-01    1.6800000000e+02    9.4508729276e-03    5.7483630952e-01
       187   -5.9143176386e+00    3.5031287326e+01   -9.6449702175e+00    3.7306525788e+00    7.7350561071e+00    7.0352107511e+00   -2.5163798641e+01    7.4856156533e-01    1.6800000000e+02    9.3779629374e-03    5.7187500000e-01
       188   -5.9296411523e+00    3.5196400726e+01   -9.7767044710e+00    3.8470633187e+00    7.5621737089e+00    7.0352107511e+00   -2.5305233909e+01    9.3114497795e-01    1.6800000000e+02    9.3619353138e-03    5.7055059524e-01
       189   -5.8981834630e+00    3.4819553842e+01   -9.5975693041e+00    3.6993858410e+00    7.6284594948e+00    7.0352107511e+00   -2.5003676545e+01    7.4243699489e-01    1.6800000000e+02    9.4016992121e-03    5.7151785714e-01
       190   -5.8838236743e+00    3.4655323442e+01   -9.7079485273e+00    3.8241248530e+00    7.6354383920e+00    7.0352107511e+00   -2.5259331970e+01    8.8073429983e-01    1.6800000000e+02    9.3923586787e-03    5.7465773810e-01
       191   -5.9122863226e+00    3.5022006316e+01   -9.6316984705e+00    3.7194121479e+00    7.6811987174e+00    7.0352107511e+00   -2.5301698575e+01    9.5359063552e-01    1.6800000000e+02    9.3305807150e-03    5.7273809524e-01
       192   -5.9464268310e+00    3.5389752010e+01   -1.0012662411e+01    4.0662355799e+00    7.6515758099e+00    7.0352107511e+00   -2.5387663591e+01    6.8821461880e-01    1.6800000000e+02    9.3579508830e-03    5.7066964286e-01
       193   -5.9175687339e+00    3.5046186399e+01   -9.5123088113e+00    3.5947400774e+00    7.9432657402e+00    7.0352107511e+00   -2.5373845018e+01    8.8305971569e-01    1.6800000000e+02    9.4155817115e-03    5.7157738095e-01
       194   -5.8925123578e+00    3.4774765896e+01   -9.7002004113e+00    3.8076880535e+00    7.6422040325e+00    7.0352107511e+00   -2.5252687988e+01    8.7507279336e-01    1.6800000000e+02    9.4067621754e-03    5.7190476190e-01
       195   -5.9244118489e+00    3.5153013579e+01   -9.8743082397e+00    3.9498963908e+00    7.7160103256e+00    7.0352107511e+00   -2.5335629947e+01    7.1010063016e-01    1.6800000000e+02    9.4002349347e-03    5.7194940476e-01
       196   -5.9476365662e+00    3.5432252836e+01   -9.9067111396e+00    3.9590745735e+00    7.7553081962e+00    7.0352107511e+00   -2.5365536741e+01    6.6830665375e-01    1.6800000000e+02    9.3771758090e-03    5.7194940476e-01
       197   -5.9282060892e+00    3.5219793199e+01   -9.6211647998e+00    3.6929587106e+00    7.6925127190e+00    7.0352107511e+00   -2.5137664158e+01    7.8877588801e-01    1.6800000000e+02    9.3480565120e-03    5.7261904762e-01
       198   -5.9217232276e+00    3.5114627044e+01   -9.6772855268e+00    3.7555622992e+00    7.6844000255e+00    7.0352107511e+00   -2.5225666383e+01    8.2877007930e-01    1.6800000000e+02    9.3479516162e-03    5.7413690476e-01
       199   -5.9212572091e+00    3.5097678819e+01   -9.8196698718e+00    3.8984126627e+00    7.6892495062e+00    7.0352107511e+00   -2.5310154874e+01    7.6602474511e-01    1.6800000000e+02    9.3774731670e-03    5.7495535714e-01
       200   -5.9033559170e+00    3.4884536753e+01   -9.9633919046e+00    4.0600359876e+00    7.8421527462e+00    7.0352107511e+00   -2.5450576540e+01    6.0982113852e-01    1.6800000000e+02    9.4257619321e-03    5.7081845238e-01
       201   -5.9231186555e+00    3.5128824896e+01   -9.5489068839e+00    3.6257882284e+00    7.6383302073e+00    7.0352107511e+00   -2.5162036942e+01    9.3958909940e-01    1.6800000000e+02    9.3573728033e-03    5.7187500000e-01
       202   -5.9283212023e+00    3.5187611049e+01   -9.6339379006e+00    3.7056166983e+00    7.7666244661e+00    7.0352107511e+00   -2.5091433944e+01    6.5566082571e-01    1.6800000000e+02    9.3947754053e-03    5.7305059524e-01
       203   -5.9245415327e+00    3.5140063103e+01   -9.6369596185e+00    3.7124180858e+00    7.7586469464e+00    7.0352107511e+00   -2.5211523153e+01    7.8070583738e-01    1.6800000000e+02    9.4148101551e-03    5.7462797619e-01
       204   -5.9315969711e+00    3.5215252574e+01   -9.9044338327e+00    3.9728368617e+00    7.6896691929e+00    7.0352107511e+00   -2.5430189940e+01    8.0087616286e-01    1.6800000000e+02    9.3825041050e-03    5.7153273810e-01
       205   -5.9324222300e+00    3.5225476591e+01   -9.6493110588e+00    3.7168888288e+00    7.5580706198e+00    7.0352107511e+00   -2.4905471625e+01    6.6287919567e-01    1.6800000000e+02    9.3870736725e-03    5.7188988095e-01
       206   -5.9234969539e+00    3.5114790635e+01   -9.5868699438e+00    3.6633729899e+00    7.6001052567e+00    7.0352107511e+00   -2.5045805921e+01    8.2361996978e-01    1.6800000000e+02    9.3949821367e-03    5.7700892857e-01
       207   -5.8992943860e+00    3.4826543437e+01   -9.6594406814e+00    3.7601462954e+00    7.6007206974e+00    7.0352107511e+00   -2.5143501690e+01    8.4812955965e-01    1.6800000000e+02    9.3944032033e-03    5.7526785714e-01
       208   -5.8990972847e+00    3.4825365148e+01   -9.6205952973e+00    3.7214980127e+00    7.7132700861e+00    7.0352107511e+00   -2.5128851118e+01    7.5977498304e-01    1.6800000000e+02    9.4349074754e-03    5.7464285714e-01
       209   -5.9408806359e+00    3.5340859881e+01   -9.6082854586e+00    3.6674048227e+00    7.6462716677e+00    7.0352107511e+00   -2.4950905021e+01    6.6113714317e-01    1.6800000000e+02    9.4160879186e-03    5.7523809524e-01
       210   -5.8960214243e+00    3.4811438359e+01   -9.5171558459e+00    3.6211344215e+00    7.6219518921e+00    7.0352107511e+00   -2.5111670030e+01    9.3735154072e-01    1.6800000000e+02    9.3380083175e-03    5.7202380952e-01
       211   -5.9437627219e+00    3.5456430294e+01   -9.3995906425e+00    3.4558279206e+00    7.7301914031e+00    7.0352107511e+00   -2.5258156131e+01    1.0931633347e+00    1.6800000000e+02    9.3451524209e-03    5.7080357143e-01
       212   -5.9086163028e+00    3.4946700536e+01   -9.6531514104e+00    3.7445351076e+00    7.6483260885e+00    7.0352107511e+00   -2.5085275545e+01    7.4858729491e-01    1.6800000000e+02    9.3445841367e-03    5.7059523810e-01
       213   -5.9103884308e+00    3.4967159209e+01   -9.5556928366e+00    3.6453044057e+00    7.7226132913e+00    7.0352107511e+00   -2.5110811320e+01    7.9729444149e-01    1.6800000000e+02    9.4039152221e-03    5.7657738095e-01
       214   -5.9358283698e+00    3.5282489775e+01   -9.9463042531e+00    4.0104758833e+00    7.7025412086e+00    7.0352107511e+00   -2.5609575617e+01    9.2551940449e-01    1.6800000000e+02    9.4757260356e-03    5.7629464286e-01
       215   -5.9206864682e+00    3.5083654755e+01   -9.6334291619e+00    3.7127426937e+00    7.7444810272e+00    7.0352107511e+00   -2.5213850861e+01    8.0072992093e-01    1.6800000000e+02    9.4203067433e-03    5.7333333333e-01
       216   -5.9204048646e+00    3.5093212760e+01   -9.5367133102e+00    3.6163084456e+00    7.7490657362e+00    7.0352107511e+00   -2.5414508501e+01    1.0935187032e+00    1.6800000000e+02    9.4285481831e-03    5.7305059524e-01
       217   -5.9258296473e+00    3.5168817280e+01   -9.4466507559e+00    3.5208211086e+00    7.7794458324e+00    7.0352107511e+00   -2.5111465448e+01    8.5015810874e-01    1.6800000000e+02    9.4028937054e-03    5.7380952381e-01
       218   -5.9242374516e+00    3.5126345238e+01   -9.9498118356e+00    4.0255743840e+00    7.6771397572e+00    7.0352107511e+00   -2.5291350286e+01    6.2918794222e-01    1.6800000000e+02    9.3866340993e-03    5.7069940476e-01
       219   -5.9221678181e+00    3.5103717515e+01   -9.8632023505e+00    3.9410345323e+00    7.6928858037e+00    7.0352107511e+00   -2.5370144648e+01    7.7884574300e-01    1.6800000000e+02    9.3872444815e-03    5.7528273810e-01
       220   -5.9106309192e+00    3.4983917000e+01   -9.6730819802e+00    3.7624510610e+00    7.6888211698e+00    7.0352107511e+00   -2.5126774815e+01    7.2966091434e-01    1.6800000000e+02    9.4597482211e-03    5.7380952381e-01
       221   -5.8962539351e+00    3.4825735760e+01   -9.6067942162e+00    3.7105402810e+00    7.7404613587e+00    7.0352107511e+00   -2.5214891818e+01    8.3242549239e-01    1.6800000000e+02    9.4095787499e-03    5.7148809524e-01
       222   -5.9043107977e+00    3.4900695475e+01   -9.6902613774e+00    3.7859505797e+00    7.7535953732e+00    7.0352107511e+00   -2.5321177731e+01    8.4211022903e-01    1.6800000000e+02    9.4094198652e-03    5.7197916667e-01
       223   -5.9079633951e+00    3.4945781012e+01   -9.6565829400e+00    3.7486195449e+00    7.6635405659e+00    7.0352107511e+00   -2.5225088786e+01    8.6975452877e-01    1.6800000000e+02    9.4452409040e-03    5.7383928571e-01
       224   -5.9304571031e+00    3.5197334157e+01   -9.5885572616e+00    3.6581001585e+00    7.6039474106e+00    7.0352107511e+00   -2.4889488173e+01    6.6177274971e-01    1.6800000000e+02    9.4033231061e-03    5.7421130952e-01
       225   -5.8882387179e+00    3.4714255798e+01   -9.5421957905e+00    3.6539570726e+00    7.6236711497e+00    7.0352107511e+00   -2.4836796534e+01    6.3571884220e-01    1.6800000000e+02    9.3846158291e-03    5.7220238095e-01
       226   -5.9038010537e+00    3.4885133650e+01   -9.7484112035e+00    3.8446101498e+00    7.7645027439e+00    7.0352107511e+00   -2.5363380448e+01    8.1525574896e-01    1.6800000000e+02    9.4801754624e-03    5.7388392857e-01
       227   -5.9088385376e+00    3.4951597078e+01   -9.6438597705e+00    3.7350212330e+00    7.8554748721e+00    7.0352107511e+00   -2.5394352561e+01    8.5980716713e-01    1.6800000000e+02    9.4286137859e-03    5.7108630952e-01
       228   -5.9093227175e+00    3.4959593814e+01   -9.3820934269e+00    3.4727707094e+00    7.6342919400e+00    7.0352107511e+00   -2.4782410129e+01    7.3081401054e-01    1.6800000000e+02    9.4825887299e-03    5.7428571429e-01
       229   -5.9199577125e+00    3.5083700573e+01   -9.6120162013e+00    3.6920584888e+00    7.7567610383e+00    7.0352107511e+00   -2.5561357063e+01    1.1573690719e+00    1.6800000000e+02    9.3743219484e-03    5.6805059524e-01
       230   -5.8955794813e+00    3.4857879574e+01   -9.4004068469e+00    3.5048273656e+00    7.8935023740e+00    7.0352107511e+00   -2.5377079066e+01    1.0479590937e+00    1.6800000000e+02    9.4389354123e-03    5.7482142857e-01
       231   -5.9094506679e+00    3.4982066006e+01   -9.4821379071e+00    3.5726872392e+00    7.6769671567e+00    7.0352107511e+00   -2.4978588189e+01    7.8427237406e-01    1.6800000000e+02    9.3839295829e-03    5.7263392857e-01
       232   -5.9065282965e+00    3.4931143338e+01   -9.5894892994e+00    3.6829610030e+00    7.7124361264e+00    7.0352107511e+00   -2.5043755950e+01    7.0661977328e-01    1.6800000000e+02    9.4284536982e-03    5.6967261905e-01
       233   -5.9079879127e+00    3.4930915891e+01   -9.7629073120e+00    3.8549193993e+00    7.6802063938e+00    7.0352107511e+00   -2.5163500957e+01    6.8517650041e-01    1.6800000000e+02    9.4348392006e-03    5.7370535714e-01
       234   -5.9177473482e+00    3.5052281727e+01   -9.5816857684e+00    3.6639384202e+00    7.7426429995e+00    7.0352107511e+00   -2.5085575634e+01    7.2603611502e-01    1.6800000000e+02    9.4609464785e-03    5.7278273810e-01
       235   -5.9064912913e+00    3.4925685313e+01   -9.5902705167e+00    3.6837792254e+00    7.6744805315e+00    7.0352107511e+00   -2.5097551524e+01    7.9758972483e-01    1.6800000000e+02    9.3966801762e-03    5.7296130952e-01
       236   -5.8933118901e+00    3.4775100133e+01   -9.5888002397e+00    3.6954883495e+00    7.6539561362e+00    7.0352107511e+00   -2.4938489743e+01    6.6052261624e-01    1.6800000000e+02    9.3400738912e-03    5.7223214286e-01
       237   -5.9007093316e+00    3.4857487242e+01   -9.6495730049e+00    3.7488636733e+00    7.7274536976e+00    7.0352107511e+00   -2.5033058521e+01    6.2082106775e-01    1.6800000000e+02    9.3888286557e-03    5.7130952381e-01
       238   -5.8892651116e+00    3.4724943815e+01   -9.7885309761e+00    3.8992658646e+00    7.6069113525e+00    7.0352107511e+00   -2.5345794816e+01    9.1514173670e-01    1.6800000000e+02    9.4109047703e-03    5.6985119048e-01
       239   -5.9057022976e+00    3.4937376990e+01   -9.6969996915e+00    3.7912973939e+00    7.7587489840e+00    7.0352107511e+00   -2.5374137094e+01    8.8317766783e-01    1.6800000000e+02    9.4428313785e-03    5.7248511905e-01
       240   -5.9433458302e+00    3.5356164632e+01   -9.6471527239e+00    3.7038068938e+00    7.7393478388e+00    7.0352107511e+00   -2.5149106586e+01    7.2739527207e-01    1.6800000000e+02    9.4718283342e-03    5.7799107143e-01
       241   -5.9196104844e+00    3.5111974995e+01   -9.6969034256e+00    3.7772929412e+00    7.6684026345e+00    7.0352107511e+00   -2.5203654223e+01    8.0313741165e-01    1.6800000000e+02    9.3559356118e-03    5.7334821429e-01
       242   -5.9057358623e+00    3.4926708723e+01   -9.5654377280e+00    3.6597018657e+00    7.7213918750e+00    7.0352107511e+00   -2.5239202164e+01    9.1716181011e-01    1.6800000000e+02    9.4366406445e-03    5.7620535714e-01
       243   -5.9604458429e+00    3.5567323456e+01   -9.6928256596e+00    3.7323798167e+00    7.8183748659e+00    7.0352107511e+00   -2.5337892761e+01    7.9148148423e-01    1.6800000000e+02    9.4596714147e-03    5.7071428571e-01
       244   -5.9377957939e+00    3.5313426880e+01   -9.6640006113e+00    3.7262048174e+00    7.7360965648e+00    7.0352107511e+00   -2.5411009480e+01    9.7570155325e-01    1.6800000000e+02    9.4208849672e-03    5.7336309524e-01
       245   -5.9154097782e+00    3.5057610152e+01   -9.5744658456e+00    3.6590560674e+00    7.7133690423e+00    7.0352107511e+00   -2.5156664662e+01    8.3361902306e-01    1.6800000000e+02    9.4110144336e-03    5.6913690476e-01
       246   -5.9308108812e+00    3.5205842904e+01   -9.6928034021e+00    3.7619925209e+00    7.7630397659e+00    7.0352107511e+00   -2.5212694507e+01    7.2164058806e-01    1.6800000000e+02    9.4946928466e-03    5.7377976190e-01
       247   -5.9212003910e+00    3.5087263208e+01   -9.2930310020e+00    3.3718306110e+00    7.6890069696e+00    7.0352107511e+00   -2.4774329575e+01    7.5708085259e-01    1.6800000000e+02    9.3982216758e-03    5.7413690476e-01
       248   -5.9060705616e+00    3.4924011105e+01   -9.4737613528e+00    3.5676907912e+00    7.7156273341e+00    7.0352107511e+00   -2.4990630904e+01    7.6603146603e-01    1.6800000000e+02    9.3939694011e-03    5.7444940476e-01
       249   -5.9149773732e+00    3.5020564339e+01   -9.6163190506e+00    3.7013416774e+00    7.7490527632e+00    7.0352107511e+00   -2.5203910713e+01    8.0332814825e-01    1.6800000000e+02    9.3793298251e-03    5.7255952381e-01
       250   -5.8985794237e+00    3.4871922672e+01   -9.7946544161e+00    3.8960749924e+00    7.6925620820e+00    7.0352107511e+00   -2.5224174831e+01    7.0174758176e-01    1.6800000000e+02    9.3833228152e-03    5.7602678571e-01
       251   -5.9107092579e+00    3.4960873824e+01   -9.6556379142e+00    3.7449286563e+00    7.6902990283e+00    7.0352107511e+00   -2.5051174020e+01    6.7002632635e-01    1.6800000000e+02    9.3668860805e-03    5.7313988095e-01
       252   -5.9266866858e+00    3.5165844328e+01   -9.7222266990e+00    3.7955400133e+00    7.7170024340e+00    7.0352107511e+00   -2.5250082123e+01    7.7564223835e-01    1.6800000000e+02    9.3436001722e-03    5.7321428571e-01
       253   -5.9291962123e+00    3.5237170757e+01   -9.6284841262e+00    3.6992879138e+00    7.7652903863e+00    7.0352107511e+00   -2.5467078752e+01    1.0380934886e+00    1.6800000000e+02    9.4746234550e-03    5.7422619048e-01
       254   -5.9124912084e+00    3.5031939814e+01   -9.4836498273e+00    3.5711586189e+00    7.6953986953e+00    7.0352107511e+00   -2.5109618746e+01    8.9535947267e-01    1.6800000000e+02    9.4404919018e-03    5.7376488095e-01
       255   -5.9087724855e+00    3.4946583629e+01   -9.7288874321e+00    3.8201149466e+00    7.7514148924e+00    7.0352107511e+00   -2.5180723868e+01    6.6521079191e-01    1.6800000000e+02    9.3836948841e-03    5.6857142857e-01
       256   -5.8880001600e+00    3.4703465776e+01   -9.4709866237e+00    3.5829864637e+00    7.6659788003e+00    7.0352107511e+00   -2.4695390452e+01    5.2321427685e-01    1.6800000000e+02    9.3930987863e-03    5.7465773810e-01
       257   -5.9315710823e+00    3.5214194081e+01   -9.6066522669e+00    3.6750811846e+00    7.7745561109e+00    7.0352107511e+00   -2.5145280103e+01    7.2886097463e-01    1.6800000000e+02    9.4639578213e-03    5.7639880952e-01
       258   -5.9201494615e+00    3.5073989916e+01   -9.6300074291e+00    3.7098579676e+00    7.6176299605e+00    7.0352107511e+00   -2.4947580017e+01    6.6473187616e-01    1.6800000000e+02    9.3716325660e-03    5.7431547619e-01
       259   -5.9095756470e+00    3.4971867518e+01   -9.6311565242e+00    3.7215808772e+00    7.7008039236e+00    7.0352107511e+00   -2.5378156124e+01    1.0109849254e+00    1.6800000000e+02    9.4147762450e-03    5.7452380952e-01
       260   -5.9233453036e+00    3.5131780356e+01   -9.7105123896e+00    3.7871670860e+00    7.6782600037e+00    7.0352107511e+00   -2.5175816091e+01    7.5183294703e-01    1.6800000000e+02    9.4488014611e-03    5.6943452381e-01
       261   -5.8978337350e+00    3.4818578638e+01   -9.7079621369e+00    3.8101284019e+00    7.6545758737e+00    7.0352107511e+00   -2.5243923882e+01    8.4617512005e-01    1.6800000000e+02    9.4570951048e-03    5.7363095238e-01
       262   -5.8857167244e+00    3.4672875557e+01   -9.6627672231e+00    3.7770504987e+00    7.6952377561e+00    7.0352107511e+00   -2.4857256149e+01    4.6404041918e-01    1.6800000000e+02    9.4298119601e-03    5.7558035714e-01
       263   -5.9077814455e+00    3.4953823095e+01   -9.3642016167e+00    3.4564201711e+00    7.6606942700e+00    7.0352107511e+00   -2.4735915576e+01    6.7580893814e-01    1.6800000000e+02    9.4008264686e-03    5.7683035714e-01
       264   -5.9355062233e+00    3.5266405874e+01   -9.7876861713e+00    3.8521799480e+00    7.7949871906e+00    7.0352107511e+00   -2.5594107645e+01    9.7622353244e-01    1.6800000000e+02    9.4650641494e-03    5.7513392857e-01
       265   -5.9311532141e+00    3.5208008587e+01   -9.8181494023e+00    3.8869961882e+00    7.6300398143e+00    7.0352107511e+00   -2.5121054598e+01    6.3765463028e-01    1.6800000000e+02    9.4749848247e-03    5.7392857143e-01
       266   -5.9384177960e+00    3.5304529803e+01   -9.6906432419e+00    3.7522254459e+00    7.7125625268e+00    7.0352107511e+00   -2.5094014609e+01    6.5559808890e-01    1.6800000000e+02    9.3395238897e-03    5.7322916667e-01
       267   -5.9161647527e+00    3.5025918780e+01   -9.6976793097e+00    3.7815145570e+00    7.6835631111e+00    7.0352107511e+00   -2.5194748547e+01    7.7829537494e-01    1.6800000000e+02    9.4323063358e-03    5.7525297619e-01
       268   -5.9141244486e+00    3.5004976869e+01   -9.5619266181e+00    3.6478021695e+00    7.6170588898e+00    7.0352107511e+00   -2.4764578532e+01    5.5038227337e-01    1.6800000000e+02    9.4201902449e-03    5.7169642857e-01
       269   -5.9191625233e+00    3.5084999865e+01   -9.5935120371e+00    3.6743495138e+00    7.7056218083e+00    7.0352107511e+00   -2.5191609764e+01    8.5726516800e-01    1.6800000000e+02    9.4007953857e-03    5.7461309524e-01
       270   -5.9140657653e+00    3.5007331679e+01   -9.6321118551e+00    3.7180460898e+00    7.7604231885e+00    7.0352107511e+00   -2.5107665741e+01    6.7991994606e-01    1.6800000000e+02    9.4014979245e-03    5.7238095238e-01
       271   -5.9206650714e+00    3.5086305445e+01   -9.6838149764e+00    3.7631499051e+00    7.6795831288e+00    7.0352107511e+00   -2.5053403173e+01    6.5479431641e-01    1.6800000000e+02    9.3908239866e-03    5.7127976190e-01
       272   -5.9307146604e+00    3.5210776566e+01   -9.5263108052e+00    3.5955961448e+00    7.5473911426e+00    7.0352107511e+00   -2.5113909244e+01    1.0049965451e+00    1.6800000000e+02    9.3988592936e-03    5.7431547619e-01
       273   -5.9122645421e+00    3.5048083307e+01   -9.6987021779e+00    3.7864376357e+00    7.7708340505e+00    7.0352107511e+00   -2.5235068268e+01    7.3032128867e-01    1.6800000000e+02    9.4067719211e-03    5.7311011905e-01
       274   -5.9268798950e+00    3.5167238225e+01   -9.6858842403e+00    3.7590043452e+00    7.6813894066e+00    7.0352107511e+00   -2.5193183043e+01    7.9069864541e-01    1.6800000000e+02    9.3932110550e-03    5.7354166667e-01
       275   -5.9122410759e+00    3.4996429934e+01   -9.4857566245e+00    3.5735155486e+00    7.8636334044e+00    7.0352107511e+00   -2.5217914393e+01    8.3331361268e-01    1.6800000000e+02    9.4733722342e-03    5.7227678571e-01
       276   -5.9023903353e+00    3.4885821699e+01   -9.6037536904e+00    3.7013633551e+00    7.6613429749e+00    7.0352107511e+00   -2.5104043634e+01    8.0373621769e-01    1.6800000000e+02    9.3588659185e-03    5.7440476190e-01
       277   -5.9136849866e+00    3.5008284704e+01   -9.8365020993e+00    3.9228171126e+00    7.6525245738e+00    7.0352107511e+00   -2.5170954820e+01    6.4671739612e-01    1.6800000000e+02    9.2995378045e-03    5.7244047619e-01
       278   -5.8833533824e+00    3.4720010212e+01   -9.6151847788e+00    3.7318313964e+00    7.7268847735e+00    7.0352107511e+00   -2.5195395090e+01    8.1811478607e-01    1.6800000000e+02    9.3963680057e-03    5.7428571429e-01
       279   -5.8960412807e+00    3.4798464645e+01   -9.6712859760e+00    3.7752446954e+00    7.6386557640e+00    7.0352107511e+00   -2.5232743039e+01    8.8759054738e-01    1.6800000000e+02    9.4255632610e-03    5.7293154762e-01
       280   -5.9017942537e+00    3.4858995372e+01   -9.6938344103e+00    3.7920401566e+00    7.7525985267e+00    7.0352107511e+00   -2.5159265936e+01    6.7762224794e-01    1.6800000000e+02    9.4455438333e-03    5.7276785714e-01
       281   -5.9585257443e+00    3.5542892002e+01   -9.5635522363e+00    3.6050264920e+00    7.6517617963e+00    7.0352107511e+00   -2.5081683110e+01    8.3115832675e-01    1.6800000000e+02    9.3717836509e-03    5.7194940476e-01
       282   -5.8890726518e+00    3.4742416199e+01   -9.6620668479e+00    3.7729941961e+00    7.7556964516e+00    7.0352107511e+00   -2.5355905192e+01    9.0293114137e-01    1.6800000000e+02    9.4302599873e-03    5.7001488095e-01
       283   -5.9063389473e+00    3.4930734970e+01   -9.4701373886e+00    3.5637984412e+00    7.6972288381e+00    7.0352107511e+00   -2.5186014571e+01    9.8343759354e-01    1.6800000000e+02    9.4521466332e-03    5.7568452381e-01
       284   -5.8996469678e+00    3.4857789799e+01   -9.6404885291e+00    3.7408415613e+00    7.6002963633e+00    7.0352107511e+00   -2.5011428648e+01    7.3543300418e-01    1.6800000000e+02    9.3885474849e-03    5.7626488095e-01
       285   -5.8922954971e+00    3.4775646579e+01   -9.6757695589e+00    3.7834740618e+00    7.8311067455e+00    7.0352107511e+00   -2.5238738401e+01    6.9665134506e-01    1.6800000000e+02    9.4052998660e-03    5.7438988095e-01
       286   -5.9271442025e+00    3.5165030689e+01   -9.4588997228e+00    3.5317555203e+00    7.5146892765e+00    7.0352107511e+00   -2.4801105186e+01    7.9230543516e-01    1.6800000000e+02    9.3329406587e-03    5.7077380952e-01
       287   -5.9258696674e+00    3.5158329010e+01   -9.4727832422e+00    3.5469135749e+00    7.6416610126e+00    7.0352107511e+00   -2.4796817947e+01    6.4716294067e-01    1.6800000000e+02    9.2928155015e-03    5.7653273810e-01
       288   -5.9174538861e+00    3.5050564077e+01   -9.9947430195e+00    4.0772891334e+00    7.6810247382e+00    7.0352107511e+00   -2.5342002535e+01    6.3102402568e-01    1.6800000000e+02    9.3890491241e-03    5.7188988095e-01
       289   -5.8808434982e+00    3.4636807165e+01   -9.7075874095e+00    3.8267439113e+00    7.6978225798e+00    7.0352107511e+00   -2.5265283299e+01    8.2466255890e-01    1.6800000000e+02    9.3666644201e-03    5.6806547619e-01
       290   -5.9083993072e+00    3.4942891344e+01   -9.8275843203e+00    3.9191850131e+00    7.7307702269e+00    7.0352107511e+00   -2.5499029533e+01    9.0546423439e-01    1.6800000000e+02    9.3898728567e-03    5.7501488095e-01
       291   -5.9257734228e+00    3.5153271115e+01   -9.9324958818e+00    4.0067224591e+00    7.7186492741e+00    7.0352107511e+00   -2.5227895890e+01    5.4153998321e-01    1.6800000000e+02    9.3767658275e-03    5.7096726190e-01
       292   -5.9247246272e+00    3.5145463463e+01   -9.6040820145e+00    3.6793573873e+00    7.8298895644e+00    7.0352107511e+00   -2.5209497955e+01    7.4031562465e-01    1.6800000000e+02    9.4059473458e-03    5.7156250000e-01
       293   -5.9332841615e+00    3.5247162599e+01   -9.9532977509e+00    4.0200135894e+00    7.7490389482e+00    7.0352107511e+00   -2.5404235586e+01    6.6668813554e-01    1.6800000000e+02    9.4309032651e-03    5.7132440476e-01
       294   -5.9126989451e+00    3.4997623019e+01   -9.6994211743e+00    3.7867222292e+00    7.8077492868e+00    7.0352107511e+00   -2.5155031346e+01    6.1265013345e-01    1.6800000000e+02    9.4619474839e-03    5.7291666667e-01
       295   -5.9623120476e+00    3.5610528351e+01   -9.5924405764e+00    3.6301285288e+00    7.7881528391e+00    7.0352107511e+00   -2.5199877137e+01    7.8407297020e-01    1.6800000000e+02    9.4485267986e-03    5.7437500000e-01
       296   -5.9022031731e+00    3.4865993447e+01   -9.6741447218e+00    3.7719415487e+00    7.6953932260e+00    7.0352107511e+00   -2.4935845637e+01    5.3109693801e-01    1.6800000000e+02    9.4556219078e-03    5.6959821429e-01
       297   -5.9284964133e+00    3.5195366634e+01   -9.9133248785e+00    3.9848284652e+00    7.7563271336e+00    7.0352107511e+00   -2.5550690444e+01    8.4582768084e-01    1.6800000000e+02    9.4569643982e-03    5.7099702381e-01
       298   -5.9040712684e+00    3.4888702800e+01   -9.8052770964e+00    3.9012058281e+00    7.5701572644e+00    7.0352107511e+00   -2.5305266127e+01    8.9462101476e-01    1.6800000000e+02    9.3376500521e-03    5.7175595238e-01
       299   -5.8848851046e+00    3.4673322247e+01   -9.5774572020e+00    3.6925720975e+00    7.7848421032e+00    7.0352107511e+00   -2.5339035843e+01    9.4152578626e-01    1.6800000000e+02    9.4133051157e-03    5.7375000000e-01
       300   -5.9009972461e+00    3.4856351787e+01   -9.3983744683e+00    3.4973772222e+00    7.6097532386e+00    7.0352107511e+00   -2.5069640254e+01    1.0263017956e+00    1.6800000000e+02    9.4643704970e-03    5.7291666667e-01
       301   -5.8876889860e+00    3.4693234849e+01   -9.2708396676e+00    3.3831506815e+00    7.6620869334e+00    7.0352107511e+00   -2.4778019974e+01    8.0988262209e-01    1.6800000000e+02    9.3326968850e-03    5.7203869048e-01
       302   -5.9332524045e+00    3.5244999287e+01   -9.8377376656e+00    3.9044852611e+00    7.7297671898e+00    7.0352107511e+00   -2.5624159764e+01    1.0214441576e+00    1.6800000000e+02    9.3269483463e-03    5.7236607143e-01
       303   -5.9347927686e+00    3.5259213822e+01   -9.8733594075e+00    3.9385666389e+00    7.8061475604e+00    7.0352107511e+00   -2.5566682234e+01    8.5196451523e-01    1.6800000000e+02    9.4423486264e-03    5.6913690476e-01
       304   -5.9423608765e+00    3.5339484151e+01   -9.8097350162e+00    3.8673741397e+00    7.6602281440e+00    7.0352107511e+00   -2.5311695904e+01    8.0652199317e-01    1.6800000000e+02    9.3907381829e-03    5.7264880952e-01
       305   -5.9205622501e+00    3.5089205914e+01   -9.7623237054e+00    3.8417614553e+00    7.6908421402e+00    7.0352107511e+00   -2.5348432524e+01    8.6005592749e-01    1.6800000000e+02    9.4601921515e-03    5.7604166667e-01
       306   -5.9345743934e+00    3.5269337564e+01   -9.7832657768e+00    3.8486913835e+00    7.7630800030e+00    7.0352107511e+00   -2.5391181638e+01    8.0962510720e-01    1.6800000000e+02    9.4803709681e-03    5.7358630952e-01
       307   -5.9319183630e+00    3.5219474407e+01   -9.6182219814e+00    3.6863036184e+00    7.6171788596e+00    7.0352107511e+00   -2.4924110007e+01    6.5349841455e-01    1.6800000000e+02    9.3904613140e-03    5.7468750000e-01
       308   -5.8933502591e+00    3.4779872994e+01   -9.5136289045e+00    3.6202786454e+00    7.7774719894e+00    7.0352107511e+00   -2.5355843876e+01    1.0295322304e+00    1.6800000000e+02    9.4668061384e-03    5.7486607143e-01
       309   -5.9090523387e+00    3.4987801682e+01   -9.8465667108e+00    3.9375143721e+00    7.6991070201e+00    7.0352107511e+00   -2.5482464382e+01    9.0157989977e-01    1.6800000000e+02    9.3887180057e-03    5.7302083333e-01
       310   -5.9034037837e+00    3.4932957252e+01   -9.5692006131e+00    3.6657968294e+00    7.7576673713e+00    7.0352107511e+00   -2.5217391175e+01    8.5531243924e-01    1.6800000000e+02    9.4649420519e-03    5.7236607143e-01
       311   -5.9202228181e+00    3.5086718218e+01   -9.5736267788e+00    3.6534039606e+00    7.7820547655e+00    7.0352107511e+00   -2.5283449569e+01    8.9255727354e-01    1.6800000000e+02    9.4214196960e-03    5.7316964286e-01
       312   -5.9211130903e+00    3.5085594477e+01   -9.6782395607e+00    3.7571264704e+00    7.6961208671e+00    7.0352107511e+00   -2.5040272764e+01    6.3070158496e-01    1.6800000000e+02    9.4637220803e-03    5.7148809524e-01
       313   -5.9206921485e+00    3.5197441488e+01   -9.5490777057e+00    3.6283855572e+00    7.8184865043e+00    7.0352107511e+00   -2.5099039538e+01    6.9626457703e-01    1.6800000000e+02    9.3919962888e-03    5.7251488095e-01
       314   -5.8805371066e+00    3.4643905863e+01   -9.5884085786e+00    3.7078714720e+00    7.8073341953e+00    7.0352107511e+00   -2.5391651612e+01    9.6069808740e-01    1.6800000000e+02    9.4906954882e-03    5.7214285714e-01
       315   -5.9190826799e+00    3.5079326554e+01   -9.7165720721e+00    3.7974893923e+00    7.6578460277e+00    7.0352107511e+00   -2.5044029100e+01    6.3440024896e-01    1.6800000000e+02    9.3866588404e-03    5.7354166667e-01
       316   -5.9421367625e+00    3.5384916273e+01   -9.6500004622e+00    3.7078636996e+00    7.6793394000e+00    7.0352107511e+00   -2.5249561069e+01    8.8501045596e-01    1.6800000000e+02    9.3483435478e-03    5.7135416667e-01
       317   -5.9328491379e+00    3.5238018173e+01   -9.7990449795e+00    3.8661958415e+00    7.9310257246e+00    7.0352107511e+00   -2.5672317816e+01    9.0703636118e-01    1.6800000000e+02    9.4698955848e-03    5.6750000000e-01
       318   -5.9132114294e+00    3.5003706189e+01   -9.7160044398e+00    3.8027930104e+00    7.7311214395e+00    7.0352107511e+00   -2.5228180385e+01    7.4584375409e-01    1.6800000000e+02    9.4444232472e-03    5.7407738095e-01
       319   -5.9094438019e+00    3.4966882604e+01   -9.2641353598e+00    3.3546915578e+00    7.6491646213e+00    7.0352107511e+00   -2.4906880403e+01    9.5836967088e-01    1.6800000000e+02    9.4364542913e-03    5.7275297619e-01
       320   -5.9211935972e+00    3.5086862795e+01   -9.5833340537e+00    3.6621404565e+00    7.6330189227e+00    7.0352107511e+00   -2.4972651653e+01    7.2108792566e-01    1.6800000000e+02    9.4381808082e-03    5.7651785714e-01
       321   -5.9208245153e+00    3.5084408118e+01   -9.6215966800e+00    3.7007721647e+00    7.6609514674e+00    7.0352107511e+00   -2.4899131743e+01    5.8137284455e-01    1.6800000000e+02    9.4005384571e-03    5.7028273810e-01
       322   -5.8996695163e+00    3.4845487071e+01   -9.8690513476e+00    3.9693818313e+00    7.7079220695e+00    7.0352107511e+00   -2.5229718092e+01    6.1753392374e-01    1.6800000000e+02    9.3834580898e-03    5.6965773810e-01
       323   -5.9138951115e+00    3.5010961524e+01   -9.6457218266e+00    3.7318267151e+00    7.6614809883e+00    7.0352107511e+00   -2.5164621392e+01    8.2220782607e-01    1.6800000000e+02    9.2865441028e-03    5.7202380952e-01
       324   -5.9168688171e+00    3.5052589179e+01   -9.7606191828e+00    3.8437503658e+00    7.6067977597e+00    7.0352107511e+00   -2.5025408875e+01    6.2278118147e-01    1.6800000000e+02    9.3793495104e-03    5.7532738095e-01
       325   -5.8976794767e+00    3.4870457681e+01   -9.8797973417e+00    3.9821178649e+00    7.7755239372e+00    7.0352107511e+00   -2.5770973583e+01    1.0804415535e+00    1.6800000000e+02    9.3580399074e-03    5.7135416667e-01
       326   -5.9294289151e+00    3.5188874745e+01   -9.8195168681e+00    3.8900879531e+00    7.7003048854e+00    7.0352107511e+00   -2.5161768638e+01    6.0673613326e-01    1.6800000000e+02    9.3841588491e-03    5.7135416667e-01
       327   -5.9006503906e+00    3.4879427084e+01   -9.5666875378e+00    3.6660371472e+00    7.8022628093e+00    7.0352107511e+00   -2.5188105195e+01    7.8394409703e-01    1.6800000000e+02    9.3959435887e-03    5.7144345238e-01
       328   -5.9174005783e+00    3.5044439476e+01   -9.8006568511e+00    3.8832562728e+00    7.6436838449e+00    7.0352107511e+00   -2.5074871539e+01    5.9532009171e-01    1.6800000000e+02    9.4154356768e-03    5.7132440476e-01
       329   -5.9264052785e+00    3.5166961496e+01   -9.6565457622e+00    3.7301404838e+00    7.7572446156e+00    7.0352107511e+00   -2.5274886379e+01    8.2588525030e-01    1.6800000000e+02    9.4569042502e-03    5.7437500000e-01
       330   -5.9279873969e+00    3.5190327414e+01   -9.6183767077e+00    3.6903893108e+00    7.5720375781e+00    7.0352107511e+00   -2.4956292802e+01    7.3066776519e-01    1.6800000000e+02    9.3794017310e-03    5.7299107143e-01
       331   -5.8996695047e+00    3.4850209045e+01   -9.6609583131e+00    3.7612888084e+00    7.7564294936e+00    7.0352107511e+00   -2.5216381014e+01    7.6378245597e-01    1.6800000000e+02    9.4212615042e-03    5.6964285714e-01
       332   -5.9216950229e+00    3.5115914770e+01   -9.6056358088e+00    3.6839407859e+00    7.7656090191e+00    7.0352107511e+00   -2.5281482384e+01    8.7502680523e-01    1.6800000000e+02    9.4252901396e-03    5.7639880952e-01
       333   -5.9031992186e+00    3.4892502081e+01   -9.5921162201e+00    3.6889170015e+00    7.6061425307e+00    7.0352107511e+00   -2.4946574726e+01    7.1310522443e-01    1.6800000000e+02    9.4163865516e-03    5.7059523810e-01
       334   -5.9535669435e+00    3.5482794537e+01   -9.8639116772e+00    3.9103447337e+00    7.6855787474e+00    7.0352107511e+00   -2.5126489146e+01    5.4178797047e-01    1.6800000000e+02    9.3914604679e-03    5.7190476190e-01
       335   -5.9184389061e+00    3.5074305810e+01   -9.4325639826e+00    3.5141250765e+00    7.7031927584e+00    7.0352107511e+00   -2.4925947165e+01    7.5497967269e-01    1.6800000000e+02    9.4268316447e-03    5.7668154762e-01
       336   -5.8903841473e+00    3.4734138482e+01   -9.5420212382e+00    3.6516370909e+00    7.7907190720e+00    7.0352107511e+00   -2.5301052837e+01    9.3310177590e-01    1.6800000000e+02    9.3633139318e-03    5.7267857143e-01
       337   -5.9102717378e+00    3.4961338676e+01   -9.6136093690e+00    3.7033376312e+00    7.6697713891e+00    7.0352107511e+00   -2.5046542940e+01    7.2795143032e-01    1.6800000000e+02    9.3492957475e-03    5.7221726190e-01
       338   -5.9170388994e+00    3.5052367176e+01   -9.9393709968e+00    4.0223320974e+00    7.6905227397e+00    7.0352107511e+00   -2.5348801494e+01    6.8369700633e-01    1.6800000000e+02    9.3692821572e-03    5.6834821429e-01
       339   -5.9175938278e+00    3.5049511225e+01   -9.6913598654e+00    3.7737660376e+00    7.7835119247e+00    7.0352107511e+00   -2.5168832089e+01    6.5874954738e-01    1.6800000000e+02    9.3832978358e-03    5.7074404762e-01
       340   -5.8924769318e+00    3.4759836705e+01   -9.3962761190e+00    3.5037991871e+00    7.7020768454e+00    7.0352107511e+00   -2.4930688094e+01    7.9712437826e-01    1.6800000000e+02    9.4290347326e-03    5.7346726190e-01
       341   -5.9295063963e+00    3.5192650545e+01   -9.7241392007e+00    3.7946328044e+00    7.6795427926e+00    7.0352107511e+00   -2.5203664127e+01    7.6477138214e-01    1.6800000000e+02    9.3932220147e-03    5.7212797619e-01
       342   -5.9051644873e+00    3.4902625829e+01   -9.6775938385e+00    3.7724293512e+00    7.7180914597e+00    7.0352107511e+00   -2.5182011362e+01    7.5111531244e-01    1.6800000000e+02    9.3770758360e-03    5.7186011905e-01
       343   -5.9094465527e+00    3.5028797546e+01   -9.5817009088e+00    3.6722543561e+00    7.7411496017e+00    7.0352107511e+00   -2.5442577445e+01    1.0845161836e+00    1.6800000000e+02    9.4209107670e-03    5.7709821429e-01
       344   -5.8952748921e+00    3.4795933911e+01   -9.4425626919e+00    3.5472877998e+00    7.8752866913e+00    7.0352107511e+00   -2.5163964303e+01    8.1090416832e-01    1.6800000000e+02    9.4713491133e-03    5.7293154762e-01
       345   -5.9023947087e+00    3.4876892670e+01   -9.7289996927e+00    3.8266049840e+00    7.6484613541e+00    7.0352107511e+00   -2.5155796493e+01    7.4312469467e-01    1.6800000000e+02    9.4015213073e-03    5.7081845238e-01
       346   -5.9048094086e+00    3.4904800573e+01   -9.8539030195e+00    3.9490936109e+00    7.7140054076e+00    7.0352107511e+00   -2.5334408759e+01    7.3128958040e-01    1.6800000000e+02    9.4102122100e-03    5.7287202381e-01
       347   -5.8823894147e+00    3.4657878226e+01   -9.5621556537e+00    3.6797662390e+00    7.6867355362e+00    7.0352107511e+00   -2.5146433414e+01    8.6233147270e-01    1.6800000000e+02    9.4050528548e-03    5.7467261905e-01
       348   -5.9255277501e+00    3.5147053410e+01   -9.7000064510e+00    3.7744787009e+00    7.6102175822e+00    7.0352107511e+00   -2.4902536386e+01    5.5710160213e-01    1.6800000000e+02    9.3988922835e-03    5.7287202381e-01
       349   -5.9102166007e+00    3.4963303227e+01   -9.6044261052e+00    3.6942095044e+00    7.7579859310e+00    7.0352107511e+00   -2.5183502463e+01    7.8587967590e-01    1.6800000000e+02    9.4185649373e-03    5.7058035714e-01
       350   -5.8644248481e+00    3.4521328487e+01   -9.8913786366e+00    4.0269537885e+00    7.7164136875e+00    7.0352107511e+00   -2.5465651950e+01    8.2264887500e-01    1.6800000000e+02    9.4033433623e-03    5.7650297619e-01
       351   -5.9281715011e+00    3.5169740348e+01   -9.5555500258e+00    3.6273785247e+00    7.7628715514e+00    7.0352107511e+00   -2.5299231724e+01    9.4559939532e-01    1.6800000000e+02    9.3973123058e-03    5.7562500000e-01
       352   -5.9144037227e+00    3.5017145832e+01   -9.7054951850e+00    3.7910914623e+00    7.6717072299e+00    7.0352107511e+00   -2.5115719659e+01    7.0330649320e-01    1.6800000000e+02    9.4368112429e-03    5.7550595238e-01
       353   -5.9036071441e+00    3.4883721806e+01   -9.9674713189e+00    4.0638641748e+00    7.6608766326e+00    7.0352107511e+00   -2.5229326427e+01    5.6576772427e-01    1.6800000000e+02    9.3622785283e-03    5.7159226190e-01
       354   -5.9226623545e+00    3.5107995505e+01   -9.6650967078e+00    3.7424343533e+00    7.5994302175e+00    7.0352107511e+00   -2.5062178805e+01    7.6244112868e-01    1.6800000000e+02    9.4107817748e-03    5.7066964286e-01
       355   -5.8996504501e+00    3.4851842169e+01   -9.3348522934e+00    3.4352018433e+00    7.7089300691e+00    7.0352107511e+00   -2.5056159340e+01    9.7716622650e-01    1.6800000000e+02    9.3310272232e-03    5.7232142857e-01
       356   -5.9132627827e+00    3.5001118218e+01   -9.6916207399e+00    3.7783579571e+00    7.6319865383e+00    7.0352107511e+00   -2.5151760328e+01    7.9294229897e-01    1.6800000000e+02    9.3520077256e-03    5.7299107143e-01
       357   -5.9459279139e+00    3.5386506683e+01   -9.7692015946e+00    3.8232736807e+00    7.7482232149e+00    7.0352107511e+00   -2.5118682383e+01    5.6604682254e-01    1.6800000000e+02    9.4755555980e-03    5.7205357143e-01
       358   -5.9121367708e+00    3.4999337320e+01   -9.7104901685e+00    3.7983533977e+00    7.7439353063e+00    7.0352107511e+00   -2.5362631884e+01    8.7299565810e-01    1.6800000000e+02    9.4081590318e-03    5.7433035714e-01
       359   -5.9385525181e+00    3.5307348993e+01   -9.7322962037e+00    3.7937436857e+00    7.5934237575e+00    7.0352107511e+00   -2.5057786831e+01    6.9685611864e-01    1.6800000000e+02    9.2780736297e-03    5.6906250000e-01
       360   -5.8933360584e+00    3.4783184835e+01   -9.7048056272e+00    3.8114695688e+00    7.8219264315e+00    7.0352107511e+00   -2.5494055189e+01    9.3211237885e-01    1.6800000000e+02    9.4637814687e-03    5.7407738095e-01
       361   -5.8778058037e+00    3.4598581068e+01   -9.6605155869e+00    3.7827097831e+00    7.7037842840e+00    7.0352107511e+00   -2.5253282487e+01    8.5377186465e-01    1.6800000000e+02    9.4035791976e-03    5.7282738095e-01
       362   -5.9567609005e+00    3.5514838167e+01   -9.7744419634e+00    3.8176810629e+00    7.7042706774e+00    7.0352107511e+00   -2.5460990039e+01    9.4706664725e-01    1.6800000000e+02    9.4372559494e-03    5.7447916667e-01
       363   -5.9084407689e+00    3.4937115169e+01   -9.7663214658e+00    3.8578806969e+00    7.6716590314e+00    7.0352107511e+00   -2.5164652557e+01    6.9146130881e-01    1.6800000000e+02    9.4299159634e-03    5.7538690476e-01
       364   -5.9128461946e+00    3.5018664738e+01   -9.8151102968e+00    3.9022641022e+00    7.6586950670e+00    7.0352107511e+00   -2.5317868522e+01    8.0885240695e-01    1.6800000000e+02    9.4777995199e-03    5.7455357143e-01
       365   -5.9328570404e+00    3.5226412479e+01   -9.6201168643e+00    3.6872598240e+00    7.6118074836e+00    7.0352107511e+00   -2.5084974552e+01    8.1783945260e-01    1.6800000000e+02    9.3619106227e-03    5.7300595238e-01
       366   -5.9149491142e+00    3.5018800169e+01   -9.8447691211e+00    3.9298200069e+00    7.6592722611e+00    7.0352107511e+00   -2.5360441765e+01    8.2118963158e-01    1.6800000000e+02    9.3989694059e-03    5.7229166667e-01
       367   -5.9270296607e+00    3.5175122867e+01   -9.6158490709e+00    3.6888194102e+00    7.7075607799e+00    7.0352107511e+00   -2.5103234174e+01    7.4461357185e-01    1.6800000000e+02    9.3701122927e-03    5.7206845238e-01
       368   -5.8964967516e+00    3.4825672468e+01   -9.8726213920e+00    3.9761246404e+00    7.6581141029e+00    7.0352107511e+00   -2.5318462659e+01    7.5251641300e-01    1.6800000000e+02    9.3455902977e-03    5.6934523810e-01
       369   -5.9059760549e+00    3.4946214850e+01   -9.8360119265e+00    3.9300358715e+00    7.8447520286e+00    7.0352107511e+00   -2.5632868095e+01    9.1689338887e-01    1.6800000000e+02    9.4658492931e-03    5.7559523810e-01
       370   -5.9174488646e+00    3.5057755476e+01   -9.8041872852e+00    3.8867384206e+00    7.7391716015e+00    7.0352107511e+00   -2.5411199430e+01    8.3262979221e-01    1.6800000000e+02    9.4340288779e-03    5.7245535714e-01
       371   -5.9004442104e+00    3.4878173279e+01   -9.9630232488e+00    4.0625790384e+00    7.7455229000e+00    7.0352107511e+00   -2.5487498685e+01    7.4374178521e-01    1.6800000000e+02    9.4584774481e-03    5.7093750000e-01
       372   -5.9218802424e+00    3.5120127114e+01   -9.4577472874e+00    3.5358670450e+00    7.5956020489e+00    7.0352107511e+00   -2.4971280572e+01    8.8272048449e-01    1.6800000000e+02    9.3737183239e-03    5.7174107143e-01
       373   -5.9153882332e+00    3.5042408555e+01   -9.7663343327e+00    3.8509460995e+00    7.7887362611e+00    7.0352107511e+00   -2.5520057645e+01    9.2977630010e-01    1.6800000000e+02    9.3869893435e-03    5.7376488095e-01
       374   -5.8962668796e+00    3.4813429982e+01   -9.5648506690e+00    3.6685837894e+00    7.7703725097e+00    7.0352107511e+00   -2.5238961366e+01    8.6852743616e-01    1.6800000000e+02    9.4637320588e-03    5.7502976190e-01
       375   -5.8839134321e+00    3.4675054261e+01   -9.4990224263e+00    3.6151089942e+00    7.7115448964e+00    7.0352107511e+00   -2.5050088199e+01    8.0431012503e-01    1.6800000000e+02    9.4882595697e-03    5.7648809524e-01
       376   -5.8980179943e+00    3.4824891738e+01   -9.5129010023e+00    3.6148830080e+00    7.7470170551e+00    7.0352107511e+00   -2.4992389270e+01    6.9726046134e-01    1.6800000000e+02    9.4104991184e-03    5.7468750000e-01
       377   -5.9293092480e+00    3.5203653270e+01   -1.0254446086e+01    4.3251368384e+00    7.9255956200e+00    7.0352107511e+00   -2.6001073411e+01    7.8582095316e-01    1.6800000000e+02    9.4686226276e-03    5.7400297619e-01
       378   -5.9107915887e+00    3.4966662502e+01   -9.8076957053e+00    3.8969041166e+00    7.6201833052e+00    7.0352107511e+00   -2.5435298502e+01    9.7220874042e-01    1.6800000000e+02    9.4032672156e-03    5.7214285714e-01
       379   -5.8945388946e+00    3.4789327564e+01   -9.5268562656e+00    3.6323173710e+00    7.7326854910e+00    7.0352107511e+00   -2.5221795839e+01    9.2704333160e-01    1.6800000000e+02    9.4448791850e-03    5.7473214286e-01
       380   -5.9067451336e+00    3.4922508443e+01   -9.8277802614e+00    3.9210351278e+00    7.8300093268e+00    7.0352107511e+00   -2.5501243646e+01    8.0824330655e-01    1.6800000000e+02    9.4666301683e-03    5.6888392857e-01
       381   -5.9186907838e+00    3.5074172448e+01   -9.4928127638e+00    3.5741219800e+00    7.7611220812e+00    7.0352107511e+00   -2.5162143514e+01    8.7299791792e-01    1.6800000000e+02    9.4189817152e-03    5.7199404762e-01
       382   -5.9087842613e+00    3.4951810041e+01   -1.0045551889e+01    4.1367676276e+00    7.7621675799e+00    7.0352107511e+00   -2.5722665815e+01    8.7973559513e-01    1.6800000000e+02    9.4316407229e-03    5.7456845238e-01
       383   -5.9272560635e+00    3.5186922984e+01   -9.9281255992e+00    4.0008695358e+00    7.6467834003e+00    7.0352107511e+00   -2.5351741010e+01    7.4162125936e-01    1.6800000000e+02    9.3694583103e-03    5.7104166667e-01
       384   -5.9112156802e+00    3.4977872019e+01   -9.4798047738e+00    3.5685890936e+00    7.7472422653e+00    7.0352107511e+00   -2.5234605157e+01    9.7234736694e-01    1.6800000000e+02    9.3962709209e-03    5.7538690476e-01
       385   -5.9041408805e+00    3.4952502366e+01   -9.7352507290e+00    3.8311098485e+00    7.6471334587e+00    7.0352107511e+00   -2.5384668830e+01    9.6707389101e-01    1.6800000000e+02    9.4096234257e-03    5.7842261905e-01
       386   -5.9121315481e+00    3.5006497025e+01   -9.5683527448e+00    3.6562211967e+00    7.7143439895e+00    7.0352107511e+00   -2.5107795035e+01    7.8988754955e-01    1.6800000000e+02    9.4075556179e-03    5.7206845238e-01
       387   -5.9078362176e+00    3.4938771868e+01   -9.2543714191e+00    3.3465352015e+00    7.6916242185e+00    7.0352107511e+00   -2.4863423218e+01    8.8221682933e-01    1.6800000000e+02    9.4206225781e-03    5.7879464286e-01
       388   -5.9370540688e+00    3.5288108086e+01   -9.5564579438e+00    3.6194038750e+00    7.7236248898e+00    7.0352107511e+00   -2.5250901499e+01    9.3560791384e-01    1.6800000000e+02    9.3792058705e-03    5.7273809524e-01
       389   -5.9353269602e+00    3.5254401257e+01   -9.5289653125e+00    3.5936383523e+00    7.6852245887e+00    7.0352107511e+00   -2.4898126289e+01    6.4872563665e-01    1.6800000000e+02    9.3432605000e-03    5.7309523810e-01
       390   -5.9471888587e+00    3.5415010625e+01   -9.5945534117e+00    3.6473645530e+00    7.6391711787e+00    7.0352107511e+00   -2.5153000108e+01    8.8406476618e-01    1.6800000000e+02    9.3906349059e-03    5.7633928571e-01
       391   -5.9411767848e+00    3.5336945973e+01   -9.5746923830e+00    3.6335155981e+00    7.6556925965e+00    7.0352107511e+00   -2.5238665191e+01    9.7306946027e-01    1.6800000000e+02    9.4097109922e-03    5.7444940476e-01
       392   -5.9178467283e+00    3.5055884247e+01   -9.8796401089e+00    3.9617933806e+00    7.5889295610e+00    7.0352107511e+00   -2.5104483534e+01    6.0070311282e-01    1.6800000000e+02    9.3873035041e-03    5.7023809524e-01
       393   -5.9097062381e+00    3.4965167726e+01   -9.4469213087e+00    3.5372150706e+00    7.7582711372e+00    7.0352107511e+00   -2.5069640051e+01    8.2923685419e-01    1.6800000000e+02    9.3685570118e-03    5.7697916667e-01
       394   -5.9195585105e+00    3.5070819778e+01   -9.7433661464e+00    3.8238076359e+00    7.7019687664e+00    7.0352107511e+00   -2.4976363598e+01    4.9581793442e-01    1.6800000000e+02    9.3379445607e-03    5.7138392857e-01
       395   -5.9233755402e+00    3.5128675818e+01   -9.8609907686e+00    3.9376152284e+00    7.7457846888e+00    7.0352107511e+00   -2.5548346726e+01    9.0636051765e-01    1.6800000000e+02    9.3817985949e-03    5.7482142857e-01
       396   -5.8816742010e+00    3.4633587445e+01   -9.3561850761e+00    3.4745108751e+00    7.6496054904e+00    7.0352107511e+00   -2.4832608934e+01    7.9160761608e-01    1.6800000000e+02    9.3778452858e-03    5.7154761905e-01
       397   -5.8941157222e+00    3.4779244285e+01   -9.9610795648e+00    4.0669638427e+00    7.7398936385e+00    7.0352107511e+00   -2.5407898020e+01    6.7171406519e-01    1.6800000000e+02    9.3536816227e-03    5.7196428571e-01
       398   -5.9326905385e+00    3.5228617249e+01   -9.8309408225e+00    3.8982502840e+00    7.6011244884e+00    7.0352107511e+00   -2.5161941904e+01    6.9466584248e-01    1.6800000000e+02    9.4059281317e-03    5.7071428571e-01
       399   -5.9158775198e+00    3.5027499115e+01   -9.8130622111e+00    3.8971846913e+00    7.8196648180e+00    7.0352107511e+00   -2.5462723392e+01    7.9478561198e-01    1.6800000000e+02    9.4588615022e-03    5.7119047619e-01
