#   index    LocalEnergy         LocalEnergy_sq      LocalPotential      Kinetic             ElecElec            IonIon              LocalECP            NonLocalECP         BlockWeight         BlockCPU            AcceptRatio         
         0   -5.9224409122e+00    3.5123529715e+01   -9.6911482037e+00    3.7687072915e+00    7.7233093007e+00    7.0352107511e+00   -2.5262147962e+01    8.1247970611e-01    2.5181740000e+06    2.6930543149e+01    9.9995989121e-01
         1   -5.9271418036e+00    3.5177928321e+01   -9.7040887076e+00    3.7769469040e+00    7.6928688148e+00    7.0352107511e+00   -2.5220816890e+01    7.8864861622e-01    2.5157780000e+06    2.6938725239e+01    9.9996303392e-01
         2   -5.9235481002e+00    3.5134344252e+01   -9.7130175769e+00    3.7894694767e+00    7.6787436017e+00    7.0352107511e+00   -2.5215082831e+01    7.8811090085e-01    2.4975720000e+06    2.6612041375e+01    9.9996276511e-01
         3   -5.9214499597e+00    3.5110749742e+01   -9.6703709601e+00    3.7489210004e+00    7.6812064192e+00    7.0352107511e+00   -2.5178483952e+01    7.9169582138e-01    2.4999390000e+06    2.6613924559e+01    9.9996215030e-01
         4   -5.9225951558e+00    3.5121786687e+01   -9.6732226528e+00    3.7506274970e+00    7.6863661734e+00    7.0352107511e+00   -2.5157094983e+01    7.6229540596e-01    2.5089160000e+06    2.7106268383e+01    9.9996054099e-01
         5   -5.9212582507e+00    3.5108462786e+01   -9.6599687399e+00    3.7387104892e+00    7.6901453842e+00    7.0352107511e+00   -2.5157908090e+01    7.7258321531e-01    2.5233160000e+06    2.7083316286e+01    9.9996304249e-01
         6   -5.9227442255e+00    3.5125549766e+01   -9.7012543897e+00    3.7785101642e+00    7.6950885449e+00    7.0352107511e+00   -2.5185469072e+01    7.5391538667e-01    2.5264350000e+06    2.7063163842e+01    9.9996521755e-01
         7   -5.9207145004e+00    3.5098454289e+01   -9.6681271017e+00    3.7474126013e+00    7.6866437587e+00    7.0352107511e+00   -2.5149605940e+01    7.5962432893e-01    2.5093120000e+06    2.6991845942e+01    9.9996343612e-01
         8   -5.9256874245e+00    3.5161894626e+01   -9.6092214828e+00    3.6835340583e+00    7.6811620298e+00    7.0352107511e+00   -2.5110415884e+01    7.8482162048e-01    2.5212400000e+06    2.6797453537e+01    9.9996177353e-01
         9   -5.9214568494e+00    3.5108910503e+01   -9.6828874837e+00    3.7614306343e+00    7.6772295544e+00    7.0352107511e+00   -2.5171237465e+01    7.7590967582e-01    2.5231910000e+06    2.7113534414e+01    9.9996492531e-01
        10   -5.9212394737e+00    3.5106696344e+01   -9.6438123278e+00    3.7225728541e+00    7.6775365614e+00    7.0352107511e+00   -2.5115320918e+01    7.5876127756e-01    2.5232540000e+06    2.7131324011e+01    9.9996363973e-01
        11   -5.9260027307e+00    3.5159273562e+01   -9.6972370291e+00    3.7712342984e+00    7.7007260904e+00    7.0352107511e+00   -2.5179884600e+01    7.4671072903e-01    2.5335630000e+06    2.7705044317e+01    9.9996590625e-01
        12   -5.9252974388e+00    3.5153330106e+01   -9.6700599568e+00    3.7447625180e+00    7.6767574705e+00    7.0352107511e+00   -2.5141937535e+01    7.5990935618e-01    2.5367030000e+06    2.7580622506e+01    9.9996461969e-01
        13   -5.9260137013e+00    3.5162144795e+01   -9.7110270456e+00    3.7850133443e+00    7.6859302321e+00    7.0352107511e+00   -2.5191737979e+01    7.5956994998e-01    2.5279990000e+06    2.7355028135e+01    9.9996321356e-01
        14   -5.9221468474e+00    3.5117096583e+01   -9.6913230398e+00    3.7691761924e+00    7.6776531446e+00    7.0352107511e+00   -2.5181757614e+01    7.7757067836e-01    2.5220570000e+06    2.6748701919e+01    9.9996149064e-01
        15   -5.9249622070e+00    3.5154840162e+01   -9.6746822235e+00    3.7497200164e+00    7.6690844640e+00    7.0352107511e+00   -2.5181343679e+01    8.0236624075e-01    2.5224540000e+06    2.6765389428e+01    9.9996372731e-01
        16   -5.9259787962e+00    3.5163584549e+01   -9.6853599181e+00    3.7593811219e+00    7.6864378611e+00    7.0352107511e+00   -2.5196060302e+01    7.8905177168e-01    2.5263340000e+06    2.6910737147e+01    9.9996170192e-01
        17   -5.9246859877e+00    3.5154556180e+01   -9.6823282033e+00    3.7576422157e+00    7.6981337255e+00    7.0352107511e+00   -2.5199570179e+01    7.8389749908e-01    2.5183520000e+06    2.7128936000e+01    9.9996197675e-01
        18   -5.9279318185e+00    3.5191312811e+01   -9.7201642630e+00    3.7922324445e+00    7.6989493447e+00    7.0352107511e+00   -2.5242440743e+01    7.8811638375e-01    2.5163140000e+06    2.7049477181e+01    9.9996343938e-01
        19   -5.9272005116e+00    3.5177931901e+01   -9.6685664048e+00    3.7413658931e+00    7.6989684033e+00    7.0352107511e+00   -2.5186474902e+01    7.8372934266e-01    2.5198000000e+06    2.6815266007e+01    9.9996517561e-01
        20   -5.9211895424e+00    3.5107089572e+01   -9.6732567689e+00    3.7520672265e+00    7.6985458834e+00    7.0352107511e+00   -2.5184960984e+01    7.7794758021e-01    2.5173760000e+06    2.6829474735e+01    9.9996409886e-01
        21   -5.9254765521e+00    3.5157153356e+01   -9.7091746320e+00    3.7836980799e+00    7.6868473153e+00    7.0352107511e+00   -2.5226829391e+01    7.9559669291e-01    2.5155580000e+06    2.6757355444e+01    9.9996367582e-01
        22   -5.9288286037e+00    3.5198298388e+01   -9.7166968424e+00    3.7878682387e+00    7.7299431985e+00    7.0352107511e+00   -2.5260583903e+01    7.7873311096e-01    2.5556160000e+06    2.8393623246e+01    9.9996355771e-01
        23   -5.9249305732e+00    3.5152999693e+01   -9.6880972986e+00    3.7631667253e+00    7.6935075470e+00    7.0352107511e+00   -2.5191888556e+01    7.7507295937e-01    2.5412300000e+06    2.7756450659e+01    9.9996473139e-01
        24   -5.9242399312e+00    3.5143963974e+01   -9.6757690591e+00    3.7515291279e+00    7.6945781864e+00    7.0352107511e+00   -2.5179269272e+01    7.7371127573e-01    2.5384500000e+06    2.7271425798e+01    9.9996370905e-01
        25   -5.9160850919e+00    3.5047002163e+01   -9.6803904632e+00    3.7643053712e+00    7.6950562642e+00    7.0352107511e+00   -2.5189737990e+01    7.7908051159e-01    2.5305040000e+06    2.7111491849e+01    9.9996201086e-01
        26   -5.9203858934e+00    3.5098026641e+01   -9.6796059337e+00    3.7592200403e+00    7.7043328932e+00    7.0352107511e+00   -2.5189051025e+01    7.6990144739e-01    2.5152110000e+06    2.6561028158e+01    9.9996381902e-01
        27   -5.9224157196e+00    3.5122248918e+01   -9.7032309021e+00    3.7808151825e+00    7.7155662846e+00    7.0352107511e+00   -2.5233136945e+01    7.7912900687e-01    2.5433900000e+06    2.7099731706e+01    9.9996161565e-01
        28   -5.9244550113e+00    3.5146449499e+01   -9.6795026821e+00    3.7550476707e+00    7.7351409383e+00    7.0352107512e+00   -2.5253666081e+01    8.0381170985e-01    2.5352460000e+06    2.7287102578e+01    9.9996361326e-01
        29   -5.9253814108e+00    3.5156783042e+01   -9.7264939183e+00    3.8011125075e+00    7.7356241707e+00    7.0352107512e+00   -2.5311350072e+01    8.1402123225e-01    2.5191390000e+06    2.7189909323e+01    9.9996179460e-01
        30   -5.9251425492e+00    3.5153337323e+01   -9.7575425723e+00    3.8324000231e+00    7.7326888610e+00    7.0352107511e+00   -2.5338526428e+01    8.1308424312e-01    2.5167210000e+06    2.7006894259e+01    9.9996513064e-01
        31   -5.9226076168e+00    3.5126858598e+01   -9.7294999460e+00    3.8068923292e+00    7.7379605562e+00    7.0352107511e+00   -2.5302371351e+01    7.9970009722e-01    2.5086140000e+06    2.6986693197e+01    9.9996188252e-01
        32   -5.9284162085e+00    3.5190734233e+01   -9.6995001887e+00    3.7710839801e+00    7.7029892983e+00    7.0352107511e+00   -2.5198681587e+01    7.6098134906e-01    2.5105540000e+06    2.6883275683e+01    9.9996424918e-01
        33   -5.9284448951e+00    3.5194428225e+01   -9.6746577307e+00    3.7462128356e+00    7.6998304923e+00    7.0352107511e+00   -2.5186214498e+01    7.7651552421e-01    2.5291480000e+06    2.7093700605e+01    9.9996342672e-01
        34   -5.9263317471e+00    3.5168690727e+01   -9.6949776982e+00    3.7686459511e+00    7.7041091896e+00    7.0352107511e+00   -2.5204240016e+01    7.6994237756e-01    2.5403350000e+06    2.7937445031e+01    9.9996280136e-01
        35   -5.9251353383e+00    3.5156790664e+01   -9.7298143577e+00    3.8046790194e+00    7.7339783991e+00    7.0352107511e+00   -2.5324546956e+01    8.2554344771e-01    2.5182350000e+06    2.6979338797e+01    9.9995984144e-01
        36   -5.9295121666e+00    3.5208605140e+01   -9.6868956603e+00    3.7573834938e+00    7.7439062820e+00    7.0352107511e+00   -2.5277854543e+01    8.1184184986e-01    2.5188210000e+06    2.7352766006e+01    9.9996203506e-01
        37   -5.9245568147e+00    3.5148192528e+01   -9.6663530997e+00    3.7417962850e+00    7.7268699118e+00    7.0352107511e+00   -2.5221275957e+01    7.9284219413e-01    2.5141660000e+06    2.7237400473e+01    9.9996609288e-01
        38   -5.9240555863e+00    3.5140723673e+01   -9.6791451520e+00    3.7550895657e+00    7.7127965444e+00    7.0352107511e+00   -2.5188318606e+01    7.6116615871e-01    2.5009970000e+06    2.7005520817e+01    9.9996655972e-01
        39   -5.9220480800e+00    3.5115131286e+01   -9.6753397360e+00    3.7532916560e+00    7.7075810223e+00    7.0352107511e+00   -2.5133866190e+01    7.1573468097e-01    2.4991490000e+06    2.6759367682e+01    9.9996338657e-01
        40   -5.9270502553e+00    3.5174031663e+01   -9.6884552454e+00    3.7614049901e+00    7.6888458674e+00    7.0352107511e+00   -2.5170040797e+01    7.5752893356e-01    2.5006870000e+06    2.6979514994e+01    9.9996450974e-01
        41   -5.9290581172e+00    3.5203543237e+01   -9.7098614084e+00    3.7808032912e+00    7.6990624741e+00    7.0352107512e+00   -2.5217039058e+01    7.7290442487e-01    2.5153930000e+06    2.6993059999e+01    9.9996098837e-01
        42   -5.9208790508e+00    3.5104888910e+01   -9.7280564342e+00    3.8071773834e+00    7.7119732663e+00    7.0352107511e+00   -2.5290956821e+01    8.1571636943e-01    2.5069140000e+06    2.6605446971e+01    9.9996200622e-01
        43   -5.9272978604e+00    3.5180209920e+01   -9.6695099766e+00    3.7422121162e+00    7.7417376661e+00    7.0352107511e+00   -2.5254926905e+01    8.0846851118e-01    2.4944080000e+06    2.6821941091e+01    9.9996416713e-01
        44   -5.9248735312e+00    3.5149902811e+01   -9.6538989670e+00    3.7290254358e+00    7.7138466600e+00    7.0352107511e+00   -2.5180868872e+01    7.7791249381e-01    2.5147570000e+06    2.6622521087e+01    9.9996441253e-01
        45   -5.9251594554e+00    3.5157479520e+01   -9.6992621762e+00    3.7741027208e+00    7.7051746477e+00    7.0352107511e+00   -2.5261427031e+01    8.2177945550e-01    2.5210360000e+06    2.7384252995e+01    9.9996489492e-01
        46   -5.9237629410e+00    3.5136744109e+01   -9.6670282216e+00    3.7432652806e+00    7.6974480479e+00    7.0352107511e+00   -2.5189772019e+01    7.9008499851e-01    2.5057080000e+06    2.6766351139e+01    9.9996188813e-01
        47   -5.9269143421e+00    3.5172443236e+01   -9.6606682665e+00    3.7337539243e+00    7.7075704320e+00    7.0352107511e+00   -2.5185284531e+01    7.8183508101e-01    2.5031400000e+06    2.6905755584e+01    9.9996279751e-01
        48   -5.9270598194e+00    3.5180399454e+01   -9.7184488662e+00    3.7913890468e+00    7.7109848802e+00    7.0352107511e+00   -2.5265424573e+01    8.0078007583e-01    2.5043240000e+06    2.6709462398e+01    9.9996586045e-01
        49   -5.9253426399e+00    3.5154596098e+01   -9.7447085667e+00    3.8193659267e+00    7.7290927137e+00    7.0352107511e+00   -2.5285451197e+01    7.7643916540e-01    2.5201030000e+06    2.7443453659e+01    9.9996379097e-01
        50   -5.9244498464e+00    3.5146862085e+01   -9.7319571263e+00    3.8075072799e+00    7.7127364476e+00    7.0352107511e+00   -2.5265771839e+01    7.8586751400e-01    2.5000080000e+06    2.7176605366e+01    9.9996550289e-01
        51   -5.9208082257e+00    3.5101149340e+01   -9.7357219414e+00    3.8149137158e+00    7.7229793452e+00    7.0352107511e+00   -2.5231613193e+01    7.3770115526e-01    2.4968910000e+06    2.6716758253e+01    9.9996430299e-01
        52   -5.9229541200e+00    3.5127110060e+01   -9.6917150245e+00    3.7687609046e+00    7.7210624487e+00    7.0352107511e+00   -2.5189280912e+01    7.4129268773e-01    2.5107960000e+06    2.6972940327e+01    9.9996131858e-01
        53   -5.9229127531e+00    3.5128707303e+01   -9.6625486680e+00    3.7396359149e+00    7.7296396267e+00    7.0352107511e+00   -2.5238748046e+01    8.1134899970e-01    2.5043660000e+06    2.6561208986e+01    9.9996196583e-01
        54   -5.9234580689e+00    3.5130984237e+01   -9.7229678552e+00    3.7995097863e+00    7.7438462695e+00    7.0352107511e+00   -2.5275345817e+01    7.7332094146e-01    2.5206670000e+06    2.6912099530e+01    9.9996027869e-01
        55   -5.9252707844e+00    3.5155629938e+01   -9.7545789938e+00    3.8293082094e+00    7.7252167876e+00    7.0352107511e+00   -2.5316284589e+01    8.0127805683e-01    2.5146210000e+06    2.7185059600e+01    9.9996346530e-01
        56   -5.9284944704e+00    3.5198274644e+01   -9.7336608321e+00    3.8051663617e+00    7.7230020140e+00    7.0352107511e+00   -2.5283224040e+01    7.9135044281e-01    2.4932870000e+06    2.6887063306e+01    9.9996119872e-01
        57   -5.9249865946e+00    3.5149148139e+01   -9.7349845021e+00    3.8099979075e+00    7.7507943885e+00    7.0352107511e+00   -2.5284301701e+01    7.6331205873e-01    2.4997140000e+06    2.7281471220e+01    9.9996399487e-01
        58   -5.9229931402e+00    3.5126838355e+01   -9.6973570669e+00    3.7743639267e+00    7.7235257576e+00    7.0352107511e+00   -2.5243876272e+01    7.8778269668e-01    2.5060480000e+06    2.6759176178e+01    9.9996478337e-01
        59   -5.9187961423e+00    3.5079109952e+01   -9.7006865682e+00    3.7818904259e+00    7.7246425764e+00    7.0352107511e+00   -2.5250786517e+01    7.9024662111e-01    2.5075220000e+06    2.6810029335e+01    9.9996331225e-01
        60   -5.9236946274e+00    3.5139411429e+01   -9.7076520372e+00    3.7839574098e+00    7.7336673728e+00    7.0352107511e+00   -2.5257494996e+01    7.8096483506e-01    2.4990080000e+06    2.6874688807e+01    9.9995968312e-01
        61   -5.9227465254e+00    3.5126743020e+01   -9.6706012858e+00    3.7478547604e+00    7.7181056135e+00    7.0352107511e+00   -2.5189379439e+01    7.6546178866e-01    2.5192310000e+06    2.7406140501e+01    9.9996412558e-01
        62   -5.9274360464e+00    3.5179516261e+01   -9.7072597153e+00    3.7798236689e+00    7.7073622579e+00    7.0352107511e+00   -2.5211035106e+01    7.6120238157e-01    2.5205060000e+06    2.7100084899e+01    9.9996587991e-01
        63   -5.9255413476e+00    3.5157836134e+01   -9.6710125643e+00    3.7454712167e+00    7.7284383035e+00    7.0352107511e+00   -2.5220110551e+01    7.8544893219e-01    2.5172250000e+06    2.6720854812e+01    9.9996588473e-01
        64   -5.9262104700e+00    3.5166709768e+01   -9.7162244035e+00    3.7900139335e+00    7.7376112895e+00    7.0352107511e+00   -2.5258554134e+01    7.6950768979e-01    2.5253020000e+06    2.7076309654e+01    9.9996030167e-01
        65   -5.9269308863e+00    3.5177651050e+01   -9.7132506665e+00    3.7863197802e+00    7.7205007299e+00    7.0352107511e+00   -2.5241969482e+01    7.7300733485e-01    2.5404680000e+06    2.7446113478e+01    9.9996546054e-01
        66   -5.9246378110e+00    3.5147341662e+01   -9.6956297715e+00    3.7709919605e+00    7.7177554764e+00    7.0352107511e+00   -2.5242429591e+01    7.9383359213e-01    2.5429950000e+06    2.7486463577e+01    9.9996303703e-01
        67   -5.9279006097e+00    3.5185443624e+01   -9.7478550450e+00    3.8199544353e+00    7.6998416010e+00    7.0352107511e+00   -2.5228226223e+01    7.4531882599e-01    2.5131470000e+06    2.7034859673e+01    9.9996478416e-01
        68   -5.9292941749e+00    3.5200165490e+01   -9.7277016259e+00    3.7984074511e+00    7.7063355688e+00    7.0352107511e+00   -2.5245450217e+01    7.7620227079e-01    2.5048560000e+06    2.7681503841e+01    9.9996392006e-01
        69   -5.9309856519e+00    3.5222720755e+01   -9.7096123300e+00    3.7786266781e+00    7.7259890654e+00    7.0352107511e+00   -2.5291255150e+01    8.2044300367e-01    2.5148200000e+06    2.7623889697e+01    9.9996107855e-01
        70   -5.9281831684e+00    3.5199723908e+01   -9.6816004268e+00    3.7534172584e+00    7.7343335104e+00    7.0352107511e+00   -2.5269221617e+01    8.1807692849e-01    2.5123240000e+06    2.7214545534e+01    9.9996144197e-01
        71   -5.9264234644e+00    3.5166952992e+01   -9.6946035476e+00    3.7681800832e+00    7.7297060592e+00    7.0352107511e+00   -2.5232691414e+01    7.7317105589e-01    2.5126520000e+06    2.7047682555e+01    9.9996323506e-01
        72   -5.9272675926e+00    3.5178241755e+01   -9.6733761745e+00    3.7461085819e+00    7.7202094755e+00    7.0352107511e+00   -2.5211451331e+01    7.8265492970e-01    2.5388620000e+06    2.7972502414e+01    9.9996396006e-01
        73   -5.9257417276e+00    3.5160409350e+01   -9.6792609753e+00    3.7535192477e+00    7.6877217128e+00    7.0352107511e+00   -2.5186090856e+01    7.8389741653e-01    2.5379740000e+06    2.7780447379e+01    9.9996340728e-01
        74   -5.9208572252e+00    3.5099953611e+01   -9.7242673136e+00    3.8034100884e+00    7.6704775081e+00    7.0352107511e+00   -2.5178978731e+01    7.4902315810e-01    2.5232760000e+06    2.6910672375e+01    9.9996274534e-01
        75   -5.9221873117e+00    3.5117258364e+01   -9.6974339933e+00    3.7752466816e+00    7.6931638149e+00    7.0352107511e+00   -2.5192713546e+01    7.6690498686e-01    2.5216800000e+06    2.7083651109e+01    9.9996525252e-01
        76   -5.9233841547e+00    3.5133021168e+01   -9.7133241625e+00    3.7899400078e+00    7.7036497951e+00    7.0352107511e+00   -2.5204499035e+01    7.5231432670e-01    2.5202350000e+06    2.7380087609e+01    9.9996473729e-01
        77   -5.9220039653e+00    3.5116911262e+01   -9.7015449462e+00    3.7795409809e+00    7.6995595883e+00    7.0352107511e+00   -2.5215348573e+01    7.7903328784e-01    2.5316690000e+06    2.7224282682e+01    9.9996173783e-01
        78   -5.9267533589e+00    3.5171169008e+01   -9.6923730969e+00    3.7656197380e+00    7.7107198565e+00    7.0352107511e+00   -2.5199776657e+01    7.6147295256e-01    2.5147220000e+06    2.7122777788e+01    9.9996346521e-01
        79   -5.9264167136e+00    3.5172798828e+01   -9.6805311151e+00    3.7541144015e+00    7.6995752272e+00    7.0352107511e+00   -2.5195701687e+01    7.8038459402e-01    2.5195170000e+06    2.7371858990e+01    9.9996159889e-01
        80   -5.9240844819e+00    3.5135468775e+01   -9.6776492750e+00    3.7535647931e+00    7.7125393586e+00    7.0352107511e+00   -2.5185451426e+01    7.6005204130e-01    2.5073640000e+06    2.6821845493e+01    9.9996231050e-01
        81   -5.9235945310e+00    3.5132252148e+01   -9.7333862496e+00    3.8097917186e+00    7.7126965460e+00    7.0352107512e+00   -2.5257612571e+01    7.7631902390e-01    2.5133540000e+06    2.7055412947e+01    9.9996563484e-01
        82   -5.9272694904e+00    3.5177603398e+01   -9.6966303052e+00    3.7693608148e+00    7.7223509964e+00    7.0352107511e+00   -2.5238582292e+01    7.8439023950e-01    2.5497030000e+06    2.8330388247e+01    9.9996332934e-01
        83   -5.9257364159e+00    3.5159081686e+01   -9.6785058382e+00    3.7527694223e+00    7.7193845970e+00    7.0352107511e+00   -2.5220646060e+01    7.8754487361e-01    2.5485550000e+06    2.7573784731e+01    9.9996326540e-01
        84   -5.9286732727e+00    3.5195125497e+01   -9.6706687703e+00    3.7419954976e+00    7.7035716703e+00    7.0352107512e+00   -2.5192364578e+01    7.8291338644e-01    2.5440880000e+06    2.7687321642e+01    9.9996325002e-01
        85   -5.9243839116e+00    3.5142909750e+01   -9.6897593159e+00    3.7653754043e+00    7.7073554614e+00    7.0352107511e+00   -2.5204954768e+01    7.7262923915e-01    2.5451160000e+06    2.7489822040e+01    9.9995894172e-01
        86   -5.9278274367e+00    3.5182113808e+01   -9.7072372487e+00    3.7794098120e+00    7.7198624026e+00    7.0352107511e+00   -2.5252467693e+01    7.9015729054e-01    2.5366620000e+06    2.7352984640e+01    9.9996575237e-01
        87   -5.9282697272e+00    3.5190241377e+01   -9.7237635176e+00    3.7954937904e+00    7.7165579024e+00    7.0352107511e+00   -2.5237230823e+01    7.6169865153e-01    2.5464640000e+06    2.7899250506e+01    9.9996303729e-01
        88   -5.9279580453e+00    3.5185345993e+01   -9.7114575725e+00    3.7834995272e+00    7.7031242146e+00    7.0352107511e+00   -2.5209671080e+01    7.5987854169e-01    2.5382100000e+06    2.7196687270e+01    9.9996262198e-01
        89   -5.9238463263e+00    3.5136161738e+01   -9.6722185389e+00    3.7483722126e+00    7.6854121012e+00    7.0352107511e+00   -2.5159670906e+01    7.6682951460e-01    2.5428180000e+06    2.7114443020e+01    9.9996372049e-01
        90   -5.9257550636e+00    3.5164680739e+01   -9.6636864202e+00    3.7379313567e+00    7.6812474604e+00    7.0352107511e+00   -2.5197740772e+01    8.1759613980e-01    2.5341980000e+06    2.7717914966e+01    9.9996285617e-01
        91   -5.9265513299e+00    3.5168792694e+01   -9.6759001536e+00    3.7493488237e+00    7.6678241229e+00    7.0352107511e+00   -2.5154094312e+01    7.7515928391e-01    2.5261930000e+06    2.6941035399e+01    9.9996481673e-01
        92   -5.9233205041e+00    3.5135005759e+01   -9.6587489093e+00    3.7354284051e+00    7.6709389695e+00    7.0352107511e+00   -2.5146366631e+01    7.8146800083e-01    2.5283900000e+06    2.7023833337e+01    9.9996435558e-01
        93   -5.9231978040e+00    3.5131722782e+01   -9.6876291660e+00    3.7644313620e+00    7.6820507294e+00    7.0352107511e+00   -2.5167858456e+01    7.6296780927e-01    2.5303970000e+06    2.6972861780e+01    9.9996616022e-01
        94   -5.9203622095e+00    3.5095462660e+01   -9.7306237885e+00    3.8102615790e+00    7.6696391704e+00    7.0352107511e+00   -2.5197001305e+01    7.6152759490e-01    2.5207880000e+06    2.7289797105e+01    9.9996613051e-01
        95   -5.9227686275e+00    3.5121912939e+01   -9.7095887488e+00    3.7868201213e+00    7.6589362231e+00    7.0352107511e+00   -2.5159949190e+01    7.5621346736e-01    2.5208530000e+06    2.6928177976e+01    9.9996623069e-01
        96   -5.9256077349e+00    3.5160325960e+01   -9.7551392832e+00    3.8295315483e+00    7.6887707813e+00    7.0352107511e+00   -2.5261758203e+01    7.8263738723e-01    2.5211570000e+06    2.6782485180e+01    9.9996271615e-01
        97   -5.9281086009e+00    3.5185213091e+01   -9.7198972201e+00    3.7917886193e+00    7.6826382767e+00    7.0352107511e+00   -2.5209072421e+01    7.7132617302e-01    2.5192840000e+06    2.6639117329e+01    9.9996214017e-01
        98   -5.9276609567e+00    3.5179344561e+01   -9.7180636944e+00    3.7904027377e+00    7.6860115186e+00    7.0352107511e+00   -2.5206913528e+01    7.6762756364e-01    2.5344240000e+06    2.7131437139e+01    9.9996276219e-01
        99   -5.9247636664e+00    3.5147106366e+01   -9.7085230393e+00    3.7837593729e+00    7.6852194238e+00    7.0352107511e+00   -2.5198758775e+01    7.6980556087e-01    2.5375850000e+06    2.7390117575e+01    9.9996231757e-01
       100   -5.9231394396e+00    3.5128781436e+01   -9.6949963469e+00    3.7718569073e+00    7.7087021785e+00    7.0352107511e+00   -2.5221618417e+01    7.8270914035e-01    2.5355550000e+06    2.7027213084e+01    9.9996361818e-01
       101   -5.9225222461e+00    3.5125154041e+01   -9.6882399829e+00    3.7657177368e+00    7.7368118941e+00    7.0352107511e+00   -2.5240113312e+01    7.7985068431e-01    2.5382790000e+06    2.7214764285e+01    9.9996089788e-01
       102   -5.9186054205e+00    3.5078232354e+01   -9.6993283848e+00    3.7807229643e+00    7.7003406546e+00    7.0352107511e+00   -2.5208854495e+01    7.7397470495e-01    2.5234370000e+06    2.6846012091e+01    9.9996294719e-01
       103   -5.9239096538e+00    3.5141378199e+01   -9.7042735261e+00    3.7803638723e+00    7.7254939410e+00    7.0352107511e+00   -2.5274922817e+01    8.0994459922e-01    2.5099860000e+06    2.7172548227e+01    9.9996180201e-01
       104   -5.9243700206e+00    3.5146177934e+01   -9.7194569725e+00    3.7950869519e+00    7.7085674534e+00    7.0352107511e+00   -2.5256721240e+01    7.9348606307e-01    2.5145430000e+06    2.6871103215e+01    9.9996043033e-01
       105   -5.9293577801e+00    3.5205174607e+01   -9.7227771916e+00    3.7934194114e+00    7.7249355051e+00    7.0352107511e+00   -2.5281821704e+01    7.9889825663e-01    2.5166850000e+06    2.7179058869e+01    9.9996309758e-01
       106   -5.9285065687e+00    3.5195879881e+01   -9.7032922464e+00    3.7747856776e+00    7.7306092599e+00    7.0352107512e+00   -2.5247448902e+01    7.7833664461e-01    2.5147500000e+06    2.7253919899e+01    9.9996456016e-01
       107   -5.9228655915e+00    3.5126473201e+01   -9.7052700192e+00    3.7824044277e+00    7.7089674636e+00    7.0352107511e+00   -2.5222053639e+01    7.7260540479e-01    2.5127910000e+06    2.6686390863e+01    9.9996418353e-01
       108   -5.9231832440e+00    3.5131720515e+01   -9.6948830866e+00    3.7716998426e+00    7.7086345043e+00    7.0352107511e+00   -2.5228232854e+01    7.8950451255e-01    2.5390530000e+06    2.7321461516e+01    9.9996307654e-01
       109   -5.9246829985e+00    3.5147580101e+01   -9.6992852955e+00    3.7746022971e+00    7.7069024123e+00    7.0352107512e+00   -2.5230147243e+01    7.8874878440e-01    2.5228670000e+06    2.6953345958e+01    9.9996179558e-01
       110   -5.9277735293e+00    3.5185056575e+01   -9.7317493186e+00    3.8039757893e+00    7.7202614026e+00    7.0352107511e+00   -2.5284447084e+01    7.9722561203e-01    2.5127210000e+06    2.6920218518e+01    9.9996472917e-01
       111   -5.9275669977e+00    3.5181619166e+01   -9.6810766272e+00    3.7535096295e+00    7.6918527037e+00    7.0352107511e+00   -2.5201992393e+01    7.9385231100e-01    2.5261190000e+06    2.7162311968e+01    9.9996120763e-01
       112   -5.9256426438e+00    3.5158292175e+01   -9.7047455160e+00    3.7791028722e+00    7.6994852755e+00    7.0352107512e+00   -2.5195548065e+01    7.5610652250e-01    2.5164750000e+06    2.6869409753e+01    9.9996210000e-01
       113   -5.9270518062e+00    3.5178431984e+01   -9.6552691302e+00    3.7282173241e+00    7.7135207531e+00    7.0352107512e+00   -2.5237629588e+01    8.3362895360e-01    2.5175750000e+06    2.6597923409e+01    9.9996345557e-01
       114   -5.9252722366e+00    3.5157360267e+01   -9.7078531145e+00    3.7825808779e+00    7.7275728422e+00    7.0352107511e+00   -2.5292223376e+01    8.2158666789e-01    2.5207530000e+06    2.7464825547e+01    9.9996171793e-01
       115   -5.9265683930e+00    3.5172479029e+01   -9.7245324871e+00    3.7979640942e+00    7.7238080513e+00    7.0352107511e+00   -2.5248934003e+01    7.6538271357e-01    2.5185960000e+06    2.6904361049e+01    9.9996639893e-01
       116   -5.9276350895e+00    3.5185026551e+01   -9.7006084329e+00    3.7729733434e+00    7.7209284368e+00    7.0352107511e+00   -2.5266450659e+01    8.0970303772e-01    2.5161490000e+06    2.6813403403e+01    9.9996393523e-01
       117   -5.9253107802e+00    3.5154950577e+01   -9.6595560948e+00    3.7342453146e+00    7.7057228672e+00    7.0352107511e+00   -2.5183633264e+01    7.8314355087e-01    2.5268980000e+06    2.7129110245e+01    9.9996240275e-01
       118   -5.9285695696e+00    3.5193891278e+01   -9.6997919149e+00    3.7712223453e+00    7.7192312014e+00    7.0352107511e+00   -2.5229341666e+01    7.7510779851e-01    2.5421900000e+06    2.7587371247e+01    9.9996661244e-01
       119   -5.9243371307e+00    3.5145854877e+01   -9.6829312071e+00    3.7585940765e+00    7.7207163989e+00    7.0352107511e+00   -2.5205325875e+01    7.6646751747e-01    2.5320360000e+06    2.7421626523e+01    9.9996223521e-01
       120   -5.9281051395e+00    3.5190505716e+01   -9.6572267682e+00    3.7291216287e+00    7.7009029852e+00    7.0352107511e+00   -2.5190863735e+01    7.9752323040e-01    2.5180540000e+06    2.6780450778e+01    9.9996375989e-01
       121   -5.9247462537e+00    3.5146754385e+01   -9.7088288490e+00    3.7840825954e+00    7.7168443457e+00    7.0352107511e+00   -2.5245481687e+01    7.8459774081e-01    2.5137060000e+06    2.7113448510e+01    9.9996439301e-01
       122   -5.9248919696e+00    3.5151028016e+01   -9.6887403998e+00    3.7638484302e+00    7.6981218491e+00    7.0352107512e+00   -2.5189408537e+01    7.6733553701e-01    2.5143290000e+06    2.6805491248e+01    9.9996589491e-01
       123   -5.9277037964e+00    3.5183511506e+01   -9.6787450322e+00    3.7510412358e+00    7.7189385849e+00    7.0352107512e+00   -2.5209655462e+01    7.7676109402e-01    2.5207350000e+06    2.6977710735e+01    9.9996290647e-01
       124   -5.9253685042e+00    3.5156031362e+01   -9.7107752267e+00    3.7854067225e+00    7.7335682983e+00    7.0352107512e+00   -2.5268646600e+01    7.8909232355e-01    2.5193100000e+06    2.7060110556e+01    9.9996278425e-01
       125   -5.9303983353e+00    3.5219035293e+01   -9.7171936231e+00    3.7867952878e+00    7.7102451755e+00    7.0352107511e+00   -2.5246656518e+01    7.8400696800e-01    2.5255380000e+06    2.7253988312e+01    9.9996233439e-01
       126   -5.9221889650e+00    3.5128288873e+01   -9.7027546000e+00    3.7805656350e+00    7.7128597823e+00    7.0352107511e+00   -2.5252313964e+01    8.0148883099e-01    2.5187330000e+06    2.7006157595e+01    9.9996228128e-01
       127   -5.9251406067e+00    3.5153064817e+01   -9.6742855145e+00    3.7491449078e+00    7.7045195324e+00    7.0352107512e+00   -2.5178968446e+01    7.6495264777e-01    2.5147280000e+06    2.7657643455e+01    9.9996277045e-01
       128   -5.9240466646e+00    3.5140740206e+01   -9.6737503301e+00    3.7497036655e+00    7.7121774509e+00    7.0352107511e+00   -2.5191712252e+01    7.7057371944e-01    2.5071410000e+06    2.7102596163e+01    9.9996225773e-01
       129   -5.9240883182e+00    3.5144708180e+01   -9.6412312990e+00    3.7171429808e+00    7.7317378428e+00    7.0352107512e+00   -2.5258334730e+01    8.5015483755e-01    2.5171750000e+06    2.6633957287e+01    9.9996096940e-01
       130   -5.9277997457e+00    3.5186223311e+01   -9.7127868948e+00    3.7849871491e+00    7.7117864937e+00    7.0352107511e+00   -2.5287673171e+01    8.2788903106e-01    2.5148820000e+06    2.6905951560e+01    9.9996396218e-01
       131   -5.9196431167e+00    3.5093807053e+01   -9.6912646830e+00    3.7716215663e+00    7.7055448013e+00    7.0352107512e+00   -2.5210900633e+01    7.7888039780e-01    2.5139750000e+06    2.6842306631e+01    9.9996300594e-01
       132   -5.9228417777e+00    3.5126543931e+01   -9.6582126500e+00    3.7353708723e+00    7.6947594304e+00    7.0352107511e+00   -2.5199821926e+01    8.1163909450e-01    2.5076010000e+06    2.6583178772e+01    9.9996420705e-01
       133   -5.9241582993e+00    3.5142456905e+01   -9.6771870451e+00    3.7530287458e+00    7.6991040070e+00    7.0352107511e+00   -2.5188562108e+01    7.7706030447e-01    2.5317410000e+06    2.6939600609e+01    9.9996153733e-01
       134   -5.9238423635e+00    3.5137377433e+01   -9.6665992052e+00    3.7427568417e+00    7.6905738302e+00    7.0352107512e+00   -2.5151549929e+01    7.5916614264e-01    2.5138210000e+06    2.6683172951e+01    9.9996255653e-01
       135   -5.9231535445e+00    3.5131993106e+01   -9.6802184842e+00    3.7570649398e+00    7.6975977532e+00    7.0352107511e+00   -2.5218875768e+01    8.0584877954e-01    2.5174790000e+06    2.6810805378e+01    9.9996281123e-01
       136   -5.9247273242e+00    3.5148748659e+01   -9.6742866918e+00    3.7495593676e+00    7.7064546142e+00    7.0352107511e+00   -2.5242766656e+01    8.2681459872e-01    2.5111350000e+06    2.6885459116e+01    9.9996465716e-01
       137   -5.9223873391e+00    3.5120963997e+01   -9.6580400340e+00    3.7356526949e+00    7.6818567907e+00    7.0352107511e+00   -2.5152932318e+01    7.7782474176e-01    2.5258400000e+06    2.6645667465e+01    9.9996229137e-01
       138   -5.9217568232e+00    3.5110445172e+01   -9.6507949754e+00    3.7290381522e+00    7.6961289375e+00    7.0352107511e+00   -2.5147679126e+01    7.6554446151e-01    2.5135350000e+06    2.6719019009e+01    9.9996305169e-01
       139   -5.9240835256e+00    3.5141623870e+01   -9.6790713839e+00    3.7549878583e+00    7.7105113829e+00    7.0352107511e+00   -2.5203220381e+01    7.7842686276e-01    2.5121070000e+06    2.6861141584e+01    9.9996566752e-01
       140   -5.9245699700e+00    3.5149435286e+01   -9.7120266856e+00    3.7874567155e+00    7.7386424562e+00    7.0352107511e+00   -2.5299637601e+01    8.1375770799e-01    2.5220700000e+06    2.7357836366e+01    9.9996243040e-01
       141   -5.9216183354e+00    3.5111195986e+01   -9.7092515566e+00    3.7876332212e+00    7.7255364757e+00    7.0352107511e+00   -2.5272770649e+01    8.0277186553e-01    2.5267000000e+06    2.7835043047e+01    9.9996225231e-01
       142   -5.9195464173e+00    3.5088021245e+01   -9.7135144226e+00    3.7939680053e+00    7.7248168804e+00    7.0352107512e+00   -2.5262483262e+01    7.8894120805e-01    2.5190070000e+06    2.7414589573e+01    9.9996357863e-01
       143   -5.9229754718e+00    3.5129347495e+01   -9.6779483198e+00    3.7549728481e+00    7.6971830736e+00    7.0352107511e+00   -2.5202975688e+01    7.9263354392e-01    2.5098030000e+06    2.7138121439e+01    9.9996324258e-01
       144   -5.9207441831e+00    3.5097497444e+01   -9.6987055272e+00    3.7779613440e+00    7.6997997774e+00    7.0352107512e+00   -2.5224452997e+01    7.9073694094e-01    2.5209850000e+06    2.6815426411e+01    9.9996310868e-01
       145   -5.9251805656e+00    3.5156252130e+01   -9.7200942767e+00    3.7949137112e+00    7.6958148472e+00    7.0352107511e+00   -2.5230513640e+01    7.7939376473e-01    2.5138370000e+06    2.7281082728e+01    9.9996285420e-01
       146   -5.9260715420e+00    3.5164465407e+01   -9.6554815376e+00    3.7294099957e+00    7.6819059718e+00    7.0352107512e+00   -2.5146958037e+01    7.7435977606e-01    2.5127550000e+06    2.6781630289e+01    9.9996055056e-01
       147   -5.9278285861e+00    3.5185466517e+01   -9.6548683507e+00    3.7270397646e+00    7.6811746390e+00    7.0352107511e+00   -2.5159514417e+01    7.8826067598e-01    2.5291480000e+06    2.7039737030e+01    9.9996100379e-01
       148   -5.9260618665e+00    3.5167720620e+01   -9.6642670984e+00    3.7382052319e+00    7.6645402189e+00    7.0352107511e+00   -2.5136225102e+01    7.7220703349e-01    2.5285600000e+06    2.7266564743e+01    9.9996485069e-01
       149   -5.9267824551e+00    3.5169934863e+01   -9.6716387162e+00    3.7448562611e+00    7.6744384413e+00    7.0352107511e+00   -2.5140087192e+01    7.5879928344e-01    2.5218040000e+06    2.7093701768e+01    9.9996381583e-01
       150   -5.9250241567e+00    3.5151970644e+01   -9.6362228194e+00    3.7111986627e+00    7.6747654573e+00    7.0352107511e+00   -2.5116845071e+01    7.7064604322e-01    2.5195610000e+06    2.6722546725e+01    9.9996080801e-01
       151   -5.9259338673e+00    3.5162781317e+01   -9.6570113315e+00    3.7310774641e+00    7.6758583543e+00    7.0352107511e+00   -2.5129100622e+01    7.6102018526e-01    2.5105960000e+06    2.6469509318e+01    9.9996031779e-01
       152   -5.9245560988e+00    3.5146968259e+01   -9.6445260600e+00    3.7199699612e+00    7.6856790826e+00    7.0352107511e+00   -2.5138286521e+01    7.7287062748e-01    2.5125790000e+06    2.6849939075e+01    9.9996448015e-01
       153   -5.9289447645e+00    3.5198780348e+01   -9.6279753446e+00    3.6990305801e+00    7.7024954369e+00    7.0352107511e+00   -2.5130013643e+01    7.6433211022e-01    2.5200690000e+06    2.6909081094e+01    9.9996126200e-01
       154   -5.9271229391e+00    3.5177309495e+01   -9.7117724204e+00    3.7846494814e+00    7.7046268315e+00    7.0352107511e+00   -2.5257406275e+01    8.0579627201e-01    2.5269150000e+06    2.7003234114e+01    9.9996378944e-01
       155   -5.9258278337e+00    3.5162913245e+01   -9.7148999650e+00    3.7890721313e+00    7.6852929663e+00    7.0352107511e+00   -2.5232777464e+01    7.9737378172e-01    2.5276390000e+06    2.7592605664e+01    9.9996310716e-01
       156   -5.9269383815e+00    3.5174446390e+01   -9.6884207949e+00    3.7614824134e+00    7.7115692996e+00    7.0352107511e+00   -2.5227223191e+01    7.9202234530e-01    2.5254140000e+06    2.7082472194e+01    9.9996302595e-01
       157   -5.9250679138e+00    3.5151965078e+01   -9.6901582507e+00    3.7650903369e+00    7.7123572162e+00    7.0352107511e+00   -2.5193471620e+01    7.5574540229e-01    2.5271080000e+06    2.7218411935e+01    9.9996280289e-01
       158   -5.9304791283e+00    3.5217084878e+01   -9.6961932373e+00    3.7657141091e+00    7.7046756271e+00    7.0352107511e+00   -2.5207586008e+01    7.7150639296e-01    2.4999240000e+06    2.6838415537e+01    9.9996519890e-01
       159   -5.9289394731e+00    3.5200220060e+01   -9.6942813389e+00    3.7653418658e+00    7.7183608269e+00    7.0352107511e+00   -2.5224767238e+01    7.7691432062e-01    2.4959500000e+06    2.7313440977e+01    9.9996704615e-01
       160   -5.9221778921e+00    3.5120020454e+01   -9.7020954054e+00    3.7799175133e+00    7.7054220787e+00    7.0352107511e+00   -2.5200516063e+01    7.5778782796e-01    2.4978060000e+06    2.6507692208e+01    9.9996311782e-01
       161   -5.9243159138e+00    3.5143711848e+01   -9.7135267304e+00    3.7892108166e+00    7.7044576864e+00    7.0352107511e+00   -2.5249993150e+01    7.9679798238e-01    2.5210600000e+06    2.6987562386e+01    9.9996246571e-01
       162   -5.9254245493e+00    3.5154509915e+01   -9.7478737847e+00    3.8224492354e+00    7.6991205350e+00    7.0352107511e+00   -2.5243093845e+01    7.6088877436e-01    2.5300250000e+06    2.7105713471e+01    9.9996245565e-01
       163   -5.9218820466e+00    3.5117757359e+01   -9.6595148168e+00    3.7376327702e+00    7.6826780175e+00    7.0352107511e+00   -2.5158475914e+01    7.8107232895e-01    2.5277340000e+06    2.7352784106e+01    9.9996291129e-01
       164   -5.9257453804e+00    3.5158377668e+01   -9.6940015333e+00    3.7682561528e+00    7.6790795369e+00    7.0352107511e+00   -2.5194741826e+01    7.8645000419e-01    2.5214480000e+06    2.6820686504e+01    9.9996247406e-01
       165   -5.9264699830e+00    3.5173801237e+01   -9.6901188379e+00    3.7636488549e+00    7.6939443136e+00    7.0352107511e+00   -2.5261231173e+01    8.4195727068e-01    2.5138990000e+06    2.7005550593e+01    9.9996524623e-01
       166   -5.9240923036e+00    3.5138671049e+01   -9.7094376392e+00    3.7853453356e+00    7.6988761736e+00    7.0352107511e+00   -2.5238702058e+01    7.9517749422e-01    2.5029080000e+06    2.7613685873e+01    9.9996209129e-01
       167   -5.9256026547e+00    3.5158034932e+01   -9.7170469608e+00    3.7914443061e+00    7.6847164873e+00    7.0352107511e+00   -2.5225156798e+01    7.8818259884e-01    2.5083000000e+06    2.6826123738e+01    9.9996431464e-01
       168   -5.9242283850e+00    3.5144876942e+01   -9.6819452285e+00    3.7577168436e+00    7.6958401516e+00    7.0352107511e+00   -2.5166181857e+01    7.5318572564e-01    2.5285820000e+06    2.7398366020e+01    9.9996381364e-01
       169   -5.9250478134e+00    3.5152530732e+01   -9.7034332185e+00    3.7783854051e+00    7.7027554921e+00    7.0352107511e+00   -2.5212497736e+01    7.7109827411e-01    2.5368500000e+06    2.7490198576e+01    9.9996358419e-01
       170   -5.9257610863e+00    3.5159814521e+01   -9.7283595012e+00    3.8025984149e+00    7.7198036613e+00    7.0352107511e+00   -2.5268397505e+01    7.8502359133e-01    2.5374290000e+06    2.7406910516e+01    9.9996462855e-01
       171   -5.9233098542e+00    3.5130511732e+01   -9.6822545611e+00    3.7589447068e+00    7.6771317326e+00    7.0352107511e+00   -2.5172907590e+01    7.7831054537e-01    2.5229180000e+06    2.6803114306e+01    9.9996432772e-01
       172   -5.9251709413e+00    3.5152010251e+01   -9.6883644981e+00    3.7631935568e+00    7.6689463213e+00    7.0352107511e+00   -2.5153406769e+01    7.6088519816e-01    2.5120700000e+06    2.6584594185e+01    9.9996297931e-01
       173   -5.9283375444e+00    3.5191767610e+01   -9.6640680940e+00    3.7357305495e+00    7.6871556898e+00    7.0352107511e+00   -2.5172302169e+01    7.8586763451e-01    2.5163420000e+06    2.6803937212e+01    9.9996482726e-01
       174   -5.9249472159e+00    3.5152004711e+01   -9.6553408653e+00    3.7303936494e+00    7.6749632684e+00    7.0352107511e+00   -2.5149519862e+01    7.8400497673e-01    2.5221050000e+06    2.7077746897e+01    9.9996327332e-01
       175   -5.9275636987e+00    3.5179270800e+01   -9.6618315748e+00    3.7342678761e+00    7.6659803225e+00    7.0352107511e+00   -2.5133988228e+01    7.7096557938e-01    2.5329890000e+06    2.7194279069e+01    9.9996140994e-01
       176   -5.9285333442e+00    3.5194700774e+01   -9.6421879651e+00    3.7136546209e+00    7.6565478380e+00    7.0352107511e+00   -2.5104448015e+01    7.7050146048e-01    2.5093160000e+06    2.6474435737e+01    9.9996572802e-01
       177   -5.9290058890e+00    3.5198438070e+01   -9.6884690043e+00    3.7594631153e+00    7.6788932742e+00    7.0352107511e+00   -2.5180966496e+01    7.7839346681e-01    2.5053120000e+06    2.6716157516e+01    9.9996247786e-01
       178   -5.9284304655e+00    3.5196172117e+01   -9.7107672768e+00    3.7823368113e+00    7.6515816399e+00    7.0352107511e+00   -2.5152569552e+01    7.5500988396e-01    2.5308360000e+06    2.6895981200e+01    9.9996142364e-01
       179   -5.9253886690e+00    3.5154203934e+01   -9.6890701801e+00    3.7636815110e+00    7.6625685093e+00    7.0352107511e+00   -2.5187970141e+01    8.0112070094e-01    2.5429320000e+06    2.7826588243e+01    9.9996603475e-01
       180   -5.9246088634e+00    3.5149497992e+01   -9.6698017648e+00    3.7451929014e+00    7.6872320649e+00    7.0352107511e+00   -2.5202625675e+01    8.1038109433e-01    2.5321570000e+06    2.7324552659e+01    9.9996179182e-01
       181   -5.9259104430e+00    3.5161616200e+01   -9.6887560723e+00    3.7628456293e+00    7.6828147445e+00    7.0352107511e+00   -2.5197274330e+01    7.9049276239e-01    2.5277980000e+06    2.6868646194e+01    9.9996745986e-01
       182   -5.9244878842e+00    3.5147969422e+01   -9.7046897602e+00    3.7802018760e+00    7.6877518403e+00    7.0352107512e+00   -2.5227031587e+01    7.9937923592e-01    2.5288320000e+06    2.7318843920e+01    9.9996416310e-01
       183   -5.9269637680e+00    3.5175622370e+01   -9.7313721260e+00    3.8044083580e+00    7.6806420977e+00    7.0352107512e+00   -2.5218248203e+01    7.7102322813e-01    2.5156360000e+06    2.6654933201e+01    9.9996079550e-01
       184   -5.9282582833e+00    3.5193529382e+01   -9.6972004812e+00    3.7689421979e+00    7.6812086095e+00    7.0352107511e+00   -2.5187692344e+01    7.7407250251e-01    2.5051170000e+06    2.6690167429e+01    9.9996367390e-01
       185   -5.9259094220e+00    3.5160307107e+01   -9.6877988446e+00    3.7618894226e+00    7.6869466884e+00    7.0352107511e+00   -2.5159579569e+01    7.4962328497e-01    2.5181100000e+06    2.6940860098e+01    9.9996485293e-01
       186   -5.9292550291e+00    3.5205920332e+01   -9.6631186231e+00    3.7338635940e+00    7.6957551999e+00    7.0352107511e+00   -2.5152794650e+01    7.5871007575e-01    2.5373210000e+06    2.7315428396e+01    9.9996467706e-01
       187   -5.9209420290e+00    3.5103359824e+01   -9.6627957950e+00    3.7418537660e+00    7.6895894385e+00    7.0352107511e+00   -2.5180331273e+01    7.9273528853e-01    2.5287950000e+06    2.7179476718e+01    9.9996327675e-01
       188   -5.9233993325e+00    3.5135163609e+01   -9.6987441217e+00    3.7753447892e+00    7.6981340399e+00    7.0352107511e+00   -2.5206740911e+01    7.7465199838e-01    2.5082950000e+06    2.6718601005e+01    9.9996372062e-01
       189   -5.9219627472e+00    3.5114038114e+01   -9.6972728785e+00    3.7753101313e+00    7.6928866047e+00    7.0352107512e+00   -2.5226449443e+01    8.0107920888e-01    2.5133590000e+06    2.6975901974e+01    9.9996289751e-01
       190   -5.9217984988e+00    3.5113521968e+01   -9.6784402539e+00    3.7566417551e+00    7.7153677341e+00    7.0352107511e+00   -2.5221353832e+01    7.9233509284e-01    2.5133270000e+06    2.6830637331e+01    9.9996304791e-01
       191   -5.9226857936e+00    3.5124754430e+01   -9.6698167729e+00    3.7471309793e+00    7.7005032525e+00    7.0352107511e+00   -2.5191689007e+01    7.8615823054e-01    2.5062800000e+06    2.7158984651e+01    9.9996279540e-01
       192   -5.9258055841e+00    3.5163066754e+01   -9.7197515484e+00    3.7939459643e+00    7.7257889603e+00    7.0352107511e+00   -2.5274134350e+01    7.9338309063e-01    2.5121380000e+06    2.7410237868e+01    9.9996218490e-01
       193   -5.9260538935e+00    3.5163838060e+01   -9.7147962851e+00    3.7887423916e+00    7.7101023052e+00    7.0352107511e+00   -2.5241732947e+01    7.8162360530e-01    2.5180380000e+06    2.7490681643e+01    9.9996321717e-01
       194   -5.9293939466e+00    3.5206700959e+01   -9.7239065181e+00    3.7945125715e+00    7.7015369383e+00    7.0352107511e+00   -2.5235305438e+01    7.7465123051e-01    2.5361510000e+06    2.7620053989e+01    9.9996333066e-01
       195   -5.9282699590e+00    3.5190163124e+01   -9.6843237478e+00    3.7560537888e+00    7.6880773279e+00    7.0352107511e+00   -2.5203529840e+01    7.9591801316e-01    2.5252670000e+06    2.6836684336e+01    9.9996441209e-01
       196   -5.9257523347e+00    3.5162746609e+01   -9.7117383005e+00    3.7859859658e+00    7.7207266956e+00    7.0352107511e+00   -2.5276041606e+01    8.0836585869e-01    2.5249560000e+06    2.6941993198e+01    9.9996366404e-01
       197   -5.9216030332e+00    3.5112158444e+01   -9.6942348674e+00    3.7726318341e+00    7.6995144139e+00    7.0352107511e+00   -2.5200831199e+01    7.7187116611e-01    2.5035390000e+06    2.6859337766e+01    9.9996420071e-01
       198   -5.9251866012e+00    3.5154844722e+01   -9.7000407795e+00    3.7748541783e+00    7.6781314024e+00    7.0352107511e+00   -2.5207277096e+01    7.9389416301e-01    2.5299320000e+06    2.6701509214e+01    9.9996126253e-01
       199   -5.9220542493e+00    3.5118762377e+01   -9.7103988496e+00    3.7883446002e+00    7.7078797266e+00    7.0352107511e+00   -2.5245854909e+01    7.9236558206e-01    2.5299440000e+06    2.7175073720e+01    9.9996496846e-01
       200   -5.9224698938e+00    3.5126723120e+01   -9.7238311054e+00    3.8013612116e+00    7.7074929431e+00    7.0352107511e+00   -2.5287198060e+01    8.2066326035e-01    2.5058220000e+06    2.6878359804e+01    9.9996508211e-01
       201   -5.9234633508e+00    3.5137673847e+01   -9.6865725172e+00    3.7631091665e+00    7.6979101253e+00    7.0352107511e+00   -2.5212950676e+01    7.9325728197e-01    2.5140890000e+06    2.6984425477e+01    9.9996499883e-01
       202   -5.9247632455e+00    3.5145731876e+01   -9.6448915791e+00    3.7201283336e+00    7.6896328215e+00    7.0352107511e+00   -2.5134686734e+01    7.6495158249e-01    2.5121480000e+06    2.7000662417e+01    9.9996551678e-01
       203   -5.9240458253e+00    3.5140648675e+01   -9.6429372841e+00    3.7188914589e+00    7.6975554521e+00    7.0352107511e+00   -2.5153775055e+01    7.7807156768e-01    2.5226370000e+06    2.7256415341e+01    9.9996407339e-01
       204   -5.9243727118e+00    3.5145744969e+01   -9.6505645117e+00    3.7261917999e+00    7.6938466557e+00    7.0352107511e+00   -2.5160590714e+01    7.8096879511e-01    2.5381050000e+06    2.7154908912e+01    9.9996404670e-01
       205   -5.9241957723e+00    3.5138721316e+01   -9.6649635615e+00    3.7407677892e+00    7.6789413577e+00    7.0352107511e+00   -2.5149006625e+01    7.6989095434e-01    2.5349990000e+06    2.7390330757e+01    9.9996331345e-01
       206   -5.9239368095e+00    3.5140130687e+01   -9.6727430650e+00    3.7488062555e+00    7.6670970632e+00    7.0352107511e+00   -2.5147904626e+01    7.7285374667e-01    2.5269900000e+06    2.7447630108e+01    9.9996502815e-01
       207   -5.9250112849e+00    3.5152818905e+01   -9.6810199662e+00    3.7560086814e+00    7.6752818426e+00    7.0352107512e+00   -2.5186525201e+01    7.9501264099e-01    2.5185580000e+06    2.7073344094e+01    9.9996267740e-01
       208   -5.9266656236e+00    3.5172050008e+01   -9.7163489470e+00    3.7896833234e+00    7.6803077991e+00    7.0352107512e+00   -2.5221566513e+01    7.8969901552e-01    2.5201850000e+06    2.6709871653e+01    9.9996319625e-01
       209   -5.9247507600e+00    3.5150483801e+01   -9.7558871441e+00    3.8311363842e+00    7.6849097952e+00    7.0352107511e+00   -2.5235335482e+01    7.5932779189e-01    2.5172410000e+06    2.6691213940e+01    9.9996439537e-01
       210   -5.9226215277e+00    3.5122892704e+01   -9.7204923255e+00    3.7978707978e+00    7.6601307592e+00    7.0352107511e+00   -2.5184789880e+01    7.6895604459e-01    2.5223830000e+06    2.6755956707e+01    9.9996382388e-01
       211   -5.9259467549e+00    3.5161193027e+01   -9.6625775104e+00    3.7366307555e+00    7.6774878011e+00    7.0352107511e+00   -2.5162438122e+01    7.8716205943e-01    2.5239640000e+06    2.6779861099e+01    9.9996355079e-01
       212   -5.9266420853e+00    3.5170940533e+01   -9.6803991479e+00    3.7537570626e+00    7.6879718879e+00    7.0352107511e+00   -2.5186855160e+01    7.8327337291e-01    2.5065490000e+06    2.6411825843e+01    9.9996463993e-01
       213   -5.9259534775e+00    3.5164405690e+01   -9.6600718267e+00    3.7341183492e+00    7.7073962202e+00    7.0352107511e+00   -2.5164424916e+01    7.6174611799e-01    2.5297070000e+06    2.7190294132e+01    9.9996209749e-01
       214   -5.9248092384e+00    3.5149533184e+01   -9.6667306612e+00    3.7419214229e+00    7.6857110963e+00    7.0352107511e+00   -2.5147240671e+01    7.5958816244e-01    2.5246000000e+06    2.7486185610e+01    9.9996385578e-01
       215   -5.9244232999e+00    3.5151114632e+01   -9.6912357506e+00    3.7668124507e+00    7.6777204542e+00    7.0352107511e+00   -2.5189528215e+01    7.8536125945e-01    2.5295300000e+06    2.7290329807e+01    9.9996367912e-01
       216   -5.9249666574e+00    3.5151868499e+01   -9.7038869484e+00    3.7789202910e+00    7.6805830403e+00    7.0352107511e+00   -2.5191117467e+01    7.7143672683e-01    2.5180330000e+06    2.6980745369e+01    9.9996425668e-01
       217   -5.9282611846e+00    3.5191076247e+01   -9.6711574357e+00    3.7428962510e+00    7.6921863195e+00    7.0352107511e+00   -2.5170904270e+01    7.7234976348e-01    2.5215720000e+06    2.7578014732e+01    9.9995974637e-01
       218   -5.9256075607e+00    3.5156954329e+01   -9.6763959482e+00    3.7507883875e+00    7.6844939048e+00    7.0352107511e+00   -2.5169091214e+01    7.7299060945e-01    2.5245240000e+06    2.7129535645e+01    9.9996157840e-01
       219   -5.9293024899e+00    3.5208563300e+01   -9.6843908148e+00    3.7550883248e+00    7.6965116521e+00    7.0352107511e+00   -2.5204956435e+01    7.8884321743e-01    2.5206790000e+06    2.6689109817e+01    9.9996345148e-01
       220   -5.9297492096e+00    3.5206739369e+01   -9.6407026155e+00    3.7109534059e+00    7.6852849843e+00    7.0352107511e+00   -2.5138889227e+01    7.7769087567e-01    2.5330240000e+06    2.7123401163e+01    9.9996387734e-01
       221   -5.9287814202e+00    3.5199298717e+01   -9.6324308418e+00    3.7036494216e+00    7.6888994682e+00    7.0352107511e+00   -2.5142037782e+01    7.8549672103e-01    2.5311790000e+06    2.7386827620e+01    9.9996241835e-01
       222   -5.9275367117e+00    3.5186509385e+01   -9.6907978175e+00    3.7632611058e+00    7.6893568741e+00    7.0352107511e+00   -2.5179925535e+01    7.6456009247e-01    2.5310470000e+06    2.7595310157e+01    9.9996345341e-01
       223   -5.9274472156e+00    3.5180612495e+01   -9.7273444887e+00    3.7998972731e+00    7.7023054193e+00    7.0352107511e+00   -2.5237720308e+01    7.7285964892e-01    2.5406280000e+06    2.7721631468e+01    9.9996319579e-01
       224   -5.9262318304e+00    3.5169224113e+01   -9.7070590001e+00    3.7808271697e+00    7.7166652868e+00    7.0352107511e+00   -2.5250500756e+01    7.9156571798e-01    2.5393550000e+06    2.7381331380e+01    9.9996259005e-01
       225   -5.9280346542e+00    3.5194452966e+01   -9.7000919432e+00    3.7720572890e+00    7.7277668688e+00    7.0352107511e+00   -2.5244550351e+01    7.8148078766e-01    2.5515100000e+06    2.7468645071e+01    9.9996516655e-01
       226   -5.9268742933e+00    3.5176678664e+01   -9.7157568486e+00    3.7888825552e+00    7.7245925026e+00    7.0352107511e+00   -2.5288664291e+01    8.1310418870e-01    2.5504830000e+06    2.7431839703e+01    9.9996260513e-01
       227   -5.9301302569e+00    3.5217163597e+01   -9.7104065702e+00    3.7802763133e+00    7.6990321531e+00    7.0352107511e+00   -2.5237849051e+01    7.9319957680e-01    2.5522600000e+06    2.7952890954e+01    9.9996120853e-01
       228   -5.9256278752e+00    3.5160589960e+01   -9.6778947062e+00    3.7522668310e+00    7.6793720250e+00    7.0352107511e+00   -2.5181682556e+01    7.8920507334e-01    2.5383000000e+06    2.7527159831e+01    9.9996360857e-01
       229   -5.9261326788e+00    3.5165888188e+01   -9.6679062590e+00    3.7417735802e+00    7.6744917042e+00    7.0352107511e+00   -2.5164799361e+01    7.8719064633e-01    2.5268480000e+06    2.7418548737e+01    9.9996344218e-01
       230   -5.9274704050e+00    3.5182680427e+01   -9.6825155438e+00    3.7550451387e+00    7.6797708598e+00    7.0352107511e+00   -2.5179225380e+01    7.8172822578e-01    2.5202120000e+06    2.7074514675e+01    9.9996473485e-01
       231   -5.9285072603e+00    3.5198966889e+01   -9.6484068239e+00    3.7198995636e+00    7.6901991766e+00    7.0352107511e+00   -2.5163347336e+01    7.8953058461e-01    2.5293830000e+06    2.7319519983e+01    9.9996264129e-01
       232   -5.9248403354e+00    3.5151507237e+01   -9.6511610857e+00    3.7263207503e+00    7.6711508406e+00    7.0352107511e+00   -2.5096953607e+01    7.3943092989e-01    2.5169800000e+06    2.6642487068e+01    9.9996230500e-01
       233   -5.9255619112e+00    3.5167285575e+01   -9.6192553852e+00    3.6936934739e+00    7.6564845333e+00    7.0352107511e+00   -2.5108425840e+01    7.9747517035e-01    2.5314630000e+06    2.7417411166e+01    9.9996089090e-01
       234   -5.9252224035e+00    3.5153731342e+01   -9.6248331898e+00    3.6996107863e+00    7.6826849442e+00    7.0352107511e+00   -2.5166554045e+01    8.2382516020e-01    2.5408250000e+06    2.7039203641e+01    9.9996334945e-01
       235   -5.9245582527e+00    3.5146211169e+01   -9.6887036243e+00    3.7641453716e+00    7.6878144890e+00    7.0352107511e+00   -2.5179423878e+01    7.6769501391e-01    2.5131110000e+06    2.6836817740e+01    9.9996338928e-01
       236   -5.9226616647e+00    3.5128461139e+01   -9.6746222253e+00    3.7519605605e+00    7.6860112259e+00    7.0352107511e+00   -2.5218458937e+01    8.2261473462e-01    2.4877930000e+06    2.6427932027e+01    9.9996110840e-01
       237   -5.9234164958e+00    3.5132724160e+01   -9.6266710887e+00    3.7032545929e+00    7.6864586424e+00    7.0352107511e+00   -2.5147070360e+01    7.9872987782e-01    2.4866490000e+06    2.6407430596e+01    9.9996450670e-01
       238   -5.9289578881e+00    3.5200918224e+01   -9.6639952627e+00    3.7350373746e+00    7.6915535849e+00    7.0352107511e+00   -2.5181585355e+01    7.9082575632e-01    2.4918790000e+06    2.6662565101e+01    9.9996247961e-01
       239   -5.9278613605e+00    3.5186794568e+01   -9.6723886484e+00    3.7445272879e+00    7.7003933568e+00    7.0352107511e+00   -2.5179448006e+01    7.7145524956e-01    2.5146010000e+06    2.7267837875e+01    9.9996525151e-01
       240   -5.9301381886e+00    3.5213576137e+01   -9.6678623217e+00    3.7377241331e+00    7.6794803979e+00    7.0352107511e+00   -2.5182910208e+01    8.0035673688e-01    2.5497730000e+06    2.7933347306e+01    9.9996308477e-01
       241   -5.9255313077e+00    3.5156637139e+01   -9.6554180815e+00    3.7298867738e+00    7.6662075404e+00    7.0352107511e+00   -2.5127134272e+01    7.7029789877e-01    2.5276710000e+06    2.6760457896e+01    9.9996350278e-01
       242   -5.9265093485e+00    3.5169242634e+01   -9.7067643494e+00    3.7802550009e+00    7.6800557600e+00    7.0352107511e+00   -2.5195263168e+01    7.7323230794e-01    2.5152290000e+06    2.6700572864e+01    9.9996332453e-01
       243   -5.9262475352e+00    3.5162467223e+01   -9.7143335668e+00    3.7880860316e+00    7.6650089146e+00    7.0352107511e+00   -2.5150139819e+01    7.3558658636e-01    2.5038100000e+06    2.6524646869e+01    9.9996220746e-01
       244   -5.9247200060e+00    3.5147323836e+01   -9.6863896590e+00    3.7616696530e+00    7.6854310106e+00    7.0352107512e+00   -2.5182606953e+01    7.7557553270e-01    2.5120590000e+06    2.6438434983e+01    9.9996158527e-01
       245   -5.9268393939e+00    3.5172692967e+01   -9.7326558574e+00    3.8058164636e+00    7.7129914826e+00    7.0352107511e+00   -2.5243216906e+01    7.6235881531e-01    2.5145650000e+06    2.7281511585e+01    9.9996102678e-01
       246   -5.9251008693e+00    3.5151086966e+01   -9.6878059173e+00    3.7627050479e+00    7.6676814120e+00    7.0352107511e+00   -2.5168345634e+01    7.7764755345e-01    2.5104530000e+06    2.7013053779e+01    9.9996415130e-01
       247   -5.9244736304e+00    3.5147520612e+01   -9.6987401892e+00    3.7742665587e+00    7.6776236053e+00    7.0352107511e+00   -2.5171850231e+01    7.6027568519e-01    2.5261080000e+06    2.7112541816e+01    9.9996105653e-01
       248   -5.9237261217e+00    3.5137339055e+01   -9.6952948509e+00    3.7715687292e+00    7.6860983358e+00    7.0352107511e+00   -2.5200004939e+01    7.8340100160e-01    2.5325910000e+06    2.7011822219e+01    9.9996174807e-01
       249   -5.9209940093e+00    3.5105695475e+01   -9.7037188728e+00    3.7827248636e+00    7.7085582828e+00    7.0352107511e+00   -2.5195661129e+01    7.4817322240e-01    2.5180990000e+06    2.7076190338e+01    9.9996346558e-01
       250   -5.9233150226e+00    3.5131086442e+01   -9.6758236908e+00    3.7525086682e+00    7.7009041481e+00    7.0352107511e+00   -2.5185161411e+01    7.7322282106e-01    2.5179200000e+06    2.6956612840e+01    9.9996366148e-01
       251   -5.9270486174e+00    3.5175298491e+01   -9.7011332467e+00    3.7740846292e+00    7.6718653447e+00    7.0352107511e+00   -2.5167412767e+01    7.5920342462e-01    2.5174710000e+06    2.6895538818e+01    9.9996141946e-01
       252   -5.9235480028e+00    3.5133013154e+01   -9.6791713544e+00    3.7556233516e+00    7.6748719841e+00    7.0352107511e+00   -2.5165283156e+01    7.7602906664e-01    2.5093710000e+06    2.6862866392e+01    9.9996234117e-01
       253   -5.9269868583e+00    3.5172419724e+01   -9.6890554741e+00    3.7620686158e+00    7.6682171671e+00    7.0352107512e+00   -2.5173904057e+01    7.8142066490e-01    2.5165200000e+06    2.6488579507e+01    9.9996637281e-01
       254   -5.9251044502e+00    3.5163536295e+01   -9.6366817224e+00    3.7115772722e+00    7.6893357852e+00    7.0352107511e+00   -2.5132204718e+01    7.7097645915e-01    2.5209260000e+06    2.7005191462e+01    9.9996514136e-01
       255   -5.9219671553e+00    3.5114291757e+01   -9.6734155482e+00    3.7514483929e+00    7.7106885559e+00    7.0352107511e+00   -2.5210012143e+01    7.9069728789e-01    2.5144390000e+06    2.6785568935e+01    9.9996584719e-01
       256   -5.9199609823e+00    3.5093405614e+01   -9.7090362806e+00    3.7890752983e+00    7.7246111653e+00    7.0352107511e+00   -2.5266225781e+01    7.9736758398e-01    2.5198420000e+06    2.7072910753e+01    9.9996463160e-01
       257   -5.9250938275e+00    3.5153845783e+01   -9.7063568542e+00    3.7812630267e+00    7.7216829800e+00    7.0352107511e+00   -2.5253377198e+01    7.9012661282e-01    2.5173230000e+06    2.6960943250e+01    9.9996414828e-01
