#   index    LocalEnergy         LocalEnergy_sq      LocalPotential      Kinetic             ElecElec            IonIon              LocalECP            NonLocalECP         BlockWeight         BlockCPU            AcceptRatio         
         0   -6.2845045772e+00    3.9521759346e+01   -1.0178254469e+01    3.8937498922e+00    8.5068518188e+00    7.0352107511e+00   -2.6529495479e+01    8.0917843969e-01    3.3600000000e+02    8.6060686534e-03    5.4097470238e-01
         1   -6.2783141964e+00    3.9441483816e+01   -1.0277718291e+01    3.9994040949e+00    8.3772320062e+00    7.0352107511e+00   -2.6422011597e+01    7.3185054801e-01    3.3600000000e+02    8.4317110547e-03    5.4223958333e-01
         2   -6.2910835975e+00    3.9611933997e+01   -1.0214858294e+01    3.9237746964e+00    8.4043322589e+00    7.0352107511e+00   -2.6473623181e+01    8.1922187667e-01    3.3600000000e+02    8.3865009940e-03    5.4273065476e-01
         3   -6.2772510566e+00    3.9436229691e+01   -1.0273546919e+01    3.9962958623e+00    8.5496297699e+00    7.0352107511e+00   -2.6500026692e+01    6.4163925223e-01    3.3600000000e+02    8.4250900213e-03    5.4429315476e-01
         4   -6.2607441443e+00    3.9231152300e+01   -1.0170714925e+01    3.9099707811e+00    8.4153726989e+00    7.0352107511e+00   -2.6413275056e+01    7.9197668090e-01    3.3600000000e+02    8.3983452260e-03    5.4251488095e-01
         5   -6.2665931793e+00    3.9305012023e+01   -1.0427635560e+01    4.1610423810e+00    8.4195408331e+00    7.0352107511e+00   -2.6653773501e+01    7.7138635669e-01    3.3600000000e+02    8.4461762453e-03    5.4208333333e-01
         6   -6.2669879050e+00    3.9321137632e+01   -1.0421941786e+01    4.1549538813e+00    8.4197241402e+00    7.0352107511e+00   -2.6635482111e+01    7.5860543335e-01    3.3600000000e+02    8.4170355355e-03    5.4054315476e-01
         7   -6.2746349685e+00    3.9397717123e+01   -1.0169361394e+01    3.8947264260e+00    8.6060289512e+00    7.0352107511e+00   -2.6590341653e+01    7.7974055609e-01    3.3600000000e+02    8.4095423656e-03    5.4180059524e-01
         8   -6.2646415714e+00    3.9295925072e+01   -1.0363345626e+01    4.0987040547e+00    8.5059936756e+00    7.0352107511e+00   -2.6679949868e+01    7.7539981504e-01    3.3600000000e+02    8.4532663487e-03    5.4377232143e-01
         9   -6.2639548814e+00    3.9278185778e+01   -1.0162967653e+01    3.8990127720e+00    8.4838341504e+00    7.0352107511e+00   -2.6547554338e+01    8.6554178355e-01    3.3600000000e+02    8.4367579742e-03    5.4202380952e-01
        10   -6.2753317349e+00    3.9414893218e+01   -1.0189602718e+01    3.9142709828e+00    8.3083313711e+00    7.0352107511e+00   -2.6201291939e+01    6.6814709934e-01    3.3600000000e+02    8.4228534660e-03    5.4136904762e-01
        11   -6.2858642915e+00    3.9544221023e+01   -1.0326892218e+01    4.0410279270e+00    8.4115814881e+00    7.0352107511e+00   -2.6497575413e+01    7.2389095553e-01    3.3600000000e+02    8.3698731940e-03    5.4056547619e-01
        12   -6.2843681637e+00    3.9519767816e+01   -1.0201208650e+01    3.9168404866e+00    8.4837144699e+00    7.0352107511e+00   -2.6462681145e+01    7.4254727358e-01    3.3600000000e+02    8.4312913975e-03    5.4070684524e-01
        13   -6.2589907569e+00    3.9214606443e+01   -9.9814754679e+00    3.7224847110e+00    8.5356857457e+00    7.0352107511e+00   -2.6567938836e+01    1.0155668714e+00    3.3600000000e+02    8.4295494494e-03    5.4386160714e-01
        14   -6.2789171308e+00    3.9453200101e+01   -1.0256650935e+01    3.9777338043e+00    8.4679514306e+00    7.0352107511e+00   -2.6464408431e+01    7.0459531397e-01    3.3600000000e+02    8.4454557863e-03    5.4200148810e-01
        15   -6.2581714906e+00    3.9204147240e+01   -1.0069076492e+01    3.8109050010e+00    8.4142929506e+00    7.0352107511e+00   -2.6469068366e+01    9.5048817313e-01    3.3600000000e+02    8.4021251186e-03    5.4389136905e-01
        16   -6.2469011671e+00    3.9072306041e+01   -1.0312097745e+01    4.0651965784e+00    8.4995837659e+00    7.0352107511e+00   -2.6685165716e+01    8.3827345336e-01    3.3600000000e+02    8.4054352517e-03    5.4411458333e-01
        17   -6.2656395029e+00    3.9300397841e+01   -1.0391558643e+01    4.1259191403e+00    8.3716724271e+00    7.0352107511e+00   -2.6577747788e+01    7.7930596635e-01    3.3600000000e+02    8.3951356300e-03    5.4138392857e-01
        18   -6.2945566333e+00    3.9643826656e+01   -1.0297786627e+01    4.0032299933e+00    8.4086507079e+00    7.0352107511e+00   -2.6405421888e+01    6.6377380284e-01    3.3600000000e+02    8.4357284719e-03    5.4255208333e-01
        19   -6.2797541159e+00    3.9467440258e+01   -1.0465843899e+01    4.1860897830e+00    8.4559711883e+00    7.0352107511e+00   -2.6707305053e+01    7.5027921428e-01    3.3600000000e+02    8.4417390109e-03    5.4076636905e-01
        20   -6.2651792524e+00    3.9289953388e+01   -1.0035706448e+01    3.7705271952e+00    8.3909998595e+00    7.0352107511e+00   -2.6263665642e+01    8.0174858396e-01    3.3600000000e+02    8.4164526065e-03    5.4002976190e-01
        21   -6.2804810546e+00    3.9476737640e+01   -1.0263229435e+01    3.9827483807e+00    8.3650954351e+00    7.0352107511e+00   -2.6426012746e+01    7.6247712496e-01    3.3600000000e+02    8.4386886059e-03    5.4238095238e-01
        22   -6.2587782190e+00    3.9213948249e+01   -1.0371062209e+01    4.1122839903e+00    8.4421570967e+00    7.0352107511e+00   -2.6604412838e+01    7.5598278126e-01    3.3600000000e+02    8.3718233911e-03    5.4074404762e-01
        23   -6.2671032946e+00    3.9307555468e+01   -9.8751381114e+00    3.6080348168e+00    8.3315615389e+00    7.0352107511e+00   -2.6050981985e+01    8.0907158384e-01    3.3600000000e+02    8.3713429284e-03    5.4317708333e-01
        24   -6.2689549516e+00    3.9321601452e+01   -1.0386833802e+01    4.1178788501e+00    8.3358890821e+00    7.0352107511e+00   -2.6402786297e+01    6.4485266237e-01    3.3600000000e+02    8.4051050210e-03    5.4059523810e-01
        25   -6.2683010777e+00    3.9314181238e+01   -1.0227317147e+01    3.9590160692e+00    8.3690066615e+00    7.0352107511e+00   -2.6356175025e+01    7.2464046559e-01    3.3600000000e+02    8.3953284186e-03    5.4042410714e-01
        26   -6.2508490983e+00    3.9116843911e+01   -1.0089678997e+01    3.8388298989e+00    8.4508302274e+00    7.0352107511e+00   -2.6486441953e+01    9.1072197687e-01    3.3600000000e+02    8.4155739785e-03    5.4275297619e-01
        27   -6.2805179869e+00    3.9465992611e+01   -1.0259004705e+01    3.9784867184e+00    8.4453136612e+00    7.0352107511e+00   -2.6411513088e+01    6.7198397076e-01    3.3600000000e+02    8.4449519303e-03    5.4136160714e-01
        28   -6.2494161746e+00    3.9094011982e+01   -1.0353755003e+01    4.1043388282e+00    8.4069344478e+00    7.0352107511e+00   -2.6686167962e+01    8.9026776047e-01    3.3600000000e+02    8.4331543289e-03    5.4340029762e-01
        29   -6.2859389996e+00    3.9544829414e+01   -1.0151169492e+01    3.8652304928e+00    8.4276758678e+00    7.0352107511e+00   -2.6361854312e+01    7.4779820041e-01    3.3600000000e+02    8.4441878689e-03    5.4248511905e-01
        30   -6.3302762005e+00    4.1551913112e+01   -9.8900665583e+00    3.5597903578e+00    8.4099992985e+00    7.0352107511e+00   -2.6483157206e+01    1.1478805984e+00    3.3600000000e+02    8.4125195696e-03    5.4232886905e-01
        31   -6.2823745784e+00    3.9502449388e+01   -1.0012744237e+01    3.7303696588e+00    8.4264431300e+00    7.0352107511e+00   -2.6267477590e+01    7.9307947163e-01    3.3600000000e+02    8.3753714813e-03    5.3943452381e-01
        32   -6.2451397233e+00    3.9066465845e+01   -1.0230028205e+01    3.9848884816e+00    8.3380027359e+00    7.0352107511e+00   -2.6476968278e+01    8.7372658559e-01    3.3600000000e+02    8.4104725192e-03    5.4359375000e-01
        33   -6.2632141317e+00    3.9258542375e+01   -1.0288624659e+01    4.0254105275e+00    8.4379574884e+00    7.0352107511e+00   -2.6513818483e+01    7.5202558383e-01    3.3600000000e+02    8.4223598623e-03    5.4232142857e-01
        34   -6.2494994861e+00    3.9104432831e+01   -1.0055010069e+01    3.8055105827e+00    8.4010829467e+00    7.0352107511e+00   -2.6505541490e+01    1.0142377239e+00    3.3600000000e+02    8.4172073499e-03    5.4210565476e-01
        35   -6.2821363374e+00    3.9494996047e+01   -1.0197177311e+01    3.9150409735e+00    8.4382224991e+00    7.0352107511e+00   -2.6380002351e+01    7.0939178948e-01    3.3600000000e+02    8.4210970034e-03    5.4467261905e-01
        36   -6.2705602270e+00    3.9362778366e+01   -1.0225424253e+01    3.9548640264e+00    8.4851869443e+00    7.0352107511e+00   -2.6638838629e+01    8.9301668004e-01    3.3600000000e+02    8.3787659158e-03    5.4252232143e-01
        37   -6.2653964003e+00    3.9283103334e+01   -1.0300532159e+01    4.0351357592e+00    8.4270923404e+00    7.0352107511e+00   -2.6559612115e+01    7.9677686440e-01    3.3600000000e+02    8.4243843920e-03    5.4270089286e-01
        38   -6.2572563266e+00    3.9188396829e+01   -1.0143652553e+01    3.8863962268e+00    8.3083140148e+00    7.0352107511e+00   -2.6211921567e+01    7.2474424817e-01    3.3600000000e+02    8.3525669733e-03    5.4167410714e-01
        39   -6.2817504748e+00    3.9487619477e+01   -1.0205369826e+01    3.9236193512e+00    8.4361840150e+00    7.0352107511e+00   -2.6320103256e+01    6.4333866380e-01    3.3600000000e+02    8.3315096105e-03    5.4190476190e-01
        40   -6.2724649316e+00    3.9372988182e+01   -1.0436745440e+01    4.1642805087e+00    8.4804954193e+00    7.0352107511e+00   -2.6709326331e+01    7.5687472017e-01    3.3600000000e+02    8.4405211334e-03    5.4066964286e-01
        41   -6.2604012637e+00    3.9236968636e+01   -1.0446498721e+01    4.1860974568e+00    8.4223644417e+00    7.0352107511e+00   -2.6656277444e+01    7.5220353032e-01    3.3600000000e+02    8.3989827544e-03    5.4183035714e-01
        42   -6.2671004551e+00    3.9303753311e+01   -1.0000684026e+01    3.7335835712e+00    8.4240712954e+00    7.0352107511e+00   -2.6117471348e+01    6.5750527535e-01    3.3600000000e+02    8.4015773346e-03    5.4281250000e-01
        43   -6.2759487837e+00    3.9425496496e+01   -1.0122123923e+01    3.8461751394e+00    8.3913237988e+00    7.0352107511e+00   -2.6372200221e+01    8.2354174754e-01    3.3600000000e+02    8.4014500137e-03    5.3994047619e-01
        44   -6.2802468889e+00    3.9471304277e+01   -1.0283139289e+01    4.0028923997e+00    8.3469716891e+00    7.0352107511e+00   -2.6345534583e+01    6.8021285429e-01    3.3600000000e+02    8.3815835387e-03    5.4218005952e-01
        45   -6.2842098219e+00    3.9521546016e+01   -1.0422121269e+01    4.1379114470e+00    8.3493197327e+00    7.0352107511e+00   -2.6373219989e+01    5.6656823636e-01    3.3600000000e+02    8.3967807233e-03    5.4253720238e-01
        46   -6.2600501791e+00    3.9227526585e+01   -1.0173303203e+01    3.9132530239e+00    8.4936208668e+00    7.0352107511e+00   -2.6557543823e+01    8.5540900251e-01    3.3600000000e+02    8.4567351566e-03    5.4220238095e-01
        47   -6.2761116458e+00    3.9407785871e+01   -1.0290128173e+01    4.0140165269e+00    8.3642643610e+00    7.0352107511e+00   -2.6287630663e+01    5.9802737763e-01    3.3600000000e+02    8.3986348978e-03    5.4158482143e-01
        48   -6.2549834259e+00    3.9182453707e+01   -1.0128567061e+01    3.8735836356e+00    8.5097158769e+00    7.0352107511e+00   -2.6604226482e+01    9.3073279229e-01    3.3600000000e+02    8.4296170147e-03    5.4336309524e-01
        49   -6.2842307571e+00    3.9514506893e+01   -1.0010932903e+01    3.7267021461e+00    8.3824768843e+00    7.0352107511e+00   -2.6050975372e+01    6.2235483360e-01    3.3600000000e+02    8.3887695849e-03    5.4311755952e-01
        50   -6.2555438213e+00    3.9243564622e+01   -1.0043040822e+01    3.7874970004e+00    8.3778704620e+00    7.0352107511e+00   -2.6447571444e+01    9.9144940895e-01    3.3600000000e+02    8.4302170878e-03    5.4437500000e-01
        51   -6.2650878862e+00    3.9282741568e+01   -1.0340875724e+01    4.0757878381e+00    8.3578181719e+00    7.0352107511e+00   -2.6489074646e+01    7.5516999821e-01    3.3600000000e+02    8.3908661569e-03    5.4063988095e-01
        52   -6.2702827373e+00    3.9357506604e+01   -1.0229804492e+01    3.9595217549e+00    8.4777172149e+00    7.0352107511e+00   -2.6580939022e+01    8.3820656410e-01    3.3600000000e+02    8.3930729743e-03    5.4239583333e-01
        53   -6.2743137920e+00    3.9401523062e+01   -1.0028899535e+01    3.7545857433e+00    8.3897794967e+00    7.0352107511e+00   -2.6149434804e+01    6.9554502054e-01    3.3600000000e+02    8.4107935275e-03    5.4372023810e-01
        54   -6.2755212520e+00    3.9414019575e+01   -1.0584868559e+01    4.3093473072e+00    8.4506438162e+00    7.0352107511e+00   -2.6691532589e+01    6.2080946283e-01    3.3600000000e+02    8.4286549695e-03    5.4315476190e-01
        55   -6.2748534046e+00    3.9401491172e+01   -1.0155996629e+01    3.8811432248e+00    8.4693053856e+00    7.0352107511e+00   -2.6423909776e+01    7.6339700995e-01    3.3600000000e+02    8.3951967383e-03    5.4095982143e-01
        56   -6.2658945688e+00    3.9294052358e+01   -1.0169041761e+01    3.9031471922e+00    8.3891090504e+00    7.0352107511e+00   -2.6409486703e+01    8.1612514001e-01    3.3600000000e+02    8.4207404877e-03    5.4427083333e-01
        57   -6.2633157901e+00    3.9263326286e+01   -1.0367338844e+01    4.1040230536e+00    8.5163870906e+00    7.0352107511e+00   -2.6676223627e+01    7.5728694152e-01    3.3600000000e+02    8.4412630302e-03    5.4456845238e-01
        58   -6.2799579487e+00    3.9472273369e+01   -1.0188277961e+01    3.9083200119e+00    8.4578438486e+00    7.0352107511e+00   -2.6374893646e+01    6.9356108591e-01    3.3600000000e+02    8.3934136700e-03    5.4021577381e-01
        59   -6.2738404369e+00    3.9391316943e+01   -1.0262538457e+01    3.9886980200e+00    8.4604510464e+00    7.0352107511e+00   -2.6490118272e+01    7.3191801730e-01    3.3600000000e+02    8.4270377064e-03    5.4404761905e-01
        60   -6.2824107458e+00    3.9495327025e+01   -1.0197438316e+01    3.9150275707e+00    8.4614425697e+00    7.0352107511e+00   -2.6253903820e+01    5.5981218240e-01    3.3600000000e+02    8.4502392641e-03    5.4401041667e-01
        61   -6.2687994729e+00    3.9324445705e+01   -1.0657920435e+01    4.3891209621e+00    8.4228501229e+00    7.0352107511e+00   -2.6720280037e+01    6.0429872819e-01    3.3600000000e+02    8.4410795146e-03    5.4113095238e-01
        62   -6.2658187271e+00    3.9295283969e+01   -1.0036547950e+01    3.7707292227e+00    8.4453852051e+00    7.0352107511e+00   -2.6441287359e+01    9.2414345254e-01    3.3600000000e+02    8.4155205709e-03    5.4169642857e-01
        63   -6.2711431458e+00    3.9353741944e+01   -1.0269046495e+01    3.9979033497e+00    8.4492102795e+00    7.0352107511e+00   -2.6541480953e+01    7.8801342688e-01    3.3600000000e+02    8.4221668069e-03    5.4425595238e-01
        64   -6.2898442689e+00    3.9591254050e+01   -1.0240513885e+01    3.9506696157e+00    8.4228892268e+00    7.0352107511e+00   -2.6427292503e+01    7.2867864044e-01    3.3600000000e+02    8.4037685724e-03    5.4354910714e-01
        65   -6.2631778069e+00    3.9262671892e+01   -1.0199452003e+01    3.9362741959e+00    8.4006905432e+00    7.0352107511e+00   -2.6373204202e+01    7.3785090507e-01    3.3600000000e+02    8.3930506572e-03    5.4229166667e-01
        66   -6.2890622221e+00    3.9579963463e+01   -1.0047893572e+01    3.7588313499e+00    8.4111361962e+00    7.0352107511e+00   -2.6222333153e+01    7.2809263405e-01    3.3600000000e+02    8.4106496499e-03    5.4252976190e-01
        67   -6.2746751966e+00    3.9401812389e+01   -1.0298821205e+01    4.0241460087e+00    8.4727574432e+00    7.0352107511e+00   -2.6423713802e+01    6.1692440224e-01    3.3600000000e+02    8.4055369031e-03    5.4030505952e-01
        68   -6.2912568363e+00    3.9598430729e+01   -1.0347069618e+01    4.0558127820e+00    8.3631829428e+00    7.0352107511e+00   -2.6509053340e+01    7.6359002771e-01    3.3600000000e+02    8.4089565401e-03    5.4157738095e-01
        69   -6.2796489027e+00    3.9460381315e+01   -9.9743546027e+00    3.6947057000e+00    8.3519636271e+00    7.0352107511e+00   -2.6000496200e+01    6.3896721890e-01    3.3600000000e+02    8.3531760992e-03    5.4094494048e-01
        70   -6.2667739738e+00    3.9315961534e+01   -1.0289203125e+01    4.0224291511e+00    8.4936974994e+00    7.0352107511e+00   -2.6539878144e+01    7.2176676870e-01    3.3600000000e+02    8.4081130002e-03    5.4192708333e-01
        71   -6.2682744010e+00    3.9317494478e+01   -1.0117325139e+01    3.8490507378e+00    8.2712857034e+00    7.0352107511e+00   -2.6077904490e+01    6.5408289633e-01    3.3600000000e+02    8.4485722535e-03    5.4151785714e-01
        72   -6.2677747187e+00    3.9322913382e+01   -1.0204351849e+01    3.9365771300e+00    8.5182320295e+00    7.0352107511e+00   -2.6551826135e+01    7.9403150619e-01    3.3600000000e+02    8.4115563895e-03    5.3971726190e-01
        73   -6.2808437283e+00    3.9474290815e+01   -1.0175822020e+01    3.8949782921e+00    8.3608629001e+00    7.0352107511e+00   -2.6197392146e+01    6.2549647451e-01    3.3600000000e+02    8.3446591404e-03    5.4092261905e-01
        74   -6.2632799831e+00    3.9267290781e+01   -1.0192103144e+01    3.9288231614e+00    8.4501088391e+00    7.0352107511e+00   -2.6433658935e+01    7.5623619992e-01    3.3600000000e+02    8.4019775642e-03    5.4249255952e-01
        75   -6.2706612253e+00    3.9350683554e+01   -1.0214928472e+01    3.9442672468e+00    8.3687012703e+00    7.0352107511e+00   -2.6372949727e+01    7.5410923314e-01    3.3600000000e+02    8.4271300882e-03    5.4211309524e-01
        76   -6.2698402735e+00    3.9345183342e+01   -1.0101079950e+01    3.8312396765e+00    8.3731534187e+00    7.0352107511e+00   -2.6262864439e+01    7.5342031908e-01    3.3600000000e+02    8.4220374279e-03    5.4334077381e-01
        77   -6.2759357539e+00    3.9416735372e+01   -1.0270993535e+01    3.9950577813e+00    8.3752602099e+00    7.0352107511e+00   -2.6500811772e+01    8.1934727575e-01    3.3600000000e+02    8.3937434545e-03    5.4233630952e-01
        78   -6.2676329448e+00    3.9312002702e+01   -1.0357900287e+01    4.0902673424e+00    8.4974017528e+00    7.0352107511e+00   -2.6507742976e+01    6.1723018449e-01    3.3600000000e+02    8.4432779833e-03    5.4093005952e-01
        79   -6.2647219205e+00    3.9285649934e+01   -1.0226806216e+01    3.9620842955e+00    8.4899357591e+00    7.0352107511e+00   -2.6517196716e+01    7.6524399020e-01    3.3600000000e+02    8.4137918082e-03    5.4050595238e-01
        80   -6.2591206116e+00    3.9206595888e+01   -1.0301662517e+01    4.0425419051e+00    8.4996544869e+00    7.0352107511e+00   -2.6524326704e+01    6.8779894900e-01    3.3600000000e+02    8.4281984559e-03    5.4380208333e-01
        81   -6.2639196156e+00    3.9274529654e+01   -1.0268235602e+01    4.0043159861e+00    8.3558926724e+00    7.0352107511e+00   -2.6605601264e+01    9.4626223887e-01    3.3600000000e+02    8.3589731900e-03    5.4026785714e-01
        82   -6.2661666726e+00    3.9349742911e+01   -1.0301235808e+01    4.0350691350e+00    8.4311082523e+00    7.0352107511e+00   -2.6472207397e+01    7.0465258649e-01    3.3600000000e+02    8.4166287263e-03    5.4317708333e-01
        83   -6.2657944139e+00    3.9290485332e+01   -1.0070598462e+01    3.8048040483e+00    8.3835061876e+00    7.0352107511e+00   -2.6151390366e+01    6.6207496483e-01    3.3600000000e+02    8.4203447761e-03    5.4055059524e-01
        84   -6.2531130924e+00    3.9141840883e+01   -1.0195421047e+01    3.9423079548e+00    8.4654037620e+00    7.0352107511e+00   -2.6517754049e+01    8.2171848827e-01    3.3600000000e+02    8.4628612156e-03    5.4523065476e-01
        85   -6.2807755186e+00    3.9475667208e+01   -1.0505875581e+01    4.2251000624e+00    8.5255543932e+00    7.0352107511e+00   -2.6745914297e+01    6.7927357139e-01    3.3600000000e+02    8.3941275585e-03    5.3920386905e-01
        86   -6.2569716918e+00    3.9178527822e+01   -1.0327177876e+01    4.0702061845e+00    8.3701768446e+00    7.0352107511e+00   -2.6342271163e+01    6.0970569069e-01    3.3600000000e+02    8.4340014853e-03    5.4366815476e-01
        87   -6.2672876788e+00    3.9313338271e+01   -1.0066153173e+01    3.7988654945e+00    8.4653551026e+00    7.0352107511e+00   -2.6405543511e+01    8.3882448360e-01    3.3600000000e+02    8.4163635246e-03    5.4313988095e-01
        88   -6.2660426971e+00    3.9311985396e+01   -1.0266319657e+01    4.0002769596e+00    8.5867077624e+00    7.0352107511e+00   -2.6580678848e+01    6.9244067800e-01    3.3600000000e+02    8.4229377521e-03    5.4072916667e-01
        89   -6.2733798867e+00    3.9381676468e+01   -1.0456060028e+01    4.1826801414e+00    8.3732364848e+00    7.0352107511e+00   -2.6521212015e+01    6.5670475081e-01    3.3600000000e+02    8.4008771761e-03    5.4276785714e-01
        90   -6.2474828241e+00    3.9067660099e+01   -1.0095050247e+01    3.8475674228e+00    8.3987345009e+00    7.0352107511e+00   -2.6368770064e+01    8.3977456505e-01    3.3600000000e+02    8.4703853257e-03    5.4442708333e-01
        91   -6.2636175051e+00    3.9263175205e+01   -1.0206347177e+01    3.9427296723e+00    8.3741681908e+00    7.0352107511e+00   -2.6324121199e+01    7.0839507952e-01    3.3600000000e+02    8.3648428976e-03    5.4033482143e-01
        92   -6.2735681757e+00    3.9392448064e+01   -1.0264545061e+01    3.9909768849e+00    8.5438900326e+00    7.0352107511e+00   -2.6619017577e+01    7.7537173235e-01    3.3600000000e+02    8.4051684853e-03    5.4197172619e-01
        93   -6.2558944415e+00    3.9199597921e+01   -1.0231731640e+01    3.9758371984e+00    8.4714767627e+00    7.0352107511e+00   -2.6608249329e+01    8.6983017550e-01    3.3600000000e+02    8.4106928317e-03    5.4245535714e-01
        94   -6.2471001217e+00    3.9070633561e+01   -1.0157397774e+01    3.9102976523e+00    8.3897453463e+00    7.0352107511e+00   -2.6366550571e+01    7.8419669969e-01    3.3600000000e+02    8.4382303453e-03    5.4223214286e-01
        95   -6.2726686609e+00    3.9376065209e+01   -1.0139730942e+01    3.8670622816e+00    8.3968666033e+00    7.0352107511e+00   -2.6401761588e+01    8.2995329123e-01    3.3600000000e+02    8.4111542812e-03    5.4189732143e-01
        96   -6.2613538724e+00    3.9248410164e+01   -1.0180275946e+01    3.9189220739e+00    8.3957202100e+00    7.0352107511e+00   -2.6417404405e+01    8.0619749809e-01    3.3600000000e+02    8.3834604489e-03    5.3872767857e-01
        97   -6.2840725115e+00    3.9523479595e+01   -1.0207524079e+01    3.9234515678e+00    8.4281223284e+00    7.0352107511e+00   -2.6491561778e+01    8.2070461911e-01    3.3600000000e+02    8.4217710156e-03    5.4244047619e-01
        98   -6.2854212848e+00    3.9545383632e+01   -1.0412204255e+01    4.1267829700e+00    8.4396292310e+00    7.0352107511e+00   -2.6522707922e+01    6.3566368527e-01    3.3600000000e+02    8.3945756245e-03    5.4220982143e-01
        99   -6.2554790907e+00    3.9196329516e+01   -1.0277033161e+01    4.0215540705e+00    8.4452819460e+00    7.0352107511e+00   -2.6586956137e+01    8.2943027919e-01    3.3600000000e+02    8.4276921379e-03    5.4151785714e-01
       100   -6.2809435160e+00    3.9492900973e+01   -1.0182393448e+01    3.9014499322e+00    8.4693805690e+00    7.0352107511e+00   -2.6511499439e+01    8.2451467054e-01    3.3600000000e+02    8.4487150917e-03    5.4323660714e-01
       101   -6.2695967334e+00    3.9345683001e+01   -1.0142208294e+01    3.8726115610e+00    8.4316156048e+00    7.0352107511e+00   -2.6516669969e+01    9.0763531882e-01    3.3600000000e+02    8.4521116750e-03    5.4466517857e-01
       102   -6.2908249699e+00    3.9615501245e+01   -1.0194074920e+01    3.9032499496e+00    8.4321509754e+00    7.0352107511e+00   -2.6565997981e+01    9.0456133475e-01    3.3600000000e+02    8.3948261876e-03    5.4047619048e-01
       103   -6.2890686951e+00    3.9590917817e+01   -1.0231073572e+01    3.9420048766e+00    8.4896191868e+00    7.0352107511e+00   -2.6569623156e+01    8.1371964599e-01    3.3600000000e+02    8.3937546525e-03    5.3982142857e-01
       104   -6.2654881284e+00    3.9300481759e+01   -1.0360236410e+01    4.0947482819e+00    8.5446884662e+00    7.0352107511e+00   -2.6661151927e+01    7.2101629935e-01    3.3600000000e+02    8.4141470274e-03    5.4269345238e-01
       105   -6.2732884816e+00    3.9393651394e+01   -1.0255619718e+01    3.9823312361e+00    8.3943777621e+00    7.0352107511e+00   -2.6441036594e+01    7.5582836291e-01    3.3600000000e+02    8.3997899291e-03    5.4227678571e-01
       106   -6.2700971599e+00    3.9358245466e+01   -1.0185896457e+01    3.9157992967e+00    8.4556431817e+00    7.0352107511e+00   -2.6423228647e+01    7.4647825803e-01    3.3600000000e+02    8.4111087157e-03    5.4010416667e-01
       107   -6.2713688966e+00    3.9364495155e+01   -1.0059330276e+01    3.7879613793e+00    8.5385005092e+00    7.0352107511e+00   -2.6499067319e+01    8.6602578288e-01    3.3600000000e+02    8.3915954740e-03    5.4418898810e-01
       108   -6.2933704882e+00    3.9632183696e+01   -9.9373140500e+00    3.6439435618e+00    8.3551413517e+00    7.0352107511e+00   -2.6050982507e+01    7.2331635456e-01    3.3600000000e+02    8.3821261346e-03    5.4158482143e-01
       109   -6.2627650531e+00    3.9251223428e+01   -1.0242609112e+01    3.9798440588e+00    8.5300296600e+00    7.0352107511e+00   -2.6577100742e+01    7.6925121911e-01    3.3600000000e+02    8.4069157428e-03    5.3959821429e-01
       110   -6.2747611494e+00    3.9405755330e+01   -1.0289176973e+01    4.0144158234e+00    8.4603246695e+00    7.0352107511e+00   -2.6558054448e+01    7.7334205442e-01    3.3600000000e+02    8.4030022082e-03    5.4119791667e-01
       111   -6.2735825602e+00    3.9395613294e+01   -1.0098977367e+01    3.8253948069e+00    8.4773076520e+00    7.0352107511e+00   -2.6275514099e+01    6.6401832890e-01    3.3600000000e+02    8.4177552677e-03    5.4262648810e-01
       112   -6.2535191643e+00    3.9158774588e+01   -1.0277137616e+01    4.0236184519e+00    8.4435322354e+00    7.0352107511e+00   -2.6677130509e+01    9.2124990612e-01    3.3600000000e+02    8.4350739760e-03    5.4154761905e-01
       113   -6.2665546899e+00    3.9306947895e+01   -1.0205834467e+01    3.9392797766e+00    8.3695280490e+00    7.0352107511e+00   -2.6463867454e+01    8.5329418700e-01    3.3600000000e+02    8.4012253924e-03    5.4069940476e-01
       114   -6.2766723488e+00    3.9425984810e+01   -1.0255888841e+01    3.9792164925e+00    8.3963657091e+00    7.0352107511e+00   -2.6378604502e+01    6.9113920063e-01    3.3600000000e+02    8.3606959954e-03    5.4145833333e-01
       115   -6.2819409515e+00    3.9490709944e+01   -1.0179768215e+01    3.8978272635e+00    8.4772114602e+00    7.0352107511e+00   -2.6427386549e+01    7.3519612318e-01    3.3600000000e+02    8.3888332946e-03    5.4092261905e-01
       116   -6.2643842636e+00    3.9284499475e+01   -1.0118937229e+01    3.8545529653e+00    8.3056471152e+00    7.0352107511e+00   -2.6230669165e+01    7.7087406978e-01    3.3600000000e+02    8.4002344381e-03    5.4230654762e-01
       117   -6.2521475520e+00    3.9135340295e+01   -1.0135187755e+01    3.8830402034e+00    8.4493795518e+00    7.0352107511e+00   -2.6498531379e+01    8.7875332088e-01    3.3600000000e+02    8.3740075726e-03    5.4139136905e-01
       118   -6.2703150679e+00    3.9347556744e+01   -1.0219976374e+01    3.9496613065e+00    8.4843203294e+00    7.0352107511e+00   -2.6522109300e+01    7.8260184507e-01    3.3600000000e+02    8.4136527391e-03    5.4174107143e-01
       119   -6.2462381188e+00    3.9066449575e+01   -1.0090531109e+01    3.8442929904e+00    8.4003193493e+00    7.0352107511e+00   -2.6317072930e+01    7.9101172084e-01    3.3600000000e+02    8.3963596013e-03    5.4169642857e-01
       120   -6.2716364733e+00    3.9368036422e+01   -1.0173929736e+01    3.9022932623e+00    8.4341419472e+00    7.0352107511e+00   -2.6566516901e+01    9.2323446746e-01    3.3600000000e+02    8.4041135609e-03    5.4254464286e-01
       121   -6.2774584841e+00    3.9438568047e+01   -1.0360518547e+01    4.0830600632e+00    8.4204677568e+00    7.0352107511e+00   -2.6466883889e+01    6.5068683423e-01    3.3600000000e+02    8.4153181281e-03    5.4461309524e-01
       122   -6.2645934908e+00    3.9280194975e+01   -1.0283746252e+01    4.0191527607e+00    8.3928324614e+00    7.0352107511e+00   -2.6455605244e+01    7.4381578001e-01    3.3600000000e+02    8.3783623441e-03    5.3924107143e-01
       123   -6.2830053247e+00    3.9510462973e+01   -1.0317462064e+01    4.0344567391e+00    8.4592919492e+00    7.0352107511e+00   -2.6520772394e+01    7.0880762974e-01    3.3600000000e+02    8.4564296412e-03    5.4544642857e-01
       124   -6.2634562917e+00    3.9263637143e+01   -1.0230574628e+01    3.9671183359e+00    8.3248658788e+00    7.0352107511e+00   -2.6318876171e+01    7.2822491360e-01    3.3600000000e+02    8.4182798670e-03    5.4276041667e-01
       125   -6.2990487286e+00    3.9707163216e+01   -1.0164050970e+01    3.8650022414e+00    8.3912933924e+00    7.0352107511e+00   -2.6299935911e+01    7.0938079703e-01    3.3600000000e+02    8.4244700778e-03    5.4333333333e-01
       126   -6.2720288646e+00    3.9376337259e+01   -1.0316157819e+01    4.0441289541e+00    8.4894492807e+00    7.0352107511e+00   -2.6682099242e+01    8.4128139188e-01    3.3600000000e+02    8.3920956295e-03    5.4101934524e-01
       127   -6.2659381898e+00    3.9292348783e+01   -1.0402651500e+01    4.1367133107e+00    8.4727750542e+00    7.0352107511e+00   -2.6614398775e+01    7.0376146913e-01    3.3600000000e+02    8.4135220178e-03    5.4284226190e-01
       128   -6.2817687294e+00    3.9493785515e+01   -1.0100970444e+01    3.8192017143e+00    8.4208386908e+00    7.0352107511e+00   -2.6294469683e+01    7.3744979789e-01    3.3600000000e+02    8.4278894439e-03    5.4333333333e-01
       129   -6.2584640158e+00    3.9201158081e+01   -1.0235586339e+01    3.9771223232e+00    8.4959279243e+00    7.0352107511e+00   -2.6461923404e+01    6.9519838946e-01    3.3600000000e+02    8.3918828840e-03    5.4181547619e-01
       130   -6.2679076752e+00    3.9317766309e+01   -1.0214454004e+01    3.9465463285e+00    8.4638656178e+00    7.0352107511e+00   -2.6441390756e+01    7.2786038365e-01    3.3600000000e+02    8.4279402488e-03    5.4391369048e-01
       131   -6.2818357105e+00    3.9489471123e+01   -1.0135800529e+01    3.8539648188e+00    8.3167340574e+00    7.0352107511e+00   -2.6180589890e+01    6.9284455266e-01    3.3600000000e+02    8.4051711968e-03    5.4122767857e-01
       132   -6.2637555181e+00    3.9277235547e+01   -1.0263154082e+01    3.9993985640e+00    8.3967863376e+00    7.0352107511e+00   -2.6349113479e+01    6.5396230857e-01    3.3600000000e+02    8.4171261281e-03    5.4268601190e-01
       133   -6.2445245767e+00    3.9065503729e+01   -1.0183730307e+01    3.9392057301e+00    8.4394803409e+00    7.0352107511e+00   -2.6566704043e+01    9.0828264436e-01    3.3600000000e+02    8.4320248958e-03    5.4356398810e-01
       134   -6.2697366360e+00    3.9331527378e+01   -1.0305246578e+01    4.0355099419e+00    8.2581585001e+00    7.0352107511e+00   -2.6223082098e+01    6.2446626892e-01    3.3600000000e+02    8.4222095320e-03    5.4226934524e-01
       135   -6.2835209086e+00    3.9509407654e+01   -1.0280739187e+01    3.9972182779e+00    8.4780874045e+00    7.0352107511e+00   -2.6626008506e+01    8.3197116363e-01    3.3600000000e+02    8.3797411498e-03    5.4400297619e-01
       136   -6.2679305272e+00    3.9314728923e+01   -1.0141410868e+01    3.8734803409e+00    8.4492766576e+00    7.0352107511e+00   -2.6515492456e+01    8.8959417912e-01    3.3600000000e+02    8.4256558094e-03    5.4489583333e-01
       137   -6.2759098453e+00    3.9415587623e+01   -1.0454830437e+01    4.1789205921e+00    8.4193289011e+00    7.0352107511e+00   -2.6576037382e+01    6.6666729223e-01    3.3600000000e+02    8.4345031182e-03    5.4325148810e-01
       138   -6.2738506119e+00    3.9399878813e+01   -1.0142203379e+01    3.8683527676e+00    8.3532265621e+00    7.0352107511e+00   -2.6337526403e+01    8.0688571064e-01    3.3600000000e+02    8.3996912498e-03    5.4472470238e-01
       139   -6.2726144075e+00    3.9373119169e+01   -1.0288784455e+01    4.0161700477e+00    8.4890881058e+00    7.0352107511e+00   -2.6516696686e+01    7.0361337377e-01    3.3600000000e+02    8.4223803022e-03    5.4433035714e-01
       140   -6.2802396546e+00    3.9471464941e+01   -1.0281015356e+01    4.0007757009e+00    8.3748660591e+00    7.0352107511e+00   -2.6493492074e+01    8.0239990783e-01    3.3600000000e+02    8.4160201500e-03    5.4425595238e-01
       141   -6.2626019039e+00    3.9255588396e+01   -1.0012989067e+01    3.7503871632e+00    8.3633632823e+00    7.0352107511e+00   -2.6279941759e+01    8.6837865856e-01    3.3600000000e+02    8.3975877115e-03    5.4208333333e-01
       142   -6.2745925847e+00    3.9426533980e+01   -1.0344367350e+01    4.0697747656e+00    8.4419982298e+00    7.0352107511e+00   -2.6698300735e+01    8.7672440333e-01    3.3600000000e+02    8.3907047845e-03    5.4157738095e-01
       143   -6.2647345715e+00    3.9306835441e+01   -1.0161743828e+01    3.8970092570e+00    8.3710057393e+00    7.0352107511e+00   -2.6370691028e+01    8.0273070949e-01    3.3600000000e+02    8.4071336965e-03    5.4134672619e-01
       144   -6.2849174312e+00    3.9530766473e+01   -1.0245106108e+01    3.9601886772e+00    8.3941830494e+00    7.0352107511e+00   -2.6420915513e+01    7.4641560427e-01    3.3600000000e+02    8.3978916075e-03    5.4438988095e-01
       145   -6.2875619195e+00    3.9562118024e+01   -1.0354314593e+01    4.0667526733e+00    8.3830939488e+00    7.0352107511e+00   -2.6517358260e+01    7.4473896758e-01    3.3600000000e+02    8.3901142144e-03    5.4226934524e-01
       146   -6.2822210024e+00    3.9501287177e+01   -1.0292665268e+01    4.0104442652e+00    8.4394292730e+00    7.0352107511e+00   -2.6459600365e+01    6.9229507369e-01    3.3600000000e+02    8.3800154784e-03    5.4213541667e-01
       147   -6.2714014352e+00    3.9360652782e+01   -1.0136392975e+01    3.8649915399e+00    8.3930405356e+00    7.0352107511e+00   -2.6383193942e+01    8.1854968021e-01    3.3600000000e+02    8.3916923010e-03    5.4124255952e-01
       148   -6.2719386080e+00    3.9378050168e+01   -1.0156473347e+01    3.8845347387e+00    8.3801575375e+00    7.0352107511e+00   -2.6424239033e+01    8.5239739785e-01    3.3600000000e+02    8.4071940627e-03    5.4288690476e-01
       149   -6.2770331069e+00    3.9455785531e+01   -1.0102904458e+01    3.8258713509e+00    8.4464977736e+00    7.0352107511e+00   -2.6475191429e+01    8.9057844604e-01    3.3600000000e+02    8.3854559662e-03    5.4092261905e-01
       150   -6.2749989736e+00    3.9410835327e+01   -1.0186112960e+01    3.9111139868e+00    8.4448375592e+00    7.0352107511e+00   -2.6432767213e+01    7.6660594266e-01    3.3600000000e+02    8.4306215410e-03    5.4136160714e-01
       151   -6.2680266671e+00    3.9318514243e+01   -1.0231795325e+01    3.9637686578e+00    8.4433193526e+00    7.0352107511e+00   -2.6537154033e+01    8.2682860465e-01    3.3600000000e+02    8.4092012431e-03    5.4342261905e-01
       152   -6.2675679665e+00    3.9315255519e+01   -1.0215339766e+01    3.9477717991e+00    8.4393996198e+00    7.0352107511e+00   -2.6370195843e+01    6.8024570627e-01    3.3600000000e+02    8.4354123981e-03    5.3984375000e-01
       153   -6.2637168877e+00    3.9266068686e+01   -1.0450613394e+01    4.1868965067e+00    8.4584539168e+00    7.0352107511e+00   -2.6793774720e+01    8.4949665823e-01    3.3600000000e+02    8.4420747901e-03    5.4128720238e-01
       154   -6.2559713795e+00    3.9179643204e+01   -1.0356412980e+01    4.1004416003e+00    8.3934691502e+00    7.0352107511e+00   -2.6570034472e+01    7.8494159125e-01    3.3600000000e+02    8.4561689970e-03    5.4501488095e-01
       155   -6.2662961106e+00    3.9292405939e+01   -1.0236551764e+01    3.9702556537e+00    8.3571975133e+00    7.0352107511e+00   -2.6278567362e+01    6.4960733371e-01    3.3600000000e+02    8.4283823560e-03    5.4407738095e-01
       156   -6.2595878359e+00    3.9222706455e+01   -1.0039679384e+01    3.7800915479e+00    8.3681553157e+00    7.0352107511e+00   -2.6235916736e+01    7.9287128545e-01    3.3600000000e+02    8.3848357934e-03    5.4128720238e-01
       157   -6.2867064964e+00    3.9547495678e+01   -1.0101216614e+01    3.8145101171e+00    8.4764339736e+00    7.0352107511e+00   -2.6370613858e+01    7.5775251969e-01    3.3600000000e+02    8.4020946753e-03    5.4286458333e-01
       158   -6.2734303495e+00    3.9378653961e+01   -1.0129303177e+01    3.8558728277e+00    8.3759498912e+00    7.0352107511e+00   -2.6184615877e+01    6.4415205803e-01    3.3600000000e+02    8.4224209207e-03    5.4340029762e-01
       159   -6.2786922591e+00    3.9451720990e+01   -1.0119473623e+01    3.8407813635e+00    8.4303199141e+00    7.0352107511e+00   -2.6191863723e+01    6.0685943552e-01    3.3600000000e+02    8.4385704415e-03    5.4218750000e-01
       160   -6.2727659907e+00    3.9386410030e+01   -1.0072322189e+01    3.7995561986e+00    8.3729495884e+00    7.0352107511e+00   -2.6127817087e+01    6.4733455847e-01    3.3600000000e+02    8.3458402819e-03    5.4005952381e-01
       161   -6.2562463330e+00    3.9171750576e+01   -1.0404895402e+01    4.1486490691e+00    8.4391848709e+00    7.0352107511e+00   -2.6741555586e+01    8.6226456203e-01    3.3600000000e+02    8.3724562726e-03    5.4230654762e-01
       162   -6.2657936424e+00    3.9296656859e+01   -1.0270435282e+01    4.0046416397e+00    8.3379221052e+00    7.0352107511e+00   -2.6415249898e+01    7.7168175928e-01    3.3600000000e+02    8.4208140006e-03    5.4151785714e-01
       163   -6.2764299511e+00    3.9424318326e+01   -1.0304724876e+01    4.0282949253e+00    8.3593231314e+00    7.0352107511e+00   -2.6478836357e+01    7.7957759785e-01    3.3600000000e+02    8.4238686430e-03    5.4223214286e-01
       164   -6.2760470551e+00    3.9418393966e+01   -1.0255515720e+01    3.9794686646e+00    8.3024641882e+00    7.0352107511e+00   -2.6455655642e+01    8.6246498331e-01    3.3600000000e+02    8.3754742650e-03    5.4040178571e-01
       165   -6.2776403338e+00    3.9435417859e+01   -1.0119748465e+01    3.8421081314e+00    8.4719314798e+00    7.0352107511e+00   -2.6388650891e+01    7.6176019446e-01    3.3600000000e+02    8.3758331304e-03    5.4156250000e-01
       166   -6.2761825301e+00    3.9429411754e+01   -1.0299727774e+01    4.0235452438e+00    8.4087721963e+00    7.0352107511e+00   -2.6409332643e+01    6.6562192130e-01    3.3600000000e+02    8.3743550453e-03    5.4317708333e-01
       167   -6.2552464879e+00    3.9181130808e+01   -1.0363229655e+01    4.1079831675e+00    8.5059747759e+00    7.0352107511e+00   -2.6737299573e+01    8.3288439063e-01    3.3600000000e+02    8.4038793312e-03    5.4151041667e-01
       168   -6.2504649995e+00    3.9108622772e+01   -1.0002850037e+01    3.7523850372e+00    8.5013811512e+00    7.0352107511e+00   -2.6557628350e+01    1.0181864110e+00    3.3600000000e+02    8.4296278032e-03    5.3951636905e-01
       169   -6.2689720480e+00    3.9339546233e+01   -1.0442740557e+01    4.1737685094e+00    8.3893857656e+00    7.0352107511e+00   -2.6589876652e+01    7.2253957750e-01    3.3600000000e+02    8.4323552791e-03    5.4235863095e-01
       170   -6.2895946287e+00    3.9587624374e+01   -1.0264402067e+01    3.9748074387e+00    8.4957780050e+00    7.0352107511e+00   -2.6440266115e+01    6.4487529191e-01    3.3600000000e+02    8.4405591673e-03    5.4214285714e-01
       171   -6.2740010411e+00    3.9389802086e+01   -1.0318520082e+01    4.0445190407e+00    8.4382579254e+00    7.0352107511e+00   -2.6468470983e+01    6.7648222489e-01    3.3600000000e+02    8.4409049319e-03    5.4059523810e-01
       172   -6.2663570315e+00    3.9296776684e+01   -1.0298327651e+01    4.0319706198e+00    8.4672016941e+00    7.0352107511e+00   -2.6504935114e+01    7.0419501733e-01    3.3600000000e+02    8.4073404606e-03    5.4240327381e-01
       173   -6.2856966058e+00    3.9542462979e+01   -1.0091849482e+01    3.8061528763e+00    8.4074053587e+00    7.0352107511e+00   -2.6223877323e+01    6.8941173135e-01    3.3600000000e+02    8.3799672152e-03    5.4111607143e-01
       174   -6.2807293771e+00    3.9485902220e+01   -1.0169369055e+01    3.8886396781e+00    8.3721479630e+00    7.0352107511e+00   -2.6232635327e+01    6.5590755803e-01    3.3600000000e+02    8.4106818623e-03    5.4161458333e-01
       175   -6.2573257351e+00    3.9240798888e+01   -1.0489563098e+01    4.2322373630e+00    8.3893973514e+00    7.0352107511e+00   -2.6754158018e+01    8.3998681733e-01    3.3600000000e+02    8.4352857701e-03    5.4393601190e-01
       176   -6.2833717403e+00    3.9506615318e+01   -1.0025742239e+01    3.7423704982e+00    8.4117992731e+00    7.0352107511e+00   -2.6156074407e+01    6.8332214444e-01    3.3600000000e+02    8.4509378738e-03    5.3916666667e-01
       177   -6.2720988677e+00    3.9364016239e+01   -1.0114063295e+01    3.8419644274e+00    8.4881102821e+00    7.0352107511e+00   -2.6367770229e+01    7.3038590108e-01    3.3600000000e+02    8.4768091502e-03    5.4330357143e-01
       178   -6.2400243364e+00    3.8982415438e+01   -1.0234858402e+01    3.9948340653e+00    8.4012374619e+00    7.0352107511e+00   -2.6469594809e+01    7.9828819449e-01    3.3600000000e+02    8.3873502930e-03    5.4289434524e-01
       179   -6.2493544819e+00    3.9101528936e+01   -1.0110175357e+01    3.8608208747e+00    8.3836286122e+00    7.0352107511e+00   -2.6462437968e+01    9.3342324815e-01    3.3600000000e+02    8.4092177810e-03    5.4152529762e-01
       180   -6.2630317478e+00    3.9268872593e+01   -1.0305374291e+01    4.0423425432e+00    8.4783227269e+00    7.0352107511e+00   -2.6480066149e+01    6.6115838043e-01    3.3600000000e+02    8.4319162090e-03    5.4295386905e-01
       181   -6.2719003804e+00    3.9365056693e+01   -1.0269154179e+01    3.9972537986e+00    8.4434536386e+00    7.0352107511e+00   -2.6395298808e+01    6.4748023886e-01    3.3600000000e+02    8.3604147263e-03    5.3930803571e-01
       182   -6.2684609424e+00    3.9336540764e+01   -1.0391370198e+01    4.1229092559e+00    8.4758451094e+00    7.0352107511e+00   -2.6557517331e+01    6.5509127202e-01    3.3600000000e+02    8.4433364315e-03    5.4325148810e-01
       183   -6.2723711700e+00    3.9386069785e+01   -1.0214342425e+01    3.9419712551e+00    8.3833937173e+00    7.0352107511e+00   -2.6411816193e+01    7.7886929976e-01    3.3600000000e+02    8.4043208702e-03    5.4194940476e-01
       184   -6.2662199608e+00    3.9295444800e+01   -1.0384595260e+01    4.1183752992e+00    8.3977162018e+00    7.0352107511e+00   -2.6678750322e+01    8.6122810895e-01    3.3600000000e+02    8.4009638522e-03    5.4144345238e-01
       185   -6.2842249048e+00    3.9514801928e+01   -1.0320312326e+01    4.0360874213e+00    8.4315903849e+00    7.0352107511e+00   -2.6434199408e+01    6.4708594545e-01    3.3600000000e+02    8.4208030062e-03    5.4235863095e-01
       186   -6.2711762148e+00    3.9363324567e+01   -1.0188508738e+01    3.9173325236e+00    8.4593429938e+00    7.0352107511e+00   -2.6494738905e+01    8.1167642190e-01    3.3600000000e+02    8.4162516557e-03    5.4316964286e-01
       187   -6.2702924424e+00    3.9354182768e+01   -1.0410929685e+01    4.1406372423e+00    8.5314649255e+00    7.0352107511e+00   -2.6800433798e+01    8.2282843690e-01    3.3600000000e+02    8.4512613130e-03    5.4178571429e-01
       188   -6.2634276501e+00    3.9281754674e+01   -1.0270795731e+01    4.0073680811e+00    8.4750326767e+00    7.0352107511e+00   -2.6615380339e+01    8.3434117979e-01    3.3600000000e+02    8.4241099719e-03    5.4305803571e-01
       189   -6.2865337542e+00    3.9554919109e+01   -1.0125402964e+01    3.8388692100e+00    8.4487419921e+00    7.0352107511e+00   -2.6371070377e+01    7.6171466966e-01    3.3600000000e+02    8.4747750710e-03    5.4357142857e-01
       190   -6.2715481956e+00    3.9376283081e+01   -1.0040772812e+01    3.7692246163e+00    8.4257658175e+00    7.0352107511e+00   -2.6335175515e+01    8.3342613476e-01    3.3600000000e+02    8.4272067782e-03    5.4058035714e-01
       191   -6.2699538872e+00    3.9338413739e+01   -1.0259773882e+01    3.9898199946e+00    8.4416315572e+00    7.0352107511e+00   -2.6445993131e+01    7.0937694108e-01    3.3600000000e+02    8.3954046360e-03    5.4214285714e-01
       192   -6.2402737443e+00    3.9010345720e+01   -1.0197720540e+01    3.9574467957e+00    8.4441155155e+00    7.0352107511e+00   -2.6515061015e+01    8.3801420815e-01    3.3600000000e+02    8.3451948941e-03    5.4026041667e-01
       193   -6.2658002605e+00    3.9300882111e+01   -1.0252624993e+01    3.9868247324e+00    8.4485046030e+00    7.0352107511e+00   -2.6368889891e+01    6.3254954441e-01    3.3600000000e+02    8.4117806629e-03    5.4408482143e-01
       194   -6.2730029935e+00    3.9393330232e+01   -1.0135866237e+01    3.8628632437e+00    8.3658291708e+00    7.0352107511e+00   -2.6445461220e+01    9.0855506130e-01    3.3600000000e+02    8.4271113620e-03    5.4360863095e-01
       195   -6.2800388599e+00    3.9472730694e+01   -1.0400257568e+01    4.1202187076e+00    8.4087776913e+00    7.0352107511e+00   -2.6650935328e+01    8.0668931839e-01    3.3600000000e+02    8.3676203191e-03    5.4093750000e-01
       196   -6.2791651274e+00    3.9476220409e+01   -1.0396939367e+01    4.1177742400e+00    8.3759678881e+00    7.0352107511e+00   -2.6605759972e+01    7.9764196507e-01    3.3600000000e+02    8.3816279865e-03    5.4348958333e-01
       197   -6.2686197418e+00    3.9336366566e+01   -1.0178335506e+01    3.9097157642e+00    8.5474759640e+00    7.0352107511e+00   -2.6539677728e+01    7.7865550722e-01    3.3600000000e+02    8.3960327389e-03    5.4113839286e-01
       198   -6.2701994063e+00    3.9347178155e+01   -1.0195614714e+01    3.9254153081e+00    8.4152419597e+00    7.0352107511e+00   -2.6373718573e+01    7.2765114739e-01    3.3600000000e+02    8.3994152159e-03    5.4162202381e-01
       199   -6.2535383480e+00    3.9138848984e+01   -1.0200929207e+01    3.9473908585e+00    8.4232879400e+00    7.0352107511e+00   -2.6406510807e+01    7.4708290978e-01    3.3600000000e+02    8.3997126695e-03    5.4241815476e-01
       200   -6.2817423653e+00    3.9489328060e+01   -1.0152656950e+01    3.8709145842e+00    8.3665230362e+00    7.0352107511e+00   -2.6361786641e+01    8.0739590395e-01    3.3600000000e+02    8.3465350770e-03    5.4110119048e-01
       201   -6.2818032091e+00    3.9491553237e+01   -1.0210655559e+01    3.9288523497e+00    8.4407701317e+00    7.0352107511e+00   -2.6447919946e+01    7.6128350434e-01    3.3600000000e+02    8.4365719051e-03    5.4206845238e-01
       202   -6.2679307628e+00    3.9326203842e+01   -1.0192166683e+01    3.9242359204e+00    8.4661149028e+00    7.0352107511e+00   -2.6529116227e+01    8.3562389002e-01    3.3600000000e+02    8.4861710798e-03    5.4503720238e-01
       203   -6.2686098077e+00    3.9322648331e+01   -1.0446340226e+01    4.1777304180e+00    8.4096780647e+00    7.0352107511e+00   -2.6560245789e+01    6.6901674761e-01    3.3600000000e+02    8.4144701375e-03    5.3991815476e-01
       204   -6.2646503994e+00    3.9274532398e+01   -1.0189093013e+01    3.9244426138e+00    8.3432171145e+00    7.0352107511e+00   -2.6238156372e+01    6.7063549349e-01    3.3600000000e+02    8.3710529018e-03    5.4177083333e-01
       205   -6.2645662720e+00    3.9280703102e+01   -1.0225687918e+01    3.9611216465e+00    8.4445326595e+00    7.0352107511e+00   -2.6522249069e+01    8.1681773998e-01    3.3600000000e+02    8.4280401192e-03    5.4183779762e-01
       206   -6.2715923943e+00    3.9365187663e+01   -1.0313933140e+01    4.0423407457e+00    8.4136473186e+00    7.0352107511e+00   -2.6412877411e+01    6.5008620139e-01    3.3600000000e+02    8.3903467970e-03    5.4061755952e-01
       207   -6.2742413987e+00    3.9397943889e+01   -1.0087217805e+01    3.8129764065e+00    8.4251300556e+00    7.0352107511e+00   -2.6364775671e+01    8.1721705881e-01    3.3600000000e+02    8.3714019780e-03    5.3963541667e-01
       208   -6.2571081341e+00    3.9203120172e+01   -1.0047061641e+01    3.7899535068e+00    8.3348765042e+00    7.0352107511e+00   -2.6313386847e+01    8.9623795111e-01    3.3600000000e+02    8.4321702508e-03    5.4380208333e-01
       209   -6.2792655780e+00    3.9470400983e+01   -1.0277148100e+01    3.9978825215e+00    8.4790554271e+00    7.0352107511e+00   -2.6468542074e+01    6.7712779581e-01    3.3600000000e+02    8.4152180865e-03    5.4700892857e-01
       210   -6.2722934597e+00    3.9374456734e+01   -1.0150471245e+01    3.8781777852e+00    8.5468857813e+00    7.0352107511e+00   -2.6530316254e+01    7.9774847648e-01    3.3600000000e+02    8.4361446955e-03    5.4187500000e-01
       211   -6.2790203303e+00    3.9451772089e+01   -1.0289028243e+01    4.0100079130e+00    8.4495795483e+00    7.0352107511e+00   -2.6568250817e+01    7.9443227436e-01    3.3600000000e+02    8.4226163135e-03    5.4250000000e-01
       212   -6.2681353758e+00    3.9320936659e+01   -1.0033038052e+01    3.7649026763e+00    8.3345564468e+00    7.0352107511e+00   -2.6066977662e+01    6.6417241162e-01    3.3600000000e+02    8.4034337578e-03    5.4188244048e-01
       213   -6.2877567492e+00    3.9563204246e+01   -1.0363787482e+01    4.0760307326e+00    8.4051077227e+00    7.0352107511e+00   -2.6460294063e+01    6.5618810720e-01    3.3600000000e+02    8.4492063491e-03    5.4510416667e-01
       214   -6.2596811546e+00    3.9221563517e+01   -1.0288663899e+01    4.0289827443e+00    8.5360565264e+00    7.0352107511e+00   -2.6605664805e+01    7.4573362886e-01    3.3600000000e+02    8.3997974108e-03    5.4337797619e-01
       215   -6.2738164163e+00    3.9392228330e+01   -1.0380418602e+01    4.1066021855e+00    8.4883671289e+00    7.0352107511e+00   -2.6704852367e+01    8.0085588473e-01    3.3600000000e+02    8.4483536068e-03    5.4288690476e-01
       216   -6.2574658297e+00    3.9184660083e+01   -1.0169743927e+01    3.9122780976e+00    8.4783525851e+00    7.0352107511e+00   -2.6683421327e+01    1.0001140633e+00    3.3600000000e+02    8.4270734230e-03    5.4380208333e-01
       217   -6.2632718088e+00    3.9255697672e+01   -1.0179830074e+01    3.9165582652e+00    8.4152007043e+00    7.0352107511e+00   -2.6379051277e+01    7.4880974733e-01    3.3600000000e+02    8.4343920316e-03    5.4470982143e-01
       218   -6.2564006512e+00    3.9180408246e+01   -1.0381172152e+01    4.1247715005e+00    8.3678844936e+00    7.0352107511e+00   -2.6632525585e+01    8.4825818884e-01    3.3600000000e+02    8.4180485615e-03    5.4238839286e-01
       219   -6.2682344414e+00    3.9320584545e+01   -1.0295953847e+01    4.0277194053e+00    8.4004673479e+00    7.0352107511e+00   -2.6390544211e+01    6.5891226530e-01    3.3600000000e+02    8.3930531116e-03    5.4142113095e-01
       220   -6.2760026183e+00    3.9418496483e+01   -1.0230455001e+01    3.9544523824e+00    8.4676887905e+00    7.0352107511e+00   -2.6413705624e+01    6.8035108116e-01    3.3600000000e+02    8.4083469188e-03    5.4246279762e-01
       221   -6.2786834445e+00    3.9451316697e+01   -1.0243184683e+01    3.9645012382e+00    8.3966115098e+00    7.0352107511e+00   -2.6377082987e+01    7.0207604366e-01    3.3600000000e+02    8.4459711403e-03    5.4223958333e-01
       222   -6.2704858095e+00    3.9352554843e+01   -9.9317166548e+00    3.6612308454e+00    8.4351876300e+00    7.0352107511e+00   -2.6189780631e+01    7.8766559498e-01    3.3600000000e+02    8.4191216433e-03    5.4411458333e-01
       223   -6.2747813316e+00    3.9419795684e+01   -1.0464728198e+01    4.1899468663e+00    8.4219322940e+00    7.0352107511e+00   -2.6779225242e+01    8.5735399852e-01    3.3600000000e+02    8.4543785841e-03    5.4288690476e-01
       224   -6.2826105225e+00    3.9494402506e+01   -1.0235144186e+01    3.9525336636e+00    8.4062050590e+00    7.0352107511e+00   -2.6250661411e+01    5.7410141468e-01    3.3600000000e+02    8.4233257997e-03    5.4168898810e-01
       225   -6.2772183828e+00    3.9437905136e+01   -1.0190865702e+01    3.9136473197e+00    8.2533806939e+00    7.0352107511e+00   -2.6230598203e+01    7.5114105556e-01    3.3600000000e+02    8.4104587690e-03    5.4322916667e-01
       226   -6.2778964288e+00    3.9438141464e+01   -1.0219613839e+01    3.9417174104e+00    8.4742877762e+00    7.0352107511e+00   -2.6343951396e+01    6.1483902928e-01    3.3600000000e+02    8.3960213649e-03    5.4068452381e-01
       227   -6.2753615655e+00    3.9419622202e+01   -1.0105669593e+01    3.8303080276e+00    8.4627209076e+00    7.0352107511e+00   -2.6357563889e+01    7.5396263741e-01    3.3600000000e+02    8.4043668203e-03    5.4505952381e-01
       228   -6.2788419844e+00    3.9447020835e+01   -1.0331507423e+01    4.0526654381e+00    8.3310450949e+00    7.0352107511e+00   -2.6441900521e+01    7.4413725271e-01    3.3600000000e+02    8.4040874665e-03    5.4366071429e-01
       229   -6.2449101622e+00    3.9052000996e+01   -1.0238733207e+01    3.9938230447e+00    8.5093403745e+00    7.0352107511e+00   -2.6696625197e+01    9.1334086477e-01    3.3600000000e+02    8.4098720413e-03    5.4215029762e-01
       230   -6.2659768614e+00    3.9291210104e+01   -1.0233456751e+01    3.9674798899e+00    8.3744612028e+00    7.0352107511e+00   -2.6402008632e+01    7.5887992732e-01    3.3600000000e+02    8.3968981032e-03    5.4184523810e-01
       231   -6.2645401362e+00    3.9288858139e+01   -1.0161684084e+01    3.8971439479e+00    8.4931116243e+00    7.0352107511e+00   -2.6526044322e+01    8.3603786195e-01    3.3600000000e+02    8.4216260889e-03    5.4055803571e-01
       232   -6.2754851160e+00    3.9406997915e+01   -1.0333784674e+01    4.0582995578e+00    8.4882259989e+00    7.0352107511e+00   -2.6531989254e+01    6.7476783052e-01    3.3600000000e+02    8.4659846096e-03    5.4258928571e-01
       233   -6.2722409791e+00    3.9375774450e+01   -1.0593809691e+01    4.3215687122e+00    8.3454328696e+00    7.0352107511e+00   -2.6616268127e+01    6.4181481535e-01    3.3600000000e+02    8.3985285427e-03    5.4348214286e-01
       234   -6.2701008717e+00    3.9343330490e+01   -1.0160966326e+01    3.8908654547e+00    8.4279293828e+00    7.0352107511e+00   -2.6245377178e+01    6.2127071716e-01    3.3600000000e+02    8.3824103390e-03    5.3965773810e-01
       235   -6.2939977190e+00    3.9686554189e+01   -1.0241905738e+01    3.9479080185e+00    8.4286667410e+00    7.0352107511e+00   -2.6368108783e+01    6.6232555368e-01    3.3600000000e+02    8.4081037210e-03    5.4186755952e-01
       236   -6.2844671276e+00    3.9519284348e+01   -1.0331458884e+01    4.0469917564e+00    8.3050777131e+00    7.0352107511e+00   -2.6407089666e+01    7.3534231779e-01    3.3600000000e+02    8.4127969555e-03    5.4194940476e-01
       237   -6.2782899364e+00    3.9444241862e+01   -1.0364215611e+01    4.0859256747e+00    8.4091512408e+00    7.0352107511e+00   -2.6541788112e+01    7.3321050880e-01    3.3600000000e+02    8.4024167840e-03    5.4273809524e-01
       238   -6.2734662880e+00    3.9391533467e+01   -1.0339925982e+01    4.0664596942e+00    8.3334901790e+00    7.0352107511e+00   -2.6408973331e+01    7.0034641839e-01    3.3600000000e+02    8.3858722376e-03    5.4309523810e-01
       239   -6.2714638884e+00    3.9363106809e+01   -1.0152231073e+01    3.8807671846e+00    8.4751596943e+00    7.0352107511e+00   -2.6453530673e+01    7.9092915493e-01    3.3600000000e+02    8.4895839994e-03    5.4531250000e-01
       240   -6.2680561644e+00    3.9320432174e+01   -1.0134288103e+01    3.8662319381e+00    8.4426688394e+00    7.0352107511e+00   -2.6334388547e+01    7.2222085424e-01    3.3600000000e+02    8.4448057252e-03    5.4397321429e-01
       241   -6.2574000231e+00    3.9200441271e+01   -1.0149149075e+01    3.8917490517e+00    8.4311196736e+00    7.0352107511e+00   -2.6670812372e+01    1.0553328728e+00    3.3600000000e+02    8.3675951125e-03    5.4201636905e-01
       242   -6.2642373399e+00    3.9263071231e+01   -1.0404022296e+01    4.1397849564e+00    8.3478805211e+00    7.0352107511e+00   -2.6587777023e+01    8.0066345437e-01    3.3600000000e+02    8.3952098662e-03    5.4058779762e-01
       243   -6.2795597172e+00    3.9471465229e+01   -1.0008929735e+01    3.7293700183e+00    8.4328765784e+00    7.0352107511e+00   -2.6309217515e+01    8.3220045033e-01    3.3600000000e+02    8.4260424406e-03    5.4441220238e-01
       244   -6.2595204165e+00    3.9223926480e+01   -1.0239305346e+01    3.9797849295e+00    8.4736314807e+00    7.0352107511e+00   -2.6527707318e+01    7.7955973999e-01    3.3600000000e+02    8.4668337298e-03    5.4239583333e-01
       245   -6.2562629920e+00    3.9254545091e+01   -1.0163688890e+01    3.9074258978e+00    8.4135244920e+00    7.0352107511e+00   -2.6349792787e+01    7.3736865439e-01    3.3600000000e+02    8.4333035013e-03    5.4203869048e-01
       246   -6.2540676665e+00    3.9148168418e+01   -1.0198498374e+01    3.9444307073e+00    8.3489038647e+00    7.0352107511e+00   -2.6333192319e+01    7.5057932933e-01    3.3600000000e+02    8.3732716296e-03    5.4162202381e-01
       247   -6.2596825223e+00    3.9231298083e+01   -1.0155917547e+01    3.8962350247e+00    8.4360519553e+00    7.0352107511e+00   -2.6470557894e+01    8.4337764006e-01    3.3600000000e+02    8.4063408680e-03    5.4459077381e-01
       248   -6.2837724354e+00    3.9513723217e+01   -1.0080406626e+01    3.7966341910e+00    8.5067522423e+00    7.0352107511e+00   -2.6387122130e+01    7.6475251018e-01    3.3600000000e+02    8.4253873508e-03    5.4300595238e-01
       249   -6.2658510150e+00    3.9300846751e+01   -1.0158465499e+01    3.8926144840e+00    8.3048981058e+00    7.0352107511e+00   -2.6389761099e+01    8.9118674355e-01    3.3600000000e+02    8.3472444371e-03    5.4284970238e-01
       250   -6.2671753610e+00    3.9307922017e+01   -1.0174875445e+01    3.9077000837e+00    8.3744593877e+00    7.0352107511e+00   -2.6209756887e+01    6.2521130326e-01    3.3600000000e+02    8.3848378535e-03    5.4332589286e-01
       251   -6.2583241858e+00    3.9204418766e+01   -1.0362707142e+01    4.1043829563e+00    8.3363510762e+00    7.0352107511e+00   -2.6524950270e+01    7.9068130032e-01    3.3600000000e+02    8.3625851597e-03    5.4269345238e-01
       252   -6.2682969039e+00    3.9331489793e+01   -1.0219058422e+01    3.9507615185e+00    8.3430511114e+00    7.0352107511e+00   -2.6318705279e+01    7.2138499359e-01    3.3600000000e+02    8.4263690182e-03    5.4160714286e-01
       253   -6.2622453719e+00    3.9244057998e+01   -1.0263587881e+01    4.0013425091e+00    8.3827462937e+00    7.0352107511e+00   -2.6426166468e+01    7.4462154226e-01    3.3600000000e+02    8.4329002635e-03    5.4220238095e-01
       254   -6.2574314361e+00    3.9190806321e+01   -1.0121280413e+01    3.8638489773e+00    8.5212105528e+00    7.0352107511e+00   -2.6395455511e+01    7.1775379399e-01    3.3600000000e+02    8.4233706023e-03    5.4230654762e-01
       255   -6.2791292643e+00    3.9451609083e+01   -1.0145106056e+01    3.8659767914e+00    8.4785395272e+00    7.0352107511e+00   -2.6305952942e+01    6.4709660798e-01    3.3600000000e+02    8.4583795438e-03    5.4138392857e-01
       256   -6.2639094294e+00    3.9264008355e+01   -1.0113993059e+01    3.8500836297e+00    8.4529571894e+00    7.0352107511e+00   -2.6393792696e+01    7.9163169599e-01    3.3600000000e+02    8.4103582804e-03    5.4312500000e-01
       257   -6.2704572384e+00    3.9343561860e+01   -1.0432653811e+01    4.1621965727e+00    8.4302417907e+00    7.0352107511e+00   -2.6504765142e+01    6.0665878903e-01    3.3600000000e+02    8.4324029054e-03    5.4255952381e-01
       258   -6.2679079030e+00    3.9317176811e+01   -1.0286144326e+01    4.0182364227e+00    8.5002982008e+00    7.0352107511e+00   -2.6682864626e+01    8.6121134873e-01    3.3600000000e+02    8.4204278793e-03    5.4321428571e-01
       259   -6.2673976728e+00    3.9307823232e+01   -1.0209045976e+01    3.9416483029e+00    8.3858829475e+00    7.0352107511e+00   -2.6244161057e+01    6.1402138221e-01    3.3600000000e+02    8.3982308639e-03    5.4223214286e-01
       260   -6.2823372084e+00    3.9498998838e+01   -1.0165859531e+01    3.8835223222e+00    8.3443729591e+00    7.0352107511e+00   -2.6275510992e+01    7.3006775142e-01    3.3600000000e+02    8.3361297127e-03    5.3930059524e-01
       261   -6.2805428327e+00    3.9479249119e+01   -1.0316108562e+01    4.0355657294e+00    8.5346046376e+00    7.0352107511e+00   -2.6613000787e+01    7.2707683590e-01    3.3600000000e+02    8.4195089862e-03    5.4276041667e-01
       262   -6.2775233349e+00    3.9430655143e+01   -1.0406787647e+01    4.1292643120e+00    8.3653133965e+00    7.0352107511e+00   -2.6492886885e+01    6.8557509044e-01    3.3600000000e+02    8.4102533507e-03    5.4168898810e-01
       263   -6.2815970877e+00    3.9485028978e+01   -1.0479284611e+01    4.1976875237e+00    8.4083961551e+00    7.0352107511e+00   -2.6680898995e+01    7.5800747773e-01    3.3600000000e+02    8.3724703699e-03    5.4167410714e-01
       264   -6.2448028592e+00    3.9086084854e+01   -1.0089553050e+01    3.8447501903e+00    8.4761325534e+00    7.0352107511e+00   -2.6417584295e+01    8.1668794067e-01    3.3600000000e+02    8.4457180908e-03    5.4321428571e-01
       265   -6.2945979027e+00    3.9646597596e+01   -1.0242195794e+01    3.9475978910e+00    8.4809584536e+00    7.0352107511e+00   -2.6544423089e+01    7.8605809040e-01    3.3600000000e+02    8.4382944021e-03    5.4319940476e-01
       266   -6.2966666409e+00    3.9678510815e+01   -1.0130079713e+01    3.8334130716e+00    8.4490034664e+00    7.0352107511e+00   -2.6432186488e+01    8.1789255838e-01    3.3600000000e+02    8.4056029196e-03    5.4200892857e-01
       267   -6.2696118976e+00    3.9349604702e+01   -1.0350378745e+01    4.0807668474e+00    8.3745203148e+00    7.0352107511e+00   -2.6523700619e+01    7.6359080844e-01    3.3600000000e+02    8.4145017865e-03    5.3986607143e-01
       268   -6.2822528880e+00    3.9497901140e+01   -1.0375871619e+01    4.0936187310e+00    8.4901186131e+00    7.0352107511e+00   -2.6673806870e+01    7.7260588708e-01    3.3600000000e+02    8.3983343287e-03    5.4051339286e-01
       269   -6.2530843292e+00    3.9184581524e+01   -1.0029996872e+01    3.7769125425e+00    8.4685177206e+00    7.0352107511e+00   -2.6561877949e+01    1.0281526051e+00    3.3600000000e+02    8.4161625592e-03    5.4157738095e-01
       270   -6.2760997941e+00    3.9433809251e+01   -1.0278008916e+01    4.0019091216e+00    8.4460413604e+00    7.0352107511e+00   -2.6427803228e+01    6.6854220094e-01    3.3600000000e+02    8.3847277253e-03    5.4334077381e-01
       271   -6.2493207910e+00    3.9098708299e+01   -1.0078735071e+01    3.8294142804e+00    8.4234146422e+00    7.0352107511e+00   -2.6312475782e+01    7.7511531734e-01    3.3600000000e+02    8.4244205050e-03    5.4135416667e-01
       272   -6.2888858148e+00    3.9581862172e+01   -1.0168328440e+01    3.8794426257e+00    8.4768310503e+00    7.0352107511e+00   -2.6416936868e+01    7.3656662570e-01    3.3600000000e+02    8.3781531589e-03    5.4039434524e-01
       273   -6.2687534288e+00    3.9333636364e+01   -1.0293445355e+01    4.0246919262e+00    8.4530149592e+00    7.0352107511e+00   -2.6644593484e+01    8.6292241876e-01    3.3600000000e+02    8.4524766162e-03    5.4305059524e-01
       274   -6.2631449764e+00    3.9274326773e+01   -1.0386696380e+01    4.1235514033e+00    8.4016320396e+00    7.0352107511e+00   -2.6612638892e+01    7.8909972173e-01    3.3600000000e+02    8.4439095365e-03    5.4274553571e-01
       275   -6.2706256312e+00    3.9347705360e+01   -1.0348281017e+01    4.0776553857e+00    8.5002803046e+00    7.0352107511e+00   -2.6679668346e+01    7.9589627334e-01    3.3600000000e+02    8.3837563288e-03    5.4339285714e-01
       276   -6.2630202455e+00    3.9259042964e+01   -1.0151185402e+01    3.8881651565e+00    8.3141352273e+00    7.0352107511e+00   -2.6215546076e+01    7.1501469597e-01    3.3600000000e+02    8.3480322605e-03    5.3901041667e-01
       277   -6.2774543310e+00    3.9436384697e+01   -1.0216666434e+01    3.9392121031e+00    8.4554606424e+00    7.0352107511e+00   -2.6488567241e+01    7.8122941304e-01    3.3600000000e+02    8.3547590309e-03    5.3834821429e-01
       278   -6.2737209721e+00    3.9397070357e+01   -1.0343705740e+01    4.0699847683e+00    8.4143774052e+00    7.0352107511e+00   -2.6586028996e+01    7.9273509909e-01    3.3600000000e+02    8.4039047014e-03    5.4210565476e-01
       279   -6.2832225071e+00    3.9520073090e+01   -1.0308638554e+01    4.0254160464e+00    8.4474762043e+00    7.0352107511e+00   -2.6568658013e+01    7.7733250426e-01    3.3600000000e+02    8.3886191825e-03    5.4255208333e-01
       280   -6.2635190174e+00    3.9269198967e+01   -1.0249425060e+01    3.9859060425e+00    8.3913591128e+00    7.0352107511e+00   -2.6354404612e+01    6.7840968789e-01    3.3600000000e+02    8.4370506458e-03    5.4274553571e-01
       281   -6.2791021880e+00    3.9460062190e+01   -1.0323198860e+01    4.0440966722e+00    8.4663060230e+00    7.0352107511e+00   -2.6641951998e+01    8.1723636392e-01    3.3600000000e+02    8.4178866916e-03    5.4150297619e-01
       282   -6.2748489581e+00    3.9403253961e+01   -1.0410330652e+01    4.1354816943e+00    8.4983468977e+00    7.0352107511e+00   -2.6800970687e+01    8.5708238577e-01    3.3600000000e+02    8.4367737748e-03    5.4055803571e-01
       283   -6.2714204988e+00    3.9362862036e+01   -1.0332493631e+01    4.0610731325e+00    8.3775584498e+00    7.0352107511e+00   -2.6505854171e+01    7.6059133891e-01    3.3600000000e+02    8.4197751962e-03    5.4377232143e-01
       284   -6.2752116407e+00    3.9412114749e+01   -1.0148528454e+01    3.8733168128e+00    8.4162231083e+00    7.0352107511e+00   -2.6501990234e+01    9.0202792078e-01    3.3600000000e+02    8.4214937524e-03    5.4433035714e-01
       285   -6.2585298891e+00    3.9211436463e+01   -1.0158767167e+01    3.9002372778e+00    8.4167816950e+00    7.0352107511e+00   -2.6260664491e+01    6.4990487838e-01    3.3600000000e+02    8.4321164925e-03    5.4257440476e-01
       286   -6.2675528726e+00    3.9319051091e+01   -1.0201710321e+01    3.9341574483e+00    8.4103312704e+00    7.0352107511e+00   -2.6388085710e+01    7.4083336770e-01    3.3600000000e+02    8.3894796130e-03    5.4127232143e-01
       287   -6.2787897525e+00    3.9450218847e+01   -1.0283758056e+01    4.0049683036e+00    8.4328903595e+00    7.0352107511e+00   -2.6430319024e+01    6.7845985715e-01    3.3600000000e+02    8.4212758368e-03    5.4107142857e-01
       288   -6.2616874750e+00    3.9256222209e+01   -1.0207263480e+01    3.9455760048e+00    8.4664614477e+00    7.0352107511e+00   -2.6448886602e+01    7.3995092378e-01    3.3600000000e+02    8.4021936068e-03    5.3997023810e-01
       289   -6.2789329302e+00    3.9450962169e+01   -1.0233892322e+01    3.9549593916e+00    8.4129652479e+00    7.0352107511e+00   -2.6334106164e+01    6.5203784266e-01    3.3600000000e+02    8.4081798809e-03    5.4139880952e-01
       290   -6.2797671351e+00    3.9466124881e+01   -1.0217967799e+01    3.9382006641e+00    8.3747466271e+00    7.0352107511e+00   -2.6381497251e+01    7.5357207399e-01    3.3600000000e+02    8.3677578250e-03    5.4000000000e-01
       291   -6.2819967185e+00    3.9496042210e+01   -1.0179356305e+01    3.8973595862e+00    8.4397046737e+00    7.0352107511e+00   -2.6379351209e+01    7.2507947949e-01    3.3600000000e+02    8.4194928744e-03    5.4418898810e-01
       292   -6.2916182993e+00    3.9611709275e+01   -1.0400701695e+01    4.1090833956e+00    8.4490901108e+00    7.0352107511e+00   -2.6540391304e+01    6.5538874763e-01    3.3600000000e+02    8.4519751503e-03    5.4226934524e-01
       293   -6.2835271348e+00    3.9507449734e+01   -1.0324020560e+01    4.0404934252e+00    8.4359989592e+00    7.0352107511e+00   -2.6592392750e+01    7.9716247974e-01    3.3600000000e+02    8.4333792537e-03    5.4454613095e-01
       294   -6.2696775891e+00    3.9333766879e+01   -9.9849009211e+00    3.7152233320e+00    8.3421080950e+00    7.0352107511e+00   -2.5971780144e+01    6.0956037709e-01    3.3600000000e+02    8.3819902190e-03    5.4271577381e-01
       295   -6.2572911779e+00    3.9193691976e+01   -1.0333927524e+01    4.0766363465e+00    8.4733982365e+00    7.0352107511e+00   -2.6701319036e+01    8.5878252342e-01    3.3600000000e+02    8.3937794885e-03    5.4157738095e-01
       296   -6.2770188528e+00    3.9426486962e+01   -1.0200249899e+01    3.9232310459e+00    8.3804323464e+00    7.0352107511e+00   -2.6310748752e+01    6.9485575599e-01    3.3600000000e+02    8.3894429859e-03    5.4055803571e-01
       297   -6.2605849418e+00    3.9229764441e+01   -1.0478597948e+01    4.2180130061e+00    8.4695872248e+00    7.0352107511e+00   -2.6695204961e+01    7.1180903683e-01    3.3600000000e+02    8.4679401223e-03    5.4473214286e-01
       298   -6.2598356045e+00    3.9228288912e+01   -1.0258415956e+01    3.9985803519e+00    8.4429537413e+00    7.0352107511e+00   -2.6699240871e+01    9.6266042167e-01    3.3600000000e+02    8.3890314937e-03    5.4166666667e-01
       299   -6.2770718451e+00    3.9440265306e+01   -1.0273715326e+01    3.9966434805e+00    8.4247185213e+00    7.0352107511e+00   -2.6488903827e+01    7.5525922892e-01    3.3600000000e+02    8.4028684955e-03    5.4188988095e-01
       300   -6.2681566812e+00    3.9326243577e+01   -1.0444144233e+01    4.1759875516e+00    8.3652360392e+00    7.0352107511e+00   -2.6551645527e+01    7.0705450333e-01    3.3600000000e+02    8.4255235886e-03    5.4151041667e-01
       301   -6.2721602212e+00    3.9367503398e+01   -1.0177715166e+01    3.9055549449e+00    8.4306168418e+00    7.0352107511e+00   -2.6322913815e+01    6.7937105576e-01    3.3600000000e+02    8.4136072955e-03    5.4565476190e-01
       302   -6.2712823829e+00    3.9362104113e+01   -1.0207076986e+01    3.9357946029e+00    8.4637901073e+00    7.0352107511e+00   -2.6378354497e+01    6.7227665265e-01    3.3600000000e+02    8.4211298852e-03    5.4296130952e-01
       303   -6.2776594350e+00    3.9433159009e+01   -1.0354947820e+01    4.0772883851e+00    8.3857790950e+00    7.0352107511e+00   -2.6326418504e+01    5.5048083765e-01    3.3600000000e+02    8.4608944543e-03    5.4281250000e-01
       304   -6.2781006216e+00    3.9461650971e+01   -1.0254538563e+01    3.9764379412e+00    8.4670037162e+00    7.0352107511e+00   -2.6472170506e+01    7.1541747608e-01    3.3600000000e+02    8.3735921979e-03    5.4067708333e-01
       305   -6.2581910200e+00    3.9209859408e+01   -1.0143155275e+01    3.8849642555e+00    8.3816124664e+00    7.0352107511e+00   -2.6318118903e+01    7.5814041039e-01    3.3600000000e+02    8.4092029429e-03    5.4185267857e-01
       306   -6.2658504637e+00    3.9286847469e+01   -1.0267867538e+01    4.0020170745e+00    8.4308000561e+00    7.0352107511e+00   -2.6398317437e+01    6.6443909176e-01    3.3600000000e+02    8.3803485911e-03    5.4122767857e-01
       307   -6.2649738595e+00    3.9288666677e+01   -1.0313451738e+01    4.0484778788e+00    8.4070828857e+00    7.0352107511e+00   -2.6583189882e+01    8.2744450740e-01    3.3600000000e+02    8.4174999890e-03    5.4405505952e-01
       308   -6.2640487147e+00    3.9281123186e+01   -1.0255235189e+01    3.9911864745e+00    8.3641993783e+00    7.0352107511e+00   -2.6581123517e+01    9.2647819829e-01    3.3600000000e+02    8.3641224829e-03    5.4168154762e-01
       309   -6.2825238656e+00    3.9501664434e+01   -1.0269276285e+01    3.9867524198e+00    8.4116463002e+00    7.0352107511e+00   -2.6375140321e+01    6.5900698425e-01    3.3600000000e+02    8.3690575640e-03    5.4170386905e-01
       310   -6.2721067612e+00    3.9363021840e+01   -1.0402572539e+01    4.1304657775e+00    8.3839473875e+00    7.0352107511e+00   -2.6542585865e+01    7.2085518723e-01    3.3600000000e+02    8.3773639954e-03    5.4233630952e-01
       311   -6.2715209382e+00    3.9372714140e+01   -1.0083892193e+01    3.8123712549e+00    8.4209417622e+00    7.0352107511e+00   -2.6381067469e+01    8.4102276235e-01    3.3600000000e+02    8.4083068484e-03    5.4403273810e-01
       312   -6.2565869444e+00    3.9188122843e+01   -1.0175018165e+01    3.9184312204e+00    8.4200880716e+00    7.0352107511e+00   -2.6436645088e+01    8.0632810001e-01    3.3600000000e+02    8.4150610720e-03    5.4360863095e-01
       313   -6.2476117718e+00    3.9068257794e+01   -1.0139775473e+01    3.8921637009e+00    8.3820240169e+00    7.0352107511e+00   -2.6541963369e+01    9.8495312863e-01    3.3600000000e+02    8.3975727161e-03    5.4242559524e-01
       314   -6.2693504503e+00    3.9338013056e+01   -1.0259887137e+01    3.9905366864e+00    8.4597959618e+00    7.0352107511e+00   -2.6629621382e+01    8.7472753238e-01    3.3600000000e+02    8.4599161983e-03    5.4417410714e-01
       315   -6.2757654431e+00    3.9421574854e+01   -1.0305467239e+01    4.0297017958e+00    8.3077253207e+00    7.0352107511e+00   -2.6337587319e+01    6.8918400865e-01    3.3600000000e+02    8.3459894979e-03    5.4090773810e-01
       316   -6.2632489961e+00    3.9265136111e+01   -1.0335543859e+01    4.0722948625e+00    8.4616682172e+00    7.0352107511e+00   -2.6582429789e+01    7.5000696237e-01    3.3600000000e+02    8.3932109964e-03    5.4163690476e-01
       317   -6.2707040179e+00    3.9344772571e+01   -1.0244059878e+01    3.9733558606e+00    8.4695396669e+00    7.0352107511e+00   -2.6516851636e+01    7.6804133981e-01    3.3600000000e+02    8.4076970393e-03    5.4361607143e-01
       318   -6.2741241745e+00    3.9400004991e+01   -1.0453946733e+01    4.1798225586e+00    8.4132110675e+00    7.0352107511e+00   -2.6657069958e+01    7.5470140646e-01    3.3600000000e+02    8.3722707107e-03    5.4245535714e-01
       319   -6.2651432472e+00    3.9286568369e+01   -1.0196873976e+01    3.9317307285e+00    8.4419790054e+00    7.0352107511e+00   -2.6495709054e+01    8.2164532170e-01    3.3600000000e+02    8.4433148849e-03    5.4535714286e-01
       320   -6.2756633011e+00    3.9407828254e+01   -1.0320678598e+01    4.0450152966e+00    8.4543458298e+00    7.0352107511e+00   -2.6533904995e+01    7.2366981672e-01    3.3600000000e+02    8.4225034079e-03    5.4174851190e-01
       321   -6.2770141042e+00    3.9431056634e+01   -1.0190013793e+01    3.9129996892e+00    8.3537040474e+00    7.0352107511e+00   -2.6241521724e+01    6.6259313171e-01    3.3600000000e+02    8.4239765274e-03    5.4372023810e-01
       322   -6.2783731263e+00    3.9452703276e+01   -1.0093026506e+01    3.8146533801e+00    8.4541381284e+00    7.0352107511e+00   -2.6270533335e+01    6.8815794938e-01    3.3600000000e+02    8.3867002409e-03    5.4182291667e-01
       323   -6.2565675205e+00    3.9175686216e+01   -1.0171170017e+01    3.9146024968e+00    8.4383000257e+00    7.0352107511e+00   -2.6493571975e+01    8.4889118079e-01    3.3600000000e+02    8.3847532120e-03    5.3824404762e-01
       324   -6.2581427323e+00    3.9206232676e+01   -1.0361900790e+01    4.1037580578e+00    8.3353404357e+00    7.0352107511e+00   -2.6529352302e+01    7.9690032480e-01    3.3600000000e+02    8.4035809324e-03    5.4062500000e-01
       325   -6.2839517274e+00    3.9523860691e+01   -1.0341806721e+01    4.0578549933e+00    8.4711706066e+00    7.0352107511e+00   -2.6725588483e+01    8.7740040459e-01    3.3600000000e+02    8.3984321723e-03    5.4260416667e-01
       326   -6.2707544324e+00    3.9355806123e+01   -1.0267896476e+01    3.9971420441e+00    8.4649580840e+00    7.0352107511e+00   -2.6473998978e+01    7.0593366659e-01    3.3600000000e+02    8.4480861108e-03    5.3924851190e-01
       327   -6.2776213237e+00    3.9433779070e+01   -1.0256874395e+01    3.9792530716e+00    8.3469479285e+00    7.0352107511e+00   -2.6319594119e+01    6.8056104419e-01    3.3600000000e+02    8.3915976360e-03    5.4370535714e-01
       328   -6.2464652435e+00    3.9059444508e+01   -1.0318920804e+01    4.0724555609e+00    8.3481907940e+00    7.0352107511e+00   -2.6491980033e+01    7.8965768355e-01    3.3600000000e+02    8.3992220953e-03    5.4081845238e-01
       329   -6.2831000180e+00    3.9508776398e+01   -1.0289628698e+01    4.0065286804e+00    8.4062652460e+00    7.0352107511e+00   -2.6490012329e+01    7.5890763386e-01    3.3600000000e+02    8.4311325405e-03    5.4325892857e-01
       330   -6.2610013649e+00    3.9240108401e+01   -1.0163728294e+01    3.9027269292e+00    8.4786566136e+00    7.0352107511e+00   -2.6469753064e+01    7.9215740500e-01    3.3600000000e+02    8.4092270180e-03    5.4354910714e-01
       331   -6.2638939945e+00    3.9262327972e+01   -1.0039821661e+01    3.7759276660e+00    8.4471340646e+00    7.0352107511e+00   -2.6242851093e+01    7.2068461685e-01    3.3600000000e+02    8.3976659350e-03    5.4267113095e-01
       332   -6.2544373981e+00    3.9151453720e+01   -1.0395002501e+01    4.1405651029e+00    8.4260089865e+00    7.0352107511e+00   -2.6624310353e+01    7.6808811482e-01    3.3600000000e+02    8.4514519147e-03    5.4505208333e-01
       333   -6.2775848210e+00    3.9445163579e+01   -1.0259857067e+01    3.9822722459e+00    8.3706227076e+00    7.0352107511e+00   -2.6380534054e+01    7.1484352835e-01    3.3600000000e+02    8.4101383642e-03    5.4186011905e-01
       334   -6.2747680657e+00    3.9410828404e+01   -1.0281988560e+01    4.0072204948e+00    8.4908984514e+00    7.0352107511e+00   -2.6564988331e+01    7.5689056800e-01    3.3600000000e+02    8.4453823899e-03    5.4429315476e-01
       335   -6.2698798562e+00    3.9335259276e+01   -1.0064799265e+01    3.7949194088e+00    8.3396510786e+00    7.0352107511e+00   -2.5999497834e+01    5.5983673931e-01    3.3600000000e+02    8.3882251506e-03    5.4078869048e-01
       336   -6.2762298326e+00    3.9421738462e+01   -9.9952510332e+00    3.7190212007e+00    8.4013328684e+00    7.0352107511e+00   -2.6350369590e+01    9.1857493709e-01    3.3600000000e+02    8.3917487410e-03    5.4136904762e-01
       337   -6.2841808116e+00    3.9518085537e+01   -1.0403438146e+01    4.1192573343e+00    8.4816261123e+00    7.0352107511e+00   -2.6705385845e+01    7.8511083622e-01    3.3600000000e+02    8.3930737698e-03    5.3790178571e-01
       338   -6.2651658483e+00    3.9283436071e+01   -9.9347664290e+00    3.6696005807e+00    8.4913700463e+00    7.0352107511e+00   -2.6342450522e+01    8.8110329589e-01    3.3600000000e+02    8.4424544142e-03    5.4200892857e-01
       339   -6.2743368932e+00    3.9399457497e+01   -1.0272648805e+01    3.9983119116e+00    8.5134748412e+00    7.0352107511e+00   -2.6610588722e+01    7.8925432507e-01    3.3600000000e+02    8.3975686277e-03    5.4132440476e-01
       340   -6.2884516523e+00    3.9570209413e+01   -1.0154846653e+01    3.8663950008e+00    8.3738390472e+00    7.0352107511e+00   -2.6434496185e+01    8.7059973406e-01    3.3600000000e+02    8.4316854142e-03    5.4433035714e-01
       341   -6.2700798414e+00    3.9350823961e+01   -1.0131309826e+01    3.8612299844e+00    8.4036571665e+00    7.0352107511e+00   -2.6515539756e+01    9.4536201272e-01    3.3600000000e+02    8.4192758590e-03    5.4128720238e-01
       342   -6.2738709037e+00    3.9404339473e+01   -1.0161090842e+01    3.8872199381e+00    8.3485708249e+00    7.0352107511e+00   -2.6360334452e+01    8.1546203401e-01    3.3600000000e+02    8.3712414558e-03    5.4215029762e-01
       343   -6.2767813152e+00    3.9428088685e+01   -1.0321011690e+01    4.0442303747e+00    8.4818407797e+00    7.0352107511e+00   -2.6539189016e+01    7.0112579534e-01    3.3600000000e+02    8.4189836080e-03    5.4290922619e-01
       344   -6.2750812096e+00    3.9400046533e+01   -1.0238056814e+01    3.9629756043e+00    8.3594812620e+00    7.0352107511e+00   -2.6229059622e+01    5.9631079463e-01    3.3600000000e+02    8.3815109676e-03    5.4065476190e-01
       345   -6.2704776759e+00    3.9346241224e+01   -1.0245176827e+01    3.9746991510e+00    8.3610833938e+00    7.0352107511e+00   -2.6361115283e+01    7.1964431165e-01    3.3600000000e+02    8.3595878366e-03    5.4088541667e-01
       346   -6.2506617777e+00    3.9102939237e+01   -1.0226027198e+01    3.9753654208e+00    8.4745272430e+00    7.0352107511e+00   -2.6602844162e+01    8.6707896954e-01    3.3600000000e+02    8.4098754236e-03    5.4254464286e-01
       347   -6.2542987194e+00    3.9144175783e+01   -1.0192856465e+01    3.9385577454e+00    8.3589010050e+00    7.0352107511e+00   -2.6290825041e+01    7.0385681990e-01    3.3600000000e+02    8.3786807275e-03    5.3890625000e-01
       348   -6.2810043898e+00    3.9472608137e+01   -1.0118642803e+01    3.8376384130e+00    8.4694716440e+00    7.0352107511e+00   -2.6199509296e+01    5.7618409846e-01    3.3600000000e+02    8.4005254543e-03    5.4313244048e-01
       349   -6.2628571845e+00    3.9269881317e+01   -1.0197184630e+01    3.9343274451e+00    8.5150219993e+00    7.0352107511e+00   -2.6528657117e+01    7.8123973715e-01    3.3600000000e+02    8.4070590598e-03    5.4363839286e-01
       350   -6.2651796743e+00    3.9348623479e+01   -1.0047867785e+01    3.7826881107e+00    8.3770109690e+00    7.0352107511e+00   -2.6257254827e+01    7.9716532176e-01    3.3600000000e+02    8.4739839097e-03    5.4232142857e-01
       351   -6.2534676233e+00    3.9139678406e+01   -1.0236196608e+01    3.9827289845e+00    8.4884820954e+00    7.0352107511e+00   -2.6617713147e+01    8.5782369251e-01    3.3600000000e+02    8.4188218704e-03    5.4287202381e-01
       352   -6.2709881960e+00    3.9355854534e+01   -1.0300685162e+01    4.0296969657e+00    8.3917528836e+00    7.0352107511e+00   -2.6421068676e+01    6.9341987954e-01    3.3600000000e+02    8.4153921530e-03    5.4353422619e-01
       353   -6.2579024377e+00    3.9199505332e+01   -1.0429637450e+01    4.1717350123e+00    8.3801107922e+00    7.0352107511e+00   -2.6700306780e+01    8.5534778611e-01    3.3600000000e+02    8.3944836390e-03    5.4281994048e-01
       354   -6.2796225492e+00    3.9457893441e+01   -1.0216608420e+01    3.9369858706e+00    8.4425876205e+00    7.0352107511e+00   -2.6400284857e+01    7.0587806556e-01    3.3600000000e+02    8.3737949837e-03    5.4067708333e-01
       355   -6.2668180993e+00    3.9302699038e+01   -1.0179785344e+01    3.9129672452e+00    8.4336143354e+00    7.0352107511e+00   -2.6348566999e+01    6.9995656837e-01    3.3600000000e+02    8.4273401603e-03    5.4404761905e-01
       356   -6.2499173260e+00    3.9097705198e+01   -1.0084545515e+01    3.8346281893e+00    8.3701449606e+00    7.0352107511e+00   -2.6389010154e+01    8.9910892697e-01    3.3600000000e+02    8.4014557138e-03    5.4116815476e-01
       357   -6.2606705804e+00    3.9235652084e+01   -1.0328538460e+01    4.0678678794e+00    8.3835645260e+00    7.0352107511e+00   -2.6397501359e+01    6.5018762215e-01    3.3600000000e+02    8.3873969616e-03    5.4250000000e-01
       358   -6.2573322942e+00    3.9190141422e+01   -1.0221248390e+01    3.9639160953e+00    8.4108633099e+00    7.0352107511e+00   -2.6418382178e+01    7.5105972781e-01    3.3600000000e+02    8.4310606769e-03    5.4129464286e-01
       359   -6.2782454722e+00    3.9448559473e+01   -1.0302610413e+01    4.0243649404e+00    8.4080866722e+00    7.0352107511e+00   -2.6511792529e+01    7.6588469255e-01    3.3600000000e+02    8.4006286786e-03    5.4052083333e-01
       360   -6.2788935918e+00    3.9451168921e+01   -1.0335252643e+01    4.0563590515e+00    8.3267021288e+00    7.0352107511e+00   -2.6484211271e+01    7.8704574793e-01    3.3600000000e+02    8.3528019119e-03    5.4138392857e-01
       361   -6.2813090218e+00    3.9488008695e+01   -1.0174116776e+01    3.8928077545e+00    8.4238385024e+00    7.0352107511e+00   -2.6423139705e+01    7.8997367487e-01    3.3600000000e+02    8.4019631585e-03    5.3703125000e-01
       362   -6.2503503005e+00    3.9106413722e+01   -1.0332224577e+01    4.0818742762e+00    8.3928239076e+00    7.0352107511e+00   -2.6712594883e+01    9.5233564724e-01    3.3600000000e+02    8.4031682865e-03    5.4390625000e-01
       363   -6.2774710507e+00    3.9435644302e+01   -1.0362006400e+01    4.0845353489e+00    8.4640856922e+00    7.0352107511e+00   -2.6484577869e+01    6.2327502602e-01    3.3600000000e+02    8.4260417525e-03    5.4094494048e-01
       364   -6.2525881780e+00    3.9133916213e+01   -1.0110536452e+01    3.8579482739e+00    8.3177543425e+00    7.0352107511e+00   -2.6305277724e+01    8.4177617863e-01    3.3600000000e+02    8.3857915549e-03    5.4122767857e-01
       365   -6.2501790292e+00    3.9099393853e+01   -1.0112403547e+01    3.8622245173e+00    8.3448975944e+00    7.0352107511e+00   -2.6289886802e+01    7.9737490986e-01    3.3600000000e+02    8.3647462487e-03    5.4118303571e-01
       366   -6.2845105789e+00    3.9532579811e+01   -1.0256934545e+01    3.9724239656e+00    8.3561020004e+00    7.0352107511e+00   -2.6417852303e+01    7.6960500666e-01    3.3600000000e+02    8.4052927968e-03    5.4519345238e-01
       367   -6.2744541888e+00    3.9396279073e+01   -1.0423185609e+01    4.1487314202e+00    8.4405020812e+00    7.0352107511e+00   -2.6603135762e+01    7.0423732087e-01    3.3600000000e+02    8.3866061385e-03    5.4087053571e-01
       368   -6.2725389231e+00    3.9375198206e+01   -1.0424092202e+01    4.1515532794e+00    8.4141145744e+00    7.0352107511e+00   -2.6482402440e+01    6.0898491157e-01    3.3600000000e+02    8.3813840431e-03    5.4270833333e-01
       369   -6.2729230417e+00    3.9381273407e+01   -1.0198338663e+01    3.9254156217e+00    8.3367886184e+00    7.0352107511e+00   -2.6425656467e+01    8.5531843430e-01    3.3600000000e+02    8.3720060384e-03    5.4168154762e-01
       370   -6.2584000787e+00    3.9194581056e+01   -1.0153568471e+01    3.8951683923e+00    8.4072746736e+00    7.0352107511e+00   -2.6294681725e+01    6.9862782897e-01    3.3600000000e+02    8.4003317710e-03    5.4081845238e-01
       371   -6.2787776654e+00    3.9453717055e+01   -1.0284048858e+01    4.0052711923e+00    8.4401624264e+00    7.0352107511e+00   -2.6474634952e+01    7.1521291695e-01    3.3600000000e+02    8.4226896018e-03    5.4317708333e-01
       372   -6.2733620500e+00    3.9384123568e+01   -1.0371432220e+01    4.0980701700e+00    8.4891291226e+00    7.0352107511e+00   -2.6593444165e+01    6.9767207158e-01    3.3600000000e+02    8.3949950723e-03    5.4116071429e-01
       373   -6.2765816498e+00    3.9426472372e+01   -1.0204223599e+01    3.9276419497e+00    8.4608114331e+00    7.0352107511e+00   -2.6410932697e+01    7.1068691360e-01    3.3600000000e+02    8.3998951685e-03    5.4126488095e-01
       374   -6.2751173039e+00    3.9396112178e+01   -1.0257811753e+01    3.9826944494e+00    8.4376365156e+00    7.0352107511e+00   -2.6305425870e+01    5.7476684991e-01    3.3600000000e+02    8.4426197600e-03    5.4358630952e-01
       375   -6.2716106144e+00    3.9375519909e+01   -1.0397233231e+01    4.1256226166e+00    8.3598690382e+00    7.0352107511e+00   -2.6549705177e+01    7.5739215639e-01    3.3600000000e+02    8.4302760675e-03    5.4288690476e-01
       376   -6.2683402975e+00    3.9328319935e+01   -1.0007932459e+01    3.7395921620e+00    8.3304534467e+00    7.0352107511e+00   -2.6186956421e+01    8.1335976347e-01    3.3600000000e+02    8.3927324553e-03    5.4293898810e-01
       377   -6.2781838306e+00    3.9443744444e+01   -1.0145670490e+01    3.8674866595e+00    8.4597089111e+00    7.0352107511e+00   -2.6320040713e+01    6.7945056113e-01    3.3600000000e+02    8.4123503946e-03    5.4510416667e-01
       378   -6.2761722598e+00    3.9422410668e+01   -1.0217055482e+01    3.9408832218e+00    8.3001633172e+00    7.0352107511e+00   -2.6438187321e+01    8.8575777084e-01    3.3600000000e+02    8.3780951321e-03    5.4265625000e-01
       379   -6.2713644354e+00    3.9361121194e+01   -1.0125104902e+01    3.8537404661e+00    8.3220774011e+00    7.0352107511e+00   -2.6207149373e+01    7.2475631971e-01    3.3600000000e+02    8.3828866191e-03    5.4181547619e-01
       380   -6.2467318676e+00    3.9065000076e+01   -1.0294926636e+01    4.0481947683e+00    8.4504765860e+00    7.0352107511e+00   -2.6622366157e+01    8.4175218350e-01    3.3600000000e+02    8.4354273075e-03    5.4078125000e-01
       381   -6.2748672814e+00    3.9410558467e+01   -1.0400423514e+01    4.1255562330e+00    8.4189453570e+00    7.0352107511e+00   -2.6690304416e+01    8.3572479307e-01    3.3600000000e+02    8.4310061391e-03    5.4156994048e-01
       382   -6.2795630790e+00    3.9461811779e+01   -1.0106727146e+01    3.8271640668e+00    8.3765938788e+00    7.0352107511e+00   -2.6310573742e+01    7.9204196632e-01    3.3600000000e+02    8.4335225152e-03    5.4255208333e-01
       383   -6.2823990281e+00    3.9502338350e+01   -1.0252392055e+01    3.9699930270e+00    8.3671281747e+00    7.0352107511e+00   -2.6430633323e+01    7.7590234250e-01    3.3600000000e+02    8.3885299156e-03    5.4226934524e-01
       384   -6.2730967008e+00    3.9386233291e+01   -1.0304160027e+01    4.0310633264e+00    8.4812316408e+00    7.0352107511e+00   -2.6531465900e+01    7.1086348129e-01    3.3600000000e+02    8.3640065339e-03    5.4151041667e-01
       385   -6.2777315849e+00    3.9445365269e+01   -1.0296131872e+01    4.0184002868e+00    8.4034508933e+00    7.0352107511e+00   -2.6508284368e+01    7.7349085178e-01    3.3600000000e+02    8.3961363257e-03    5.4156994048e-01
       386   -6.2707598681e+00    3.9362446861e+01   -1.0324820756e+01    4.0540608882e+00    8.4374088223e+00    7.0352107511e+00   -2.6510250675e+01    7.1281034502e-01    3.3600000000e+02    8.4362619541e-03    5.4277529762e-01
       387   -6.2671248343e+00    3.9311987654e+01   -1.0060518730e+01    3.7933938957e+00    8.3560843041e+00    7.0352107511e+00   -2.6342716488e+01    8.9090270256e-01    3.3600000000e+02    8.4284339447e-03    5.4485119048e-01
       388   -6.2711400273e+00    3.9362147284e+01   -1.0215871893e+01    3.9447318656e+00    8.4100506693e+00    7.0352107511e+00   -2.6397048548e+01    7.3591523424e-01    3.3600000000e+02    8.4076797953e-03    5.3973958333e-01
       389   -6.2660439072e+00    3.9295855984e+01   -1.0266401192e+01    4.0003572850e+00    8.4210697546e+00    7.0352107511e+00   -2.6455336497e+01    7.3265479891e-01    3.3600000000e+02    8.4032477808e-03    5.4129464286e-01
       390   -6.2634382911e+00    3.9265774603e+01   -9.9978565774e+00    3.7344182863e+00    8.4292237856e+00    7.0352107511e+00   -2.6176654520e+01    7.1436340551e-01    3.3600000000e+02    8.3677294474e-03    5.4042410714e-01
       391   -6.2746924555e+00    3.9404503202e+01   -1.0178234884e+01    3.9035424290e+00    8.3748964130e+00    7.0352107511e+00   -2.6299479636e+01    7.1113758775e-01    3.3600000000e+02    8.4071016505e-03    5.4233630952e-01
       392   -6.2712710490e+00    3.9353410691e+01   -1.0324487282e+01    4.0532162333e+00    8.3972153797e+00    7.0352107511e+00   -2.6404719232e+01    6.4780581894e-01    3.3600000000e+02    8.3842115349e-03    5.4194940476e-01
       393   -6.2589585614e+00    3.9222498807e+01   -1.0251624550e+01    3.9926659884e+00    8.4913547161e+00    7.0352107511e+00   -2.6769411658e+01    9.9122164067e-01    3.3600000000e+02    8.3955873387e-03    5.3927827381e-01
       394   -6.2645915543e+00    3.9286676547e+01   -1.0133243379e+01    3.8686518245e+00    8.3944165222e+00    7.0352107511e+00   -2.6346765778e+01    7.8389512626e-01    3.3600000000e+02    8.4408692603e-03    5.4377232143e-01
       395   -6.2760269553e+00    3.9423739204e+01   -1.0325634353e+01    4.0496073974e+00    8.4370790155e+00    7.0352107511e+00   -2.6515164289e+01    7.1724016982e-01    3.3600000000e+02    8.4311611281e-03    5.4452380952e-01
       396   -6.2687711819e+00    3.9330734785e+01   -1.0232074008e+01    3.9633028259e+00    8.3641754330e+00    7.0352107511e+00   -2.6403408965e+01    7.7194877347e-01    3.3600000000e+02    8.3870618976e-03    5.3790922619e-01
       397   -6.2780875361e+00    3.9467968060e+01   -1.0016779167e+01    3.7386916309e+00    8.5126247061e+00    7.0352107511e+00   -2.6472032589e+01    9.0741796444e-01    3.3600000000e+02    8.4340108414e-03    5.4180059524e-01
       398   -6.2701475017e+00    3.9344287148e+01   -1.0196926670e+01    3.9267791687e+00    8.3973844519e+00    7.0352107511e+00   -2.6360405253e+01    7.3088337983e-01    3.3600000000e+02    8.4441741450e-03    5.4487351190e-01
       399   -6.2697507472e+00    3.9349476025e+01   -1.0308992750e+01    4.0392420026e+00    8.4502220944e+00    7.0352107511e+00   -2.6785100315e+01    9.9067471930e-01    3.3600000000e+02    8.4329730668e-03    5.4277529762e-01
