#   index    LocalEnergy         LocalEnergy_sq      LocalPotential      Kinetic             ElecElec            IonIon              LocalECP            NonLocalECP         BlockWeight         BlockCPU            AcceptRatio         
         0   -6.2501935938e+00    3.9188633806e+01   -9.9697892748e+00    3.7195956810e+00    8.5013672313e+00    7.0352107511e+00   -2.6525165172e+01    1.0187979152e+00    1.6800000000e+02    8.4488939971e-03    5.4059523810e-01
         1   -6.2825355197e+00    3.9502948155e+01   -1.0339634066e+01    4.0570985463e+00    8.5144246995e+00    7.0352107511e+00   -2.6530592497e+01    6.4132298085e-01    1.6800000000e+02    8.0258622766e-03    5.4334821429e-01
         2   -6.2543327206e+00    3.9171850559e+01   -1.0141245715e+01    3.8869129941e+00    8.3660028046e+00    7.0352107511e+00   -2.6333910581e+01    7.9145131031e-01    1.6800000000e+02    8.0138032458e-03    5.4203869048e-01
         3   -6.2331119710e+00    3.8995507155e+01   -1.0041300113e+01    3.8081881424e+00    8.5646016856e+00    7.0352107511e+00   -2.6851206071e+01    1.2100935207e+00    1.6800000000e+02    8.0641350609e-03    5.4403273810e-01
         4   -6.2476422770e+00    3.9087889070e+01   -1.0166621964e+01    3.9189796867e+00    8.4285050139e+00    7.0352107511e+00   -2.6521293735e+01    8.9095600606e-01    1.6800000000e+02    8.0793890492e-03    5.4483630952e-01
         5   -6.2920789737e+00    3.9613221578e+01   -1.0012381845e+01    3.7203028714e+00    8.4368623717e+00    7.0352107511e+00   -2.6109870461e+01    6.2541549346e-01    1.6800000000e+02    8.0818891791e-03    5.4645833333e-01
         6   -6.2804892594e+00    3.9480669787e+01   -1.0358567309e+01    4.0780780500e+00    8.4642572262e+00    7.0352107511e+00   -2.6664060702e+01    8.0602541550e-01    1.6800000000e+02    8.0507370710e-03    5.4312500000e-01
         7   -6.2622497759e+00    3.9350134986e+01   -1.0074594735e+01    3.8123449591e+00    8.5574316702e+00    7.0352107511e+00   -2.6350406649e+01    6.8316949272e-01    1.6800000000e+02    8.0623849062e-03    5.4282738095e-01
         8   -6.2503426210e+00    3.9121204026e+01   -1.0336691578e+01    4.0863489569e+00    8.4390714801e+00    7.0352107511e+00   -2.6773738508e+01    9.6276469856e-01    1.6800000000e+02    8.0504298177e-03    5.4385416667e-01
         9   -6.2653139019e+00    3.9278481145e+01   -1.0438088566e+01    4.1727746644e+00    8.2157092757e+00    7.0352107511e+00   -2.6217381539e+01    5.2837294591e-01    1.6800000000e+02    7.9714876899e-03    5.4443452381e-01
        10   -6.2420965211e+00    3.9009942288e+01   -1.0530865409e+01    4.2887688875e+00    8.4517668004e+00    7.0352107511e+00   -2.6835652727e+01    8.1780976687e-01    1.6800000000e+02    8.0793753344e-03    5.4510416667e-01
        11   -6.2569204660e+00    3.9197688965e+01   -1.0324831304e+01    4.0679108376e+00    8.4983832481e+00    7.0352107511e+00   -2.6590075049e+01    7.3164974575e-01    1.6800000000e+02    8.0397300633e-03    5.4174107143e-01
        12   -6.2788328045e+00    3.9457581812e+01   -1.0588389791e+01    4.3095569864e+00    8.4520630254e+00    7.0352107511e+00   -2.6765049473e+01    6.8938590561e-01    1.6800000000e+02    8.0363569460e-03    5.3775297619e-01
        13   -6.2488122124e+00    3.9093609334e+01   -1.0176405471e+01    3.9275932585e+00    8.3942328246e+00    7.0352107511e+00   -2.6494137368e+01    8.8828832188e-01    1.6800000000e+02    8.0498991357e-03    5.4287202381e-01
        14   -6.2815985001e+00    3.9482360177e+01   -1.0567760643e+01    4.2861621432e+00    8.4798776165e+00    7.0352107511e+00   -2.6653829357e+01    5.7098034650e-01    1.6800000000e+02    8.0390804880e-03    5.4318452381e-01
        15   -6.2733238044e+00    3.9384260045e+01   -1.0356449670e+01    4.0831258656e+00    8.5073788811e+00    7.0352107511e+00   -2.6533811697e+01    6.3477239452e-01    1.6800000000e+02    8.0646306077e-03    5.4561011905e-01
        16   -6.2530689391e+00    3.9136898111e+01   -1.0253824901e+01    4.0007559616e+00    8.4844010432e+00    7.0352107511e+00   -2.6598520038e+01    8.2508334271e-01    1.6800000000e+02    8.0212571359e-03    5.3852678571e-01
        17   -6.2816341457e+00    3.9496100317e+01   -1.0271861982e+01    3.9902278362e+00    8.4033258592e+00    7.0352107511e+00   -2.6567064210e+01    8.5666561792e-01    1.6800000000e+02    8.0556784413e-03    5.4385416667e-01
        18   -6.2948085422e+00    3.9652041667e+01   -1.0489756641e+01    4.1949480991e+00    8.4519259485e+00    7.0352107511e+00   -2.6722345686e+01    7.4545234510e-01    1.6800000000e+02    8.0245802002e-03    5.4174107143e-01
        19   -6.2560989475e+00    3.9200019202e+01   -1.0072504097e+01    3.8164051497e+00    8.4202597275e+00    7.0352107511e+00   -2.6482919138e+01    9.5494456252e-01    1.6800000000e+02    8.0632818142e-03    5.4385416667e-01
        20   -6.2725182306e+00    3.9371172498e+01   -1.0225280313e+01    3.9527620822e+00    8.4174889750e+00    7.0352107511e+00   -2.6400105244e+01    7.2212520536e-01    1.6800000000e+02    8.0177315699e-03    5.4322916667e-01
        21   -6.2875554889e+00    3.9560297420e+01   -1.0265007231e+01    3.9774517426e+00    8.4655668848e+00    7.0352107511e+00   -2.6424942243e+01    6.5915737605e-01    1.6800000000e+02    8.0898338818e-03    5.4577380952e-01
        22   -6.2587510622e+00    3.9251291921e+01   -9.8207187695e+00    3.5619677073e+00    8.3225373816e+00    7.0352107511e+00   -2.5907894077e+01    7.2942717499e-01    1.6800000000e+02    8.0515800399e-03    5.4372023810e-01
        23   -6.2563508791e+00    3.9189835448e+01   -1.0355351105e+01    4.0990002263e+00    8.5130867135e+00    7.0352107511e+00   -2.6810235943e+01    9.0658737295e-01    1.6800000000e+02    8.0720393730e-03    5.4513392857e-01
        24   -6.2652024204e+00    3.9286788134e+01   -1.0138919132e+01    3.8737167116e+00    8.3593866883e+00    7.0352107511e+00   -2.6431457691e+01    8.9794111928e-01    1.6800000000e+02    8.0296005555e-03    5.4261904762e-01
        25   -6.2651894671e+00    3.9312321838e+01   -1.0153052667e+01    3.8878631997e+00    8.4136362406e+00    7.0352107511e+00   -2.6543551327e+01    9.4165166886e-01    1.6800000000e+02    8.0188381973e-03    5.4233630952e-01
        26   -6.2474446700e+00    3.9069592808e+01   -1.0286101756e+01    4.0386570858e+00    8.4433426690e+00    7.0352107511e+00   -2.6465415650e+01    7.0076047451e-01    1.6800000000e+02    7.9931072237e-03    5.4272321429e-01
        27   -6.2712589228e+00    3.9376358198e+01   -1.0162321466e+01    3.8910625432e+00    8.4775429838e+00    7.0352107511e+00   -2.6481643056e+01    8.0656785538e-01    1.6800000000e+02    8.0142911590e-03    5.3950892857e-01
        28   -6.2818521478e+00    3.9486004944e+01   -1.0403230498e+01    4.1213783503e+00    8.4251886343e+00    7.0352107511e+00   -2.6388576536e+01    5.2494665287e-01    1.6800000000e+02    8.0397664348e-03    5.4266369048e-01
        29   -6.2876841839e+00    3.9570635073e+01   -1.0272556645e+01    3.9848724611e+00    8.4106538420e+00    7.0352107511e+00   -2.6621221766e+01    9.0280052758e-01    1.6800000000e+02    8.0926314362e-03    5.4229166667e-01
        30   -6.2505841036e+00    3.9110550383e+01   -1.0058175710e+01    3.8075916063e+00    8.3788152504e+00    7.0352107511e+00   -2.6297155227e+01    8.2495351589e-01    1.6800000000e+02    8.0197248719e-03    5.4404761905e-01
        31   -6.2701797998e+00    3.9342695906e+01   -1.0345440832e+01    4.0752610327e+00    8.4303311021e+00    7.0352107511e+00   -2.6387288165e+01    5.7630547884e-01    1.6800000000e+02    8.0333266108e-03    5.4455357143e-01
        32   -6.2503638491e+00    3.9120661795e+01   -1.0340612121e+01    4.0902482715e+00    8.4695251632e+00    7.0352107511e+00   -2.6778837337e+01    9.3348930234e-01    1.6800000000e+02    8.0392577608e-03    5.4247023810e-01
        33   -6.2713489733e+00    3.9362239509e+01   -1.0052786129e+01    3.7814371553e+00    8.3494327079e+00    7.0352107511e+00   -2.6056584746e+01    6.1915515804e-01    1.6800000000e+02    8.0273586902e-03    5.3901785714e-01
        34   -6.2604294637e+00    3.9237987790e+01   -1.0128646275e+01    3.8682168111e+00    8.3821699684e+00    7.0352107511e+00   -2.6464537021e+01    9.1851002693e-01    1.6800000000e+02    7.9795285904e-03    5.3976190476e-01
        35   -6.3111602799e+00    3.9855723371e+01   -1.0337619267e+01    4.0264589869e+00    8.3431153823e+00    7.0352107511e+00   -2.6450631845e+01    7.3468644488e-01    1.6800000000e+02    8.0584814894e-03    5.4443452381e-01
        36   -6.2500762457e+00    3.9118026421e+01   -9.9235563346e+00    3.6734800889e+00    8.4504876954e+00    7.0352107511e+00   -2.6233455865e+01    8.2420108371e-01    1.6800000000e+02    8.0382119798e-03    5.4078869048e-01
        37   -6.2514008778e+00    3.9110099908e+01   -1.0055132650e+01    3.8037317723e+00    8.3280042248e+00    7.0352107511e+00   -2.6168693006e+01    7.5034537995e-01    1.6800000000e+02    8.0493126076e-03    5.4453869048e-01
        38   -6.2593063476e+00    3.9221484176e+01   -1.0092522146e+01    3.8332157984e+00    8.5549387082e+00    7.0352107511e+00   -2.6454482854e+01    7.7181124866e-01    1.6800000000e+02    8.0726898852e-03    5.4178571429e-01
        39   -6.2712277214e+00    3.9380944043e+01   -1.0005638389e+01    3.7344106677e+00    8.2811839986e+00    7.0352107511e+00   -2.6160379721e+01    8.3834658265e-01    1.6800000000e+02    8.0692605947e-03    5.3989583333e-01
        40   -6.2840686527e+00    3.9521640934e+01   -1.0103535217e+01    3.8194665638e+00    8.4606261731e+00    7.0352107511e+00   -2.6274973123e+01    6.7560098262e-01    1.6800000000e+02    8.0147040121e-03    5.4587797619e-01
        41   -6.2715093332e+00    3.9350058829e+01   -1.0133498041e+01    3.8619887074e+00    8.2959385818e+00    7.0352107511e+00   -2.5950328942e+01    4.8568156898e-01    1.6800000000e+02    8.0458643580e-03    5.4732142857e-01
        42   -6.2873807592e+00    3.9576562004e+01   -1.0425728675e+01    4.1383479156e+00    8.3705840371e+00    7.0352107511e+00   -2.6501073633e+01    6.6955017004e-01    1.6800000000e+02    8.0248905579e-03    5.4608630952e-01
        43   -6.2580598816e+00    3.9203773275e+01   -1.0089128097e+01    3.8310682156e+00    8.4535870869e+00    7.0352107511e+00   -2.6538721035e+01    9.6079510025e-01    1.6800000000e+02    8.0783103116e-03    5.4233630952e-01
        44   -6.2833487874e+00    3.9499282668e+01   -1.0322632080e+01    4.0392832930e+00    8.3223560412e+00    7.0352107511e+00   -2.6209588730e+01    5.2938985704e-01    1.6800000000e+02    8.0419141422e-03    5.4199404762e-01
        45   -6.2860560358e+00    3.9548856689e+01   -1.0089561697e+01    3.8035056611e+00    8.3026173883e+00    7.0352107511e+00   -2.6164421013e+01    7.3703117647e-01    1.6800000000e+02    8.0403141910e-03    5.4380952381e-01
        46   -6.2774860143e+00    3.9435841476e+01   -1.0330231715e+01    4.0527457002e+00    8.4914637691e+00    7.0352107511e+00   -2.6485165639e+01    6.2825940441e-01    1.6800000000e+02    8.0205348287e-03    5.3931547619e-01
        47   -6.2166576299e+00    3.8997960072e+01   -1.0407749502e+01    4.1910918720e+00    8.4002673726e+00    7.0352107511e+00   -2.6520428008e+01    6.7720038224e-01    1.6800000000e+02    8.0519502572e-03    5.3985119048e-01
        48   -6.2504092030e+00    3.9110316149e+01   -1.0013859348e+01    3.7634501447e+00    8.3471413461e+00    7.0352107511e+00   -2.6199638217e+01    8.0342677234e-01    1.6800000000e+02    8.0192868565e-03    5.4263392857e-01
        49   -6.2696723421e+00    3.9342930004e+01   -1.0192347733e+01    3.9226753912e+00    8.4061901152e+00    7.0352107511e+00   -2.6537338062e+01    9.0358946280e-01    1.6800000000e+02    8.0518720927e-03    5.4389880952e-01
        50   -6.2467595768e+00    3.9090937102e+01   -1.0305089458e+01    4.0583298816e+00    8.3479949148e+00    7.0352107511e+00   -2.6423533291e+01    7.3523816657e-01    1.6800000000e+02    7.9875509975e-03    5.4141369048e-01
        51   -6.2692388164e+00    3.9330624029e+01   -1.0295091468e+01    4.0258526516e+00    8.3116580921e+00    7.0352107511e+00   -2.6310858863e+01    6.6889855142e-01    1.6800000000e+02    7.9717269456e-03    5.4483630952e-01
        52   -6.2535927066e+00    3.9161490537e+01   -1.0559483296e+01    4.3058905892e+00    8.5013301590e+00    7.0352107511e+00   -2.6744761391e+01    6.4873718551e-01    1.6800000000e+02    8.0174797691e-03    5.4013392857e-01
        53   -6.2798944879e+00    3.9477027880e+01   -1.0336294186e+01    4.0563996985e+00    8.3765702231e+00    7.0352107511e+00   -2.6384865811e+01    6.3679064995e-01    1.6800000000e+02    8.0124401942e-03    5.4200892857e-01
        54   -6.2614775428e+00    3.9245170280e+01   -1.0403343600e+01    4.1418660573e+00    8.4416295576e+00    7.0352107511e+00   -2.6639491293e+01    7.5930738443e-01    1.6800000000e+02    8.0902699015e-03    5.4470238095e-01
        55   -6.2330983775e+00    3.8934505485e+01   -1.0059322455e+01    3.8262240773e+00    8.4120061173e+00    7.0352107511e+00   -2.6348902381e+01    8.4236305808e-01    1.6800000000e+02    8.0187780494e-03    5.4453869048e-01
        56   -6.2804823409e+00    3.9466087751e+01   -1.0363001164e+01    4.0825188233e+00    8.2458378376e+00    7.0352107511e+00   -2.6287143015e+01    6.4309326201e-01    1.6800000000e+02    8.0363257411e-03    5.4235119048e-01
        57   -6.2336060111e+00    3.8896286313e+01   -1.0010579881e+01    3.7769738696e+00    8.2383014232e+00    7.0352107511e+00   -2.5984777392e+01    7.0068533719e-01    1.6800000000e+02    8.0012833822e-03    5.3866071429e-01
        58   -6.2665315919e+00    3.9304543422e+01   -1.0026441639e+01    3.7599100467e+00    8.3318718459e+00    7.0352107511e+00   -2.6219972268e+01    8.2644803243e-01    1.6800000000e+02    7.9674481337e-03    5.4153273810e-01
        59   -6.2788264903e+00    3.9497693410e+01   -1.0239586532e+01    3.9607600422e+00    8.5252951690e+00    7.0352107511e+00   -2.6621651041e+01    8.2155858864e-01    1.6800000000e+02    8.0279704084e-03    5.4322916667e-01
        60   -6.2490131747e+00    3.9103204272e+01   -9.9035360916e+00    3.6545229169e+00    8.3334564398e+00    7.0352107511e+00   -2.6003351719e+01    7.3114843649e-01    1.6800000000e+02    8.0048956221e-03    5.4193452381e-01
        61   -6.2741804122e+00    3.9394006953e+01   -1.0579729682e+01    4.3055492700e+00    8.4588683022e+00    7.0352107511e+00   -2.6816683696e+01    7.4287496013e-01    1.6800000000e+02    8.0461524748e-03    5.4090773810e-01
        62   -6.2389900998e+00    3.8974273582e+01   -1.0152836538e+01    3.9138464383e+00    8.5506980155e+00    7.0352107511e+00   -2.6677708442e+01    9.3896313672e-01    1.6800000000e+02    7.9922725812e-03    5.3992559524e-01
        63   -6.2567938795e+00    3.9168198283e+01   -9.9706576637e+00    3.7138637842e+00    8.3116254071e+00    7.0352107511e+00   -2.6042005275e+01    7.2451145349e-01    1.6800000000e+02    8.0019496160e-03    5.4063988095e-01
        64   -6.2792850873e+00    3.9460889887e+01   -1.0036151756e+01    3.7568666690e+00    8.4090091460e+00    7.0352107511e+00   -2.6263804421e+01    7.8343276802e-01    1.6800000000e+02    8.0472476658e-03    5.4565476190e-01
        65   -6.2534914887e+00    3.9149439884e+01   -1.0344338204e+01    4.0908467155e+00    8.4148401421e+00    7.0352107511e+00   -2.6614625185e+01    8.2023608743e-01    1.6800000000e+02    8.0664725808e-03    5.4376488095e-01
        66   -6.2721778310e+00    3.9386718230e+01   -1.0287704801e+01    4.0155269700e+00    8.3711433122e+00    7.0352107511e+00   -2.6394544652e+01    7.0048578783e-01    1.6800000000e+02    8.0075807969e-03    5.4046130952e-01
        67   -6.2572504982e+00    3.9185987076e+01   -1.0542969307e+01    4.2857188089e+00    8.4781338951e+00    7.0352107511e+00   -2.6893218737e+01    8.3690478378e-01    1.6800000000e+02    8.0622008425e-03    5.4352678571e-01
        68   -6.2668301812e+00    3.9330879379e+01   -1.0122751585e+01    3.8559214042e+00    8.3119431320e+00    7.0352107511e+00   -2.6305195474e+01    8.3529000547e-01    1.6800000000e+02    8.0152564139e-03    5.4358630952e-01
        69   -6.2683697596e+00    3.9330969248e+01   -1.0610139926e+01    4.3417701666e+00    8.2979748408e+00    7.0352107511e+00   -2.6663587388e+01    7.2026186979e-01    1.6800000000e+02    8.0054233771e-03    5.3913690476e-01
        70   -6.2700808343e+00    3.9375082929e+01   -1.0332887896e+01    4.0628070621e+00    8.4051451194e+00    7.0352107511e+00   -2.6743461050e+01    9.7021728299e-01    1.6800000000e+02    8.0649906969e-03    5.4581845238e-01
        71   -6.2695171367e+00    3.9346894942e+01   -1.0073152898e+01    3.8036357611e+00    8.3413131959e+00    7.0352107511e+00   -2.6210972988e+01    7.6129614281e-01    1.6800000000e+02    7.9751494673e-03    5.3936011905e-01
        72   -6.2406290010e+00    3.9043682248e+01   -9.9725858246e+00    3.7319568237e+00    8.2470961323e+00    7.0352107511e+00   -2.6186712731e+01    9.3182002322e-01    1.6800000000e+02    8.0011438723e-03    5.4422619048e-01
        73   -6.2776500561e+00    3.9460284546e+01   -1.0215843089e+01    3.9381930325e+00    8.3054532062e+00    7.0352107511e+00   -2.6366560242e+01    8.1005319575e-01    1.6800000000e+02    7.9803102417e-03    5.4127976190e-01
        74   -6.2614813678e+00    3.9264920839e+01   -9.9969710160e+00    3.7354896483e+00    8.5059837118e+00    7.0352107511e+00   -2.6340986411e+01    8.0282093160e-01    1.6800000000e+02    8.0333669681e-03    5.4470238095e-01
        75   -6.2631848872e+00    3.9265669581e+01   -1.0549440452e+01    4.2862555649e+00    8.4417685977e+00    7.0352107511e+00   -2.6718287781e+01    6.9186797999e-01    1.6800000000e+02    8.0646351534e-03    5.4203869048e-01
        76   -6.2775277664e+00    3.9428466090e+01   -1.0402259501e+01    4.1247317349e+00    8.6405350976e+00    7.0352107511e+00   -2.6594318603e+01    5.1631325278e-01    1.6800000000e+02    8.0831079921e-03    5.4312500000e-01
        77   -6.2693260640e+00    3.9344376873e+01   -1.0373745229e+01    4.1044191646e+00    8.4819526255e+00    7.0352107511e+00   -2.6860094866e+01    9.6918626027e-01    1.6800000000e+02    8.0802443803e-03    5.3931547619e-01
        78   -6.2906377685e+00    3.9601402083e+01   -1.0199973566e+01    3.9093357970e+00    8.3804967354e+00    7.0352107511e+00   -2.6339413836e+01    7.2373278438e-01    1.6800000000e+02    8.0471776614e-03    5.4455357143e-01
        79   -6.2870016446e+00    3.9576865706e+01   -9.9787677279e+00    3.6917660834e+00    8.3721578455e+00    7.0352107511e+00   -2.6051562768e+01    6.6542644383e-01    1.6800000000e+02    8.0550344761e-03    5.4537202381e-01
        80   -6.2567483617e+00    3.9200934076e+01   -1.0233917155e+01    3.9771687936e+00    8.3485943865e+00    7.0352107511e+00   -2.6387370169e+01    7.6964787601e-01    1.6800000000e+02    8.0246456976e-03    5.4392857143e-01
        81   -6.2224655623e+00    3.8848933130e+01   -1.0565163546e+01    4.3426979841e+00    8.5407393387e+00    7.0352107511e+00   -2.7203463015e+01    1.0623493783e+00    1.6800000000e+02    8.0541542376e-03    5.3895833333e-01
        82   -6.2527148307e+00    3.9143447948e+01   -9.9973416522e+00    3.7446268215e+00    8.2935871919e+00    7.0352107511e+00   -2.6100946023e+01    7.7480642823e-01    1.6800000000e+02    7.9604850450e-03    5.3860119048e-01
        83   -6.2656502676e+00    3.9302370097e+01   -1.0257627356e+01    3.9919770886e+00    8.4101398253e+00    7.0352107511e+00   -2.6392357662e+01    6.8937972983e-01    1.6800000000e+02    7.9884133413e-03    5.4358630952e-01
        84   -6.2730045909e+00    3.9387672256e+01   -1.0129998354e+01    3.8569937632e+00    8.3633383303e+00    7.0352107511e+00   -2.6359055225e+01    8.3050778989e-01    1.6800000000e+02    8.0109126977e-03    5.4169642857e-01
        85   -6.2639409430e+00    3.9278034745e+01   -1.0061318897e+01    3.7973779543e+00    8.4644024737e+00    7.0352107511e+00   -2.6530140185e+01    9.6920806290e-01    1.6800000000e+02    8.0178270139e-03    5.4148809524e-01
        86   -6.2651622590e+00    3.9296374498e+01   -1.0302717955e+01    4.0375556963e+00    8.4758487866e+00    7.0352107511e+00   -2.6714874073e+01    9.0109658026e-01    1.6800000000e+02    8.0471659977e-03    5.4148809524e-01
        87   -6.2915091688e+00    3.9608760592e+01   -1.0017403110e+01    3.7258939409e+00    8.3065292007e+00    7.0352107511e+00   -2.6056310674e+01    6.9716761211e-01    1.6800000000e+02    7.9911871691e-03    5.4476190476e-01
        88   -6.2724149565e+00    3.9385134399e+01   -1.0307949137e+01    4.0355341805e+00    8.3288759973e+00    7.0352107511e+00   -2.6354146691e+01    6.8211080504e-01    1.6800000000e+02    7.9817611979e-03    5.4290178571e-01
        89   -6.2669365948e+00    3.9297964989e+01   -1.0305711159e+01    4.0387745643e+00    8.4901441884e+00    7.0352107511e+00   -2.6657514236e+01    8.2644813758e-01    1.6800000000e+02    8.0453744768e-03    5.4035714286e-01
        90   -6.2405754173e+00    3.9104443562e+01   -9.8779906266e+00    3.6374152093e+00    8.4744527115e+00    7.0352107511e+00   -2.6443634041e+01    1.0559799521e+00    1.6800000000e+02    8.0661082563e-03    5.4391369048e-01
        91   -6.2731984687e+00    3.9377672897e+01   -1.0326669238e+01    4.0534707695e+00    8.4087147770e+00    7.0352107511e+00   -2.6627394146e+01    8.5679937915e-01    1.6800000000e+02    7.9778788190e-03    5.3885416667e-01
        92   -6.2682896757e+00    3.9321857060e+01   -1.0378209435e+01    4.1099197588e+00    8.5425008047e+00    7.0352107511e+00   -2.6670389425e+01    7.1446843487e-01    1.6800000000e+02    7.9822932935e-03    5.4007440476e-01
        93   -6.2804381394e+00    3.9479949229e+01   -1.0198216942e+01    3.9177788025e+00    8.6052488897e+00    7.0352107511e+00   -2.6534594812e+01    6.9591822882e-01    1.6800000000e+02    8.0331010810e-03    5.4013392857e-01
        94   -6.2489371702e+00    3.9096493267e+01   -1.0376530792e+01    4.1275936217e+00    8.3690026402e+00    7.0352107511e+00   -2.6810661763e+01    1.0299175798e+00    1.6800000000e+02    8.0439287703e-03    5.4311011905e-01
        95   -6.2892023001e+00    3.9580635139e+01   -1.0188833396e+01    3.8996310960e+00    8.3367518967e+00    7.0352107511e+00   -2.6246314972e+01    6.8551892807e-01    1.6800000000e+02    7.9714179959e-03    5.4279761905e-01
        96   -6.2930561597e+00    3.9621552010e+01   -1.0231661576e+01    3.9386054167e+00    8.2685948487e+00    7.0352107511e+00   -2.6102315229e+01    5.6684805230e-01    1.6800000000e+02    7.9745066774e-03    5.4090773810e-01
        97   -6.2721861908e+00    3.9410404184e+01   -1.0017878085e+01    3.7456918941e+00    8.4765248733e+00    7.0352107511e+00   -2.6282801789e+01    7.5318807925e-01    1.6800000000e+02    8.0145172209e-03    5.4300595238e-01
        98   -6.2704050713e+00    3.9347661634e+01   -1.0421110582e+01    4.1507055108e+00    8.4654603786e+00    7.0352107511e+00   -2.6752245767e+01    8.3046405552e-01    1.6800000000e+02    8.0189435865e-03    5.4284226190e-01
        99   -6.2508777163e+00    3.9173895776e+01   -1.0103428232e+01    3.8525505155e+00    8.4362975836e+00    7.0352107511e+00   -2.6600809534e+01    1.0258729675e+00    1.6800000000e+02    8.0547457882e-03    5.4400297619e-01
       100   -6.2469192994e+00    3.9296460857e+01   -1.0504660444e+01    4.2577411442e+00    8.3536083985e+00    7.0352107511e+00   -2.6573322184e+01    6.7984259053e-01    1.6800000000e+02    8.0268512746e-03    5.4066964286e-01
       101   -6.2741340103e+00    3.9397058007e+01   -1.0556268585e+01    4.2821345745e+00    8.3961028795e+00    7.0352107511e+00   -2.6691900279e+01    7.0431806368e-01    1.6800000000e+02    8.0003521649e-03    5.3991071429e-01
       102   -6.2733132000e+00    3.9437709661e+01   -1.0362368450e+01    4.0890552503e+00    8.4772910353e+00    7.0352107511e+00   -2.6592689293e+01    7.1781905679e-01    1.6800000000e+02    8.0356142107e-03    5.4047619048e-01
       103   -6.2801191849e+00    3.9475902691e+01   -1.0269683203e+01    3.9895640179e+00    8.2583862289e+00    7.0352107511e+00   -2.6252574716e+01    6.8929453343e-01    1.6800000000e+02    8.0137778284e-03    5.4005952381e-01
       104   -6.2804877895e+00    3.9473864810e+01   -1.0456506670e+01    4.1760188806e+00    8.5137730104e+00    7.0352107511e+00   -2.6751132276e+01    7.4564184433e-01    1.6800000000e+02    8.0657073164e-03    5.4303571429e-01
       105   -6.2825035201e+00    3.9500536188e+01   -1.0033923511e+01    3.7514199911e+00    8.4880743335e+00    7.0352107511e+00   -2.6380728588e+01    8.2351999267e-01    1.6800000000e+02    8.0738786020e-03    5.4196428571e-01
       106   -6.2664875944e+00    3.9312709853e+01   -1.0068201115e+01    3.8017135210e+00    8.4050869085e+00    7.0352107511e+00   -2.6315843919e+01    8.0734514398e-01    1.6800000000e+02    8.0370198592e-03    5.4747023810e-01
       107   -6.2727543391e+00    3.9383779622e+01   -1.0067706296e+01    3.7949519572e+00    8.4510867141e+00    7.0352107511e+00   -2.6435578789e+01    8.8157502751e-01    1.6800000000e+02    8.0060028926e-03    5.3849702381e-01
       108   -6.2808318306e+00    3.9473325773e+01   -1.0032221572e+01    3.7513897410e+00    8.3105426694e+00    7.0352107511e+00   -2.6162798214e+01    7.8482322202e-01    1.6800000000e+02    7.9674344244e-03    5.4078869048e-01
       109   -6.2674609480e+00    3.9309391352e+01   -1.0219748882e+01    3.9522879342e+00    8.5116467565e+00    7.0352107511e+00   -2.6514338215e+01    7.4773182490e-01    1.6800000000e+02    8.0200245582e-03    5.4055059524e-01
       110   -6.2578458353e+00    3.9219928039e+01   -1.0432442279e+01    4.1745964433e+00    8.5256860305e+00    7.0352107511e+00   -2.6899883992e+01    9.0654493179e-01    1.6800000000e+02    8.0383178235e-03    5.3986607143e-01
       111   -6.2761074905e+00    3.9425807472e+01   -1.0329154184e+01    4.0530466935e+00    8.5727164186e+00    7.0352107511e+00   -2.6702084666e+01    7.6500331257e-01    1.6800000000e+02    8.0886891311e-03    5.4383928571e-01
       112   -6.2454727228e+00    3.9109533340e+01   -9.8940011925e+00    3.6485284697e+00    8.3880564681e+00    7.0352107511e+00   -2.6338238102e+01    1.0209696900e+00    1.6800000000e+02    8.0027555260e-03    5.3647321429e-01
       113   -6.2587165868e+00    3.9211644028e+01   -1.0151834990e+01    3.8931184029e+00    8.2995509767e+00    7.0352107511e+00   -2.6336365203e+01    8.4976848535e-01    1.6800000000e+02    8.0256460046e-03    5.4468750000e-01
       114   -6.2532237679e+00    3.9135254863e+01   -1.0401176700e+01    4.1479529322e+00    8.5314845184e+00    7.0352107511e+00   -2.6723845944e+01    7.5597397452e-01    1.6800000000e+02    8.0900985714e-03    5.4443452381e-01
       115   -6.2491808554e+00    3.9084803013e+01   -1.0590687473e+01    4.3415066181e+00    8.5093352087e+00    7.0352107511e+00   -2.6937117245e+01    8.0188381179e-01    1.6800000000e+02    8.1187758950e-03    5.4294642857e-01
       116   -6.2551475975e+00    3.9167571336e+01   -1.0631114111e+01    4.3759665139e+00    8.4186340965e+00    7.0352107511e+00   -2.6695982613e+01    6.1102365379e-01    1.6800000000e+02    8.0432859360e-03    5.4156250000e-01
       117   -6.2810475132e+00    3.9487931024e+01   -1.0530499769e+01    4.2494522559e+00    8.4110434697e+00    7.0352107511e+00   -2.6685811106e+01    7.0905711560e-01    1.6800000000e+02    7.9935347395e-03    5.4226190476e-01
       118   -6.2665911474e+00    3.9331298334e+01   -1.0376829989e+01    4.1102388420e+00    8.5816028098e+00    7.0352107511e+00   -2.6879028863e+01    8.8538531318e-01    1.6800000000e+02    8.0867122548e-03    5.4450892857e-01
       119   -6.2683548658e+00    3.9330520975e+01   -1.0316167927e+01    4.0478130616e+00    8.4868042758e+00    7.0352107511e+00   -2.6746122748e+01    9.0793979413e-01    1.6800000000e+02    7.9766340897e-03    5.3816964286e-01
       120   -6.2849394907e+00    3.9536280266e+01   -1.0158977471e+01    3.8740379808e+00    8.2725068116e+00    7.0352107511e+00   -2.6173440124e+01    7.0674508963e-01    1.6800000000e+02    7.9975043302e-03    5.4397321429e-01
       121   -6.2706975316e+00    3.9359102261e+01   -1.0014276907e+01    3.7435793756e+00    8.2788985503e+00    7.0352107511e+00   -2.6031536536e+01    7.0315032750e-01    1.6800000000e+02    8.0097015515e-03    5.4306547619e-01
       122   -6.2135936464e+00    3.8896855969e+01   -1.0331232121e+01    4.1176384742e+00    8.5987736760e+00    7.0352107511e+00   -2.6716844710e+01    7.5162816249e-01    1.6800000000e+02    8.0359137916e-03    5.3964285714e-01
       123   -6.2625787433e+00    3.9257648679e+01   -1.0197022013e+01    3.9344432701e+00    8.3959874531e+00    7.0352107511e+00   -2.6401568758e+01    7.7334854095e-01    1.6800000000e+02    7.9972689661e-03    5.4232142857e-01
       124   -6.2553413196e+00    3.9170744972e+01   -1.0257179235e+01    4.0018379154e+00    8.4335822882e+00    7.0352107511e+00   -2.6605343964e+01    8.7937169015e-01    1.6800000000e+02    8.0574023027e-03    5.4282738095e-01
       125   -6.2458816057e+00    3.9088690447e+01   -1.0238091720e+01    3.9922101145e+00    8.4532606129e+00    7.0352107511e+00   -2.6782183825e+01    1.0556207406e+00    1.6800000000e+02    8.1172673575e-03    5.4663690476e-01
       126   -6.2518639247e+00    3.9150393651e+01   -1.0291175690e+01    4.0393117657e+00    8.3571340788e+00    7.0352107511e+00   -2.6345602098e+01    6.6208157767e-01    1.6800000000e+02    8.0013918646e-03    5.4147321429e-01
       127   -6.2489940214e+00    3.9083378046e+01   -1.0286054602e+01    4.0370605802e+00    8.4934041241e+00    7.0352107511e+00   -2.6548850648e+01    7.3418117094e-01    1.6800000000e+02    7.9658388138e-03    5.3616071429e-01
       128   -6.2472753031e+00    3.9093649723e+01   -1.0231868060e+01    3.9845927573e+00    8.5304680801e+00    7.0352107511e+00   -2.6880445078e+01    1.0828981860e+00    1.6800000000e+02    8.0314422736e-03    5.4477678571e-01
       129   -6.2780180950e+00    3.9429363373e+01   -1.0222939555e+01    3.9449214600e+00    8.3615331179e+00    7.0352107511e+00   -2.6074366080e+01    4.5468265551e-01    1.6800000000e+02    8.0267500875e-03    5.4016369048e-01
       130   -6.2926613231e+00    3.9623025343e+01   -1.0072518013e+01    3.7798566903e+00    8.3293580723e+00    7.0352107511e+00   -2.5926543045e+01    4.8945620788e-01    1.6800000000e+02    8.0352755751e-03    5.4276785714e-01
       131   -6.2792160015e+00    3.9459509649e+01   -1.0163722276e+01    3.8845062747e+00    8.5150593124e+00    7.0352107511e+00   -2.6470863606e+01    7.5687126666e-01    1.6800000000e+02    8.0041487679e-03    5.4238095238e-01
       132   -6.2631938083e+00    3.9312380819e+01   -9.8162993415e+00    3.5531055332e+00    8.4538654415e+00    7.0352107511e+00   -2.6114828898e+01    8.0945336408e-01    1.6800000000e+02    8.0827990092e-03    5.4433035714e-01
       133   -6.2630177252e+00    3.9283545459e+01   -1.0202432541e+01    3.9394148157e+00    8.3895506372e+00    7.0352107511e+00   -2.6626599516e+01    9.9940558642e-01    1.6800000000e+02    8.0979444098e-03    5.4488095238e-01
       134   -6.2683375829e+00    3.9327085930e+01   -1.0242504007e+01    3.9741664241e+00    8.3398562512e+00    7.0352107511e+00   -2.6441192323e+01    8.2362131393e-01    1.6800000000e+02    8.0365306099e-03    5.4455357143e-01
       135   -6.2865763223e+00    3.9551625056e+01   -1.0405862570e+01    4.1192862474e+00    8.4293371507e+00    7.0352107511e+00   -2.6486301473e+01    6.1589100198e-01    1.6800000000e+02    7.9835439655e-03    5.4285714286e-01
       136   -6.2627890003e+00    3.9265786987e+01   -1.0302310240e+01    4.0395212394e+00    8.5308478811e+00    7.0352107511e+00   -2.6671600660e+01    8.0323178807e-01    1.6800000000e+02    8.0731115470e-03    5.4288690476e-01
       137   -6.2713759130e+00    3.9357925279e+01   -1.0278748170e+01    4.0073722568e+00    8.4506943570e+00    7.0352107511e+00   -2.6450871280e+01    6.8621800245e-01    1.6800000000e+02    8.0152669356e-03    5.4372023810e-01
       138   -6.2828678602e+00    3.9500765304e+01   -1.0328633551e+01    4.0457656912e+00    8.4928586933e+00    7.0352107511e+00   -2.6409005429e+01    5.5230243273e-01    1.6800000000e+02    8.0501308022e-03    5.4345238095e-01
       139   -6.2785241679e+00    3.9446040927e+01   -1.0430750993e+01    4.1522268249e+00    8.3244676739e+00    7.0352107511e+00   -2.6508261678e+01    7.1783225988e-01    1.6800000000e+02    8.0119407614e-03    5.4071428571e-01
       140   -6.2678300347e+00    3.9329990443e+01   -1.0228752296e+01    3.9609222616e+00    8.5209738528e+00    7.0352107511e+00   -2.6503245692e+01    7.1830879198e-01    1.6800000000e+02    8.0143319764e-03    5.4136904762e-01
       141   -6.2459786775e+00    3.9080831948e+01   -1.0441208264e+01    4.1952295862e+00    8.4321525021e+00    7.0352107511e+00   -2.6794681554e+01    8.8611003723e-01    1.6800000000e+02    8.0357831182e-03    5.4235119048e-01
       142   -6.2709395659e+00    3.9373472077e+01   -1.0077084833e+01    3.8061452673e+00    8.4429848951e+00    7.0352107511e+00   -2.6421132576e+01    8.6585209637e-01    1.6800000000e+02    8.0292940894e-03    5.4078869048e-01
       143   -6.2763625385e+00    3.9426589593e+01   -9.9570580073e+00    3.6806954688e+00    8.5601367490e+00    7.0352107511e+00   -2.6556034982e+01    1.0036294745e+00    1.6800000000e+02    8.1070784391e-03    5.4248511905e-01
       144   -6.2788333568e+00    3.9452020793e+01   -1.0109428050e+01    3.8305946930e+00    8.3091932703e+00    7.0352107511e+00   -2.6079824264e+01    6.2599219268e-01    1.6800000000e+02    8.0066231589e-03    5.4032738095e-01
       145   -6.2662394736e+00    3.9327323584e+01   -1.0313280862e+01    4.0470413886e+00    8.3071367960e+00    7.0352107511e+00   -2.6534610414e+01    8.7898200423e-01    1.6800000000e+02    8.0046112971e-03    5.4534226190e-01
       146   -6.2752928198e+00    3.9414644551e+01   -1.0171420175e+01    3.8961273553e+00    8.4521446895e+00    7.0352107511e+00   -2.6421384103e+01    7.6260848716e-01    1.6800000000e+02    8.0306925700e-03    5.4135416667e-01
       147   -6.2913559702e+00    3.9606010078e+01   -1.0388287239e+01    4.0969312690e+00    8.4680952418e+00    7.0352107511e+00   -2.6574918461e+01    6.8332522930e-01    1.6800000000e+02    8.0646882721e-03    5.4697916667e-01
       148   -6.2805047089e+00    3.9481393840e+01   -1.0375194347e+01    4.0946896378e+00    8.3942138345e+00    7.0352107511e+00   -2.6523958061e+01    7.1933912885e-01    1.6800000000e+02    8.0831651243e-03    5.4686011905e-01
       149   -6.2953087491e+00    3.9653336699e+01   -1.0429214447e+01    4.1339056976e+00    8.3560147679e+00    7.0352107511e+00   -2.6401451040e+01    5.8101107461e-01    1.6800000000e+02    8.0019329298e-03    5.4153273810e-01
       150   -6.2589743673e+00    3.9219876069e+01   -1.0113107023e+01    3.8541326558e+00    8.4235289063e+00    7.0352107511e+00   -2.6313448597e+01    7.4160191665e-01    1.6800000000e+02    8.0442572500e-03    5.4470238095e-01
       151   -6.2842390104e+00    3.9525492459e+01   -1.0513832840e+01    4.2295938297e+00    8.4068942080e+00    7.0352107511e+00   -2.6595277617e+01    6.3933981821e-01    1.6800000000e+02    8.0070867636e-03    5.4186011905e-01
       152   -6.2726117122e+00    3.9377241844e+01   -1.0291184144e+01    4.0185724318e+00    8.5154724495e+00    7.0352107511e+00   -2.6633903939e+01    7.9203659385e-01    1.6800000000e+02    8.0986959095e-03    5.4668154762e-01
       153   -6.2769008743e+00    3.9426257593e+01   -1.0502001851e+01    4.2251009767e+00    8.4811474115e+00    7.0352107511e+00   -2.6786039576e+01    7.6767956286e-01    1.6800000000e+02    7.9608678019e-03    5.3843750000e-01
       154   -6.2767309400e+00    3.9437833006e+01   -1.0039275772e+01    3.7625448324e+00    8.5194695089e+00    7.0352107511e+00   -2.6430843765e+01    8.3688773222e-01    1.6800000000e+02    8.0026045131e-03    5.4116071429e-01
       155   -6.2823728290e+00    3.9503309750e+01   -1.0497667267e+01    4.2152944379e+00    8.5025779024e+00    7.0352107511e+00   -2.6766335267e+01    7.3087934655e-01    1.6800000000e+02    8.0281126180e-03    5.4151785714e-01
       156   -6.2844791522e+00    3.9526281487e+01   -1.0228354199e+01    3.9438750464e+00    8.4102413944e+00    7.0352107511e+00   -2.6421784479e+01    7.4797813507e-01    1.6800000000e+02    8.0610462742e-03    5.4483630952e-01
       157   -6.3001040216e+00    3.9717575876e+01   -1.0329722806e+01    4.0296187843e+00    8.3950769132e+00    7.0352107511e+00   -2.6357947312e+01    5.9793684163e-01    1.6800000000e+02    8.0362285787e-03    5.4242559524e-01
       158   -6.2153918280e+00    3.8718060954e+01   -1.0316662852e+01    4.1012710242e+00    8.4055962274e+00    7.0352107511e+00   -2.6926536894e+01    1.1690670638e+00    1.6800000000e+02    8.0445680346e-03    5.4224702381e-01
       159   -6.2625925076e+00    3.9257649305e+01   -1.0160729308e+01    3.8981368002e+00    8.5015557084e+00    7.0352107511e+00   -2.6617326986e+01    9.1983121822e-01    1.6800000000e+02    8.0846474406e-03    5.4507440476e-01
       160   -6.2937345488e+00    3.9646489905e+01   -1.0236087180e+01    3.9423526307e+00    8.3492968814e+00    7.0352107511e+00   -2.6234386771e+01    6.1379195879e-01    1.6800000000e+02    7.9839821029e-03    5.4098214286e-01
       161   -6.2709999568e+00    3.9371883649e+01   -1.0387213384e+01    4.1162134274e+00    8.4155372604e+00    7.0352107511e+00   -2.6617819100e+01    7.7985770464e-01    1.6800000000e+02    8.0032166914e-03    5.3946428571e-01
       162   -6.2787813738e+00    3.9457024092e+01   -9.9610694340e+00    3.6822880602e+00    8.4111658824e+00    7.0352107511e+00   -2.6056016009e+01    6.4856994150e-01    1.6800000000e+02    8.0005816583e-03    5.4061011905e-01
       163   -6.2878758209e+00    3.9564786622e+01   -1.0189541298e+01    3.9016654772e+00    8.3859361698e+00    7.0352107511e+00   -2.6320845144e+01    7.1015692536e-01    1.6800000000e+02    8.0243927161e-03    5.4386904762e-01
       164   -6.2786617595e+00    3.9452543626e+01   -1.0389079402e+01    4.1104176426e+00    8.4869977170e+00    7.0352107511e+00   -2.6708047630e+01    7.9675976016e-01    1.6800000000e+02    8.0081631285e-03    5.4004464286e-01
       165   -6.2628954620e+00    3.9317927870e+01   -1.0355022522e+01    4.0921270597e+00    8.5304602271e+00    7.0352107511e+00   -2.6751587432e+01    8.3089393211e-01    1.6800000000e+02    8.0577129376e-03    5.4272321429e-01
       166   -6.2600432732e+00    3.9217306973e+01   -1.0238937279e+01    3.9788940059e+00    8.4497767180e+00    7.0352107511e+00   -2.6473837382e+01    7.4991263415e-01    1.6800000000e+02    8.0046971340e-03    5.4150297619e-01
       167   -6.2670025986e+00    3.9300762923e+01   -1.0313683185e+01    4.0466805864e+00    8.3499040927e+00    7.0352107511e+00   -2.6414516013e+01    7.1571798390e-01    1.6800000000e+02    8.0423595750e-03    5.4450892857e-01
       168   -6.2500390695e+00    3.9104256392e+01   -1.0403041193e+01    4.1530021236e+00    8.3044072941e+00    7.0352107511e+00   -2.6518739970e+01    7.7608073182e-01    1.6800000000e+02    8.0990811167e-03    5.4383928571e-01
       169   -6.2846265508e+00    3.9521197184e+01   -1.0168842711e+01    3.8842161607e+00    8.4877723571e+00    7.0352107511e+00   -2.6395470906e+01    7.0364508648e-01    1.6800000000e+02    8.0336918223e-03    5.4138392857e-01
       170   -6.2675384729e+00    3.9316961519e+01   -1.0258539822e+01    3.9910013490e+00    8.4952687630e+00    7.0352107511e+00   -2.6448787199e+01    6.5976786313e-01    1.6800000000e+02    8.0143890366e-03    5.4025297619e-01
       171   -6.2684057248e+00    3.9330069670e+01   -1.0114745761e+01    3.8463400366e+00    8.4476738972e+00    7.0352107511e+00   -2.6275298257e+01    6.7766784693e-01    1.6800000000e+02    8.0898483173e-03    5.4535714286e-01
       172   -6.2219149569e+00    3.8812190492e+01   -1.0034774872e+01    3.8128599153e+00    8.5256295967e+00    7.0352107511e+00   -2.6587060962e+01    9.9144574166e-01    1.6800000000e+02    8.0608240040e-03    5.4431547619e-01
       173   -6.2778366183e+00    3.9440118891e+01   -1.0309927452e+01    4.0320908339e+00    8.4824586640e+00    7.0352107511e+00   -2.6460382036e+01    6.3278516907e-01    1.6800000000e+02    8.1058849714e-03    5.4547619048e-01
       174   -6.2477899710e+00    3.9083723771e+01   -1.0146230910e+01    3.8984409394e+00    8.2963786084e+00    7.0352107511e+00   -2.6394325488e+01    9.1650521799e-01    1.6800000000e+02    8.0135690514e-03    5.4401785714e-01
       175   -6.2941742446e+00    3.9641665997e+01   -1.0151230136e+01    3.8570558918e+00    8.4920819117e+00    7.0352107511e+00   -2.6277688449e+01    5.9916564936e-01    1.6800000000e+02    8.0202986775e-03    5.4337797619e-01
       176   -6.2609779459e+00    3.9256138257e+01   -1.0462902249e+01    4.2019243036e+00    8.4045205144e+00    7.0352107511e+00   -2.6550464218e+01    6.4783070302e-01    1.6800000000e+02    8.0316769669e-03    5.4122023810e-01
       177   -6.2665898559e+00    3.9302905668e+01   -1.0251605100e+01    3.9850152444e+00    8.3784830724e+00    7.0352107511e+00   -2.6610890021e+01    9.4559109765e-01    1.6800000000e+02    8.0183263691e-03    5.4434523810e-01
       178   -6.2817942057e+00    3.9513513148e+01   -1.0517331713e+01    4.2355375074e+00    8.5355943988e+00    7.0352107511e+00   -2.7011667569e+01    9.2353070610e-01    1.6800000000e+02    8.1069762929e-03    5.4321428571e-01
       179   -6.2714425685e+00    3.9373133104e+01   -1.0096759215e+01    3.8253166463e+00    8.3822892618e+00    7.0352107511e+00   -2.6211826564e+01    6.9756733658e-01    1.6800000000e+02    8.0191865674e-03    5.4055059524e-01
       180   -6.2596597926e+00    3.9213805509e+01   -1.0395129667e+01    4.1354698743e+00    8.3890784859e+00    7.0352107511e+00   -2.6439023017e+01    6.1960411273e-01    1.6800000000e+02    7.9992772579e-03    5.4339285714e-01
       181   -6.2624607124e+00    3.9251864460e+01   -1.0046845860e+01    3.7843851480e+00    8.2832715073e+00    7.0352107511e+00   -2.6251777518e+01    8.8644939934e-01    1.6800000000e+02    7.9623205155e-03    5.4007440476e-01
       182   -6.2683558309e+00    3.9321272460e+01   -1.0394261627e+01    4.1259057963e+00    8.3959962883e+00    7.0352107511e+00   -2.6559429979e+01    7.3396131257e-01    1.6800000000e+02    8.0379649465e-03    5.4306547619e-01
       183   -6.2791327675e+00    3.9460506251e+01   -1.0106818033e+01    3.8276852660e+00    8.3050374045e+00    7.0352107511e+00   -2.6286382684e+01    8.3931649532e-01    1.6800000000e+02    8.0227458827e-03    5.4160714286e-01
       184   -6.2722261401e+00    3.9367406598e+01   -1.0321312950e+01    4.0490868096e+00    8.4194401579e+00    7.0352107511e+00   -2.6444705564e+01    6.6874170487e-01    1.6800000000e+02    8.0400227425e-03    5.4471726190e-01
       185   -6.2807198150e+00    3.9481455258e+01   -1.0255133402e+01    3.9744135866e+00    8.2747720014e+00    7.0352107511e+00   -2.6254142091e+01    6.8902593701e-01    1.6800000000e+02    8.0065951527e-03    5.4005952381e-01
       186   -6.2677973110e+00    3.9339428171e+01   -9.9250882698e+00    3.6572909588e+00    8.3331750545e+00    7.0352107511e+00   -2.6256968713e+01    9.6349463792e-01    1.6800000000e+02    7.9632059981e-03    5.4047619048e-01
       187   -6.2799936676e+00    3.9485792310e+01   -1.0268563334e+01    3.9885696667e+00    8.4958643418e+00    7.0352107511e+00   -2.6510404393e+01    7.1076596613e-01    1.6800000000e+02    8.0598465755e-03    5.4541666667e-01
       188   -6.2854777400e+00    3.9531924597e+01   -1.0236808155e+01    3.9513304146e+00    8.5287283596e+00    7.0352107511e+00   -2.6500579569e+01    6.9983230416e-01    1.6800000000e+02    8.0204434094e-03    5.4245535714e-01
       189   -6.2808537566e+00    3.9478924151e+01   -1.0177974842e+01    3.8971210854e+00    8.4955672312e+00    7.0352107511e+00   -2.6496850231e+01    7.8809740640e-01    1.6800000000e+02    8.0627798036e-03    5.4513392857e-01
       190   -6.2835564544e+00    3.9524396679e+01   -1.0414092832e+01    4.1305363776e+00    8.3262378733e+00    7.0352107511e+00   -2.6520271623e+01    7.4473016608e-01    1.6800000000e+02    8.0413022799e-03    5.4379464286e-01
       191   -6.3018295983e+00    3.9740491884e+01   -1.0455412216e+01    4.1535826180e+00    8.2555361046e+00    7.0352107511e+00   -2.6465631235e+01    7.1947216290e-01    1.6800000000e+02    8.0882626630e-03    5.4633928571e-01
       192   -6.2635471228e+00    3.9303035794e+01   -1.0415900210e+01    4.1523530875e+00    8.5567448429e+00    7.0352107511e+00   -2.6747521616e+01    7.3966581166e-01    1.6800000000e+02    8.0456186108e-03    5.4377976190e-01
       193   -6.2760998030e+00    3.9428119849e+01   -1.0508329155e+01    4.2322293522e+00    8.4181095861e+00    7.0352107511e+00   -2.6741253946e+01    7.7960445343e-01    1.6800000000e+02    8.0441947017e-03    5.4357142857e-01
       194   -6.2547517870e+00    3.9191301970e+01   -1.0326784154e+01    4.0720323669e+00    8.4063424213e+00    7.0352107511e+00   -2.6649684784e+01    8.8134745747e-01    1.6800000000e+02    8.0288964479e-03    5.4459821429e-01
       195   -6.2664109927e+00    3.9334239227e+01   -1.0189928819e+01    3.9235178265e+00    8.4944677310e+00    7.0352107511e+00   -2.6606923324e+01    8.8731602272e-01    1.6800000000e+02    8.0263654014e-03    5.4437500000e-01
       196   -6.2556046535e+00    3.9164471697e+01   -1.0043641478e+01    3.7880368248e+00    8.5412355403e+00    7.0352107511e+00   -2.6525701496e+01    9.0561372581e-01    1.6800000000e+02    8.0605768599e-03    5.4266369048e-01
       197   -6.2260749502e+00    3.8856376097e+01   -9.9336977288e+00    3.7076227786e+00    8.4252159442e+00    7.0352107511e+00   -2.6492109004e+01    1.0979845795e+00    1.6800000000e+02    8.0634335422e-03    5.4148809524e-01
       198   -6.2621717351e+00    3.9258532173e+01   -1.0182443920e+01    3.9202721853e+00    8.3202699681e+00    7.0352107511e+00   -2.6417535073e+01    8.7961043382e-01    1.6800000000e+02    8.0344574637e-03    5.4132440476e-01
       199   -6.2880803338e+00    3.9564335120e+01   -1.0139777986e+01    3.8516976526e+00    8.4308448751e+00    7.0352107511e+00   -2.6456208741e+01    8.5037512866e-01    1.6800000000e+02    8.0790105608e-03    5.4648809524e-01
       200   -6.2540194811e+00    3.9150504503e+01   -1.0186614525e+01    3.9325950442e+00    8.4357022691e+00    7.0352107511e+00   -2.6486252534e+01    8.2872498877e-01    1.6800000000e+02    8.0942349353e-03    5.4599702381e-01
       201   -6.2725422109e+00    3.9386889725e+01   -1.0332133423e+01    4.0595912117e+00    8.3922105490e+00    7.0352107511e+00   -2.6699984130e+01    9.4042940743e-01    1.6800000000e+02    8.0530255301e-03    5.4519345238e-01
       202   -6.2649424197e+00    3.9293358898e+01   -9.9738447431e+00    3.7089023233e+00    8.4499679067e+00    7.0352107511e+00   -2.6369265541e+01    9.1024213969e-01    1.6800000000e+02    8.0079892373e-03    5.4296130952e-01
       203   -6.2719815625e+00    3.9384190318e+01   -1.0085079866e+01    3.8130983036e+00    8.2087682543e+00    7.0352107511e+00   -2.6150767727e+01    8.2170885520e-01    1.6800000000e+02    7.9668314872e-03    5.4040178571e-01
       204   -6.2920651991e+00    3.9669498752e+01   -1.0270113782e+01    3.9780485828e+00    8.3965750205e+00    7.0352107511e+00   -2.6490369181e+01    7.8846962704e-01    1.6800000000e+02    7.9905592581e-03    5.4376488095e-01
       205   -6.3188377252e+00    4.0003556377e+01   -1.0251041013e+01    3.9322032878e+00    8.5661135379e+00    7.0352107511e+00   -2.6449697974e+01    5.9733267186e-01    1.6800000000e+02    8.0683533424e-03    5.4223214286e-01
       206   -6.2754092183e+00    3.9403287190e+01   -1.0420062405e+01    4.1446531866e+00    8.4414220302e+00    7.0352107511e+00   -2.6788531376e+01    8.9183618964e-01    1.6800000000e+02    8.0354849619e-03    5.4197916667e-01
       207   -6.2534835420e+00    3.9153387618e+01   -9.9204814109e+00    3.6669978689e+00    8.4013113330e+00    7.0352107511e+00   -2.6271023870e+01    9.1402037501e-01    1.6800000000e+02    8.0037778521e-03    5.4037202381e-01
       208   -6.2742322870e+00    3.9390922490e+01   -1.0203926453e+01    3.9296941665e+00    8.3696036929e+00    7.0352107511e+00   -2.6245885328e+01    6.3714443053e-01    1.6800000000e+02    7.9985989723e-03    5.4410714286e-01
       209   -6.2487772012e+00    3.9100821398e+01   -1.0265716314e+01    4.0169391126e+00    8.4602226285e+00    7.0352107511e+00   -2.6599932552e+01    8.3878285893e-01    1.6800000000e+02    8.0204711994e-03    5.4555059524e-01
       210   -6.2889374652e+00    3.9577050522e+01   -1.0194177501e+01    3.9052400359e+00    8.3738280686e+00    7.0352107511e+00   -2.6340266283e+01    7.3704996171e-01    1.6800000000e+02    8.0556385940e-03    5.4063988095e-01
       211   -6.2581588643e+00    3.9211705702e+01   -1.0295492941e+01    4.0373340770e+00    8.5114662500e+00    7.0352107511e+00   -2.6792313860e+01    9.5014391732e-01    1.6800000000e+02    8.0443608209e-03    5.4026785714e-01
       212   -6.2598535620e+00    3.9220605342e+01   -1.0295937715e+01    4.0360841528e+00    8.5432965370e+00    7.0352107511e+00   -2.6708000449e+01    8.3355544557e-01    1.6800000000e+02    8.0539975149e-03    5.4230654762e-01
       213   -6.2358221428e+00    3.8958724455e+01   -1.0100317320e+01    3.8644951769e+00    8.4474574836e+00    7.0352107511e+00   -2.6486651780e+01    9.0366622594e-01    1.6800000000e+02    8.1081566223e-03    5.4465773810e-01
       214   -6.2798891205e+00    3.9463753898e+01   -1.0307223035e+01    4.0273339149e+00    8.2442873832e+00    7.0352107511e+00   -2.6258390674e+01    6.7166950475e-01    1.6800000000e+02    7.9761439923e-03    5.4113095238e-01
       215   -6.2579312215e+00    3.9204945053e+01   -1.0195348172e+01    3.9374169506e+00    8.4151974603e+00    7.0352107511e+00   -2.6434619752e+01    7.8886336868e-01    1.6800000000e+02    8.0126848216e-03    5.3922619048e-01
       216   -6.2584862107e+00    3.9201996599e+01   -1.0253137997e+01    3.9946517861e+00    8.4566957986e+00    7.0352107511e+00   -2.6451709583e+01    7.0666503646e-01    1.6800000000e+02    7.9839881620e-03    5.4096726190e-01
       217   -6.2908927267e+00    3.9604359333e+01   -1.0461555743e+01    4.1706630163e+00    8.4594642244e+00    7.0352107511e+00   -2.6605734143e+01    6.4950342440e-01    1.6800000000e+02    8.0126740449e-03    5.4068452381e-01
       218   -6.2636218129e+00    3.9254514232e+01   -1.0396787965e+01    4.1331661524e+00    8.4447246853e+00    7.0352107511e+00   -2.6627930118e+01    7.5120671630e-01    1.6800000000e+02    8.0154870992e-03    5.4075892857e-01
       219   -6.3149938874e+00    3.9914782245e+01   -1.0143652694e+01    3.8286588063e+00    8.4589229016e+00    7.0352107511e+00   -2.6406142684e+01    7.6835633789e-01    1.6800000000e+02    8.0751312642e-03    5.4145833333e-01
       220   -6.2671738357e+00    3.9403478462e+01   -1.0383077507e+01    4.1159036718e+00    8.4374475869e+00    7.0352107511e+00   -2.6591371076e+01    7.3563523059e-01    1.6800000000e+02    8.0172821070e-03    5.4250000000e-01
       221   -6.2733418515e+00    3.9403164757e+01   -1.0228140077e+01    3.9547982253e+00    8.4135082591e+00    7.0352107511e+00   -2.6793090366e+01    1.1162312791e+00    1.6800000000e+02    8.0906636403e-03    5.4492559524e-01
       222   -6.2428356074e+00    3.9169459210e+01   -1.0389612708e+01    4.1467771004e+00    8.5493578701e+00    7.0352107511e+00   -2.6711510400e+01    7.3732907127e-01    1.6800000000e+02    8.1011091049e-03    5.4199404762e-01
       223   -6.2629883487e+00    3.9271566803e+01   -1.0205097951e+01    3.9421096022e+00    8.4890617497e+00    7.0352107511e+00   -2.6512983392e+01    7.8361293982e-01    1.6800000000e+02    8.0526707572e-03    5.4017857143e-01
       224   -6.2732011872e+00    3.9378185952e+01   -1.0269590222e+01    3.9963890351e+00    8.3933600930e+00    7.0352107511e+00   -2.6487008923e+01    7.8884785701e-01    1.6800000000e+02    8.0527735852e-03    5.4385416667e-01
       225   -6.2600617046e+00    3.9241480901e+01   -1.0159388036e+01    3.8993263312e+00    8.5513378039e+00    7.0352107511e+00   -2.6698891389e+01    9.5295479803e-01    1.6800000000e+02    8.0229410392e-03    5.4010416667e-01
       226   -6.2559817672e+00    3.9167315574e+01   -1.0474684532e+01    4.2187027651e+00    8.3139352009e+00    7.0352107511e+00   -2.6699594148e+01    8.7576366377e-01    1.6800000000e+02    8.0606723869e-03    5.4364583333e-01
       227   -6.2883494763e+00    3.9694077783e+01   -1.0230392341e+01    3.9420428643e+00    8.5314954228e+00    7.0352107511e+00   -2.6619215049e+01    8.2211653452e-01    1.6800000000e+02    8.0641742208e-03    5.4346726190e-01
       228   -6.2828723011e+00    3.9514435619e+01   -1.0002049362e+01    3.7191770607e+00    8.4894383205e+00    7.0352107511e+00   -2.6399054047e+01    8.7235561351e-01    1.6800000000e+02    8.0115828397e-03    5.3962797619e-01
       229   -6.2565377150e+00    3.9185850445e+01   -1.0278662168e+01    4.0221244529e+00    8.4025491424e+00    7.0352107511e+00   -2.6551766130e+01    8.3534406813e-01    1.6800000000e+02    7.9965428283e-03    5.3964285714e-01
       230   -6.2514906266e+00    3.9142271560e+01   -1.0213496466e+01    3.9620058392e+00    8.4008617015e+00    7.0352107511e+00   -2.6705843743e+01    1.0562748245e+00    1.6800000000e+02    7.9599447670e-03    5.3886904762e-01
       231   -6.2801755585e+00    3.9475716704e+01   -9.9909969516e+00    3.7108213931e+00    8.4131817437e+00    7.0352107511e+00   -2.6319195139e+01    8.7980569278e-01    1.6800000000e+02    8.0990487144e-03    5.4608630952e-01
       232   -6.2717719642e+00    3.9373527616e+01   -9.8984980880e+00    3.6267261238e+00    8.3625468245e+00    7.0352107511e+00   -2.6227391150e+01    9.3113548611e-01    1.6800000000e+02    8.0720280086e-03    5.4415178571e-01
       233   -6.2638373522e+00    3.9271092579e+01   -1.0267268599e+01    4.0034312467e+00    8.5305075664e+00    7.0352107511e+00   -2.6610567101e+01    7.7758018498e-01    1.6800000000e+02    8.0946251817e-03    5.4336309524e-01
       234   -6.3008193842e+00    3.9742496076e+01   -9.9680135998e+00    3.6671942156e+00    8.5301117700e+00    7.0352107511e+00   -2.6550251420e+01    1.0169152987e+00    1.6800000000e+02    8.0634981582e-03    5.4355654762e-01
       235   -6.2595278956e+00    3.9224085745e+01   -9.9632929435e+00    3.7037650480e+00    8.3995757012e+00    7.0352107511e+00   -2.6106485732e+01    7.0840633593e-01    1.6800000000e+02    8.0328714989e-03    5.4556547619e-01
       236   -6.2770198074e+00    3.9421209825e+01   -1.0453128318e+01    4.1761085103e+00    8.4164134191e+00    7.0352107511e+00   -2.6621273022e+01    7.1652053411e-01    1.6800000000e+02    7.9881327138e-03    5.4125000000e-01
       237   -6.2726822822e+00    3.9376048410e+01   -1.0349419000e+01    4.0767367175e+00    8.3397053520e+00    7.0352107511e+00   -2.6464776850e+01    7.4044174680e-01    1.6800000000e+02    8.0288911759e-03    5.4242559524e-01
       238   -6.2755278121e+00    3.9411290891e+01   -9.9042533766e+00    3.6287255645e+00    8.4618599867e+00    7.0352107511e+00   -2.5985651992e+01    5.8432787722e-01    1.6800000000e+02    8.0346166090e-03    5.4194940476e-01
       239   -6.2609241940e+00    3.9240120041e+01   -1.0204806088e+01    3.9438818937e+00    8.3548939058e+00    7.0352107511e+00   -2.6274458722e+01    6.7954797751e-01    1.6800000000e+02    7.9933552659e-03    5.4038690476e-01
       240   -6.2885053505e+00    3.9575183655e+01   -1.0373361029e+01    4.0848556780e+00    8.4956646368e+00    7.0352107511e+00   -2.6558478068e+01    6.5424165132e-01    1.6800000000e+02    7.9988054876e-03    5.3909226190e-01
       241   -6.2776315553e+00    3.9441566184e+01   -1.0199474125e+01    3.9218425696e+00    8.4648117875e+00    7.0352107511e+00   -2.6452238246e+01    7.5274158264e-01    1.6800000000e+02    8.0590783729e-03    5.4133928571e-01
       242   -6.2520694133e+00    3.9132558680e+01   -1.0155164606e+01    3.9030951929e+00    8.2593142600e+00    7.0352107511e+00   -2.6327877851e+01    8.7818823344e-01    1.6800000000e+02    7.9634158340e-03    5.4044642857e-01
       243   -6.2519589157e+00    3.9145136898e+01   -1.0155425112e+01    3.9034661964e+00    8.3866127641e+00    7.0352107511e+00   -2.6439895657e+01    8.6264702999e-01    1.6800000000e+02    7.9838873685e-03    5.4147321429e-01
       244   -6.2893545230e+00    3.9576141670e+01   -1.0105172903e+01    3.8158183803e+00    8.2528788507e+00    7.0352107511e+00   -2.6000798147e+01    6.0753564203e-01    1.6800000000e+02    7.9912734107e-03    5.4260416667e-01
       245   -6.2638868553e+00    3.9272101710e+01   -1.0081219701e+01    3.8173328457e+00    8.4472145768e+00    7.0352107511e+00   -2.6325910643e+01    7.6226561430e-01    1.6800000000e+02    8.0460628739e-03    5.4333333333e-01
       246   -6.2972310779e+00    3.9678525946e+01   -1.0236580687e+01    3.9393496088e+00    8.3520179848e+00    7.0352107511e+00   -2.6254340919e+01    6.3053149660e-01    1.6800000000e+02    8.0114349534e-03    5.4023809524e-01
       247   -6.2601908513e+00    3.9238885213e+01   -1.0290471545e+01    4.0302806933e+00    8.3721502257e+00    7.0352107511e+00   -2.6415422520e+01    7.1758999862e-01    1.6800000000e+02    7.9711520146e-03    5.4038690476e-01
       248   -6.2551810918e+00    3.9265261173e+01   -1.0095972709e+01    3.8407916176e+00    8.3818157215e+00    7.0352107511e+00   -2.6617893452e+01    1.1048942703e+00    1.6800000000e+02    7.9862366020e-03    5.4247023810e-01
       249   -6.2629580433e+00    3.9255987548e+01   -1.0272234362e+01    4.0092763183e+00    8.4994036561e+00    7.0352107511e+00   -2.6530363522e+01    7.2351475366e-01    1.6800000000e+02    8.0392477879e-03    5.4236607143e-01
       250   -6.2980010794e+00    3.9696362476e+01   -1.0389570017e+01    4.0915689381e+00    8.3733237635e+00    7.0352107511e+00   -2.6323150925e+01    5.2504639306e-01    1.6800000000e+02    8.0138758889e-03    5.4309523810e-01
       251   -6.2630118804e+00    3.9279861967e+01   -1.0387048547e+01    4.1240366669e+00    8.5550486875e+00    7.0352107511e+00   -2.6782862041e+01    8.0555405511e-01    1.6800000000e+02    8.0117743318e-03    5.3994047619e-01
       252   -6.2634594813e+00    3.9261153088e+01   -1.0412148926e+01    4.1486894447e+00    8.5359730627e+00    7.0352107511e+00   -2.6636473685e+01    6.5314094554e-01    1.6800000000e+02    8.0072100806e-03    5.4084821429e-01
       253   -6.2676810990e+00    3.9333894684e+01   -1.0071588305e+01    3.8039072061e+00    8.6129718509e+00    7.0352107511e+00   -2.6392590655e+01    6.7281974779e-01    1.6800000000e+02    8.0591165738e-03    5.4360119048e-01
       254   -6.2929215852e+00    3.9632189618e+01   -1.0224176810e+01    3.9312552250e+00    8.4646197753e+00    7.0352107511e+00   -2.6317430223e+01    5.9342288667e-01    1.6800000000e+02    8.0630484015e-03    5.4190476190e-01
       255   -6.2586154825e+00    3.9205070725e+01   -1.0081649466e+01    3.8230339836e+00    8.4566788364e+00    7.0352107511e+00   -2.6302121283e+01    7.2858222934e-01    1.6800000000e+02    7.9942741930e-03    5.4029761905e-01
       256   -6.2606993319e+00    3.9237029642e+01   -1.0235060681e+01    3.9743613492e+00    8.3062308856e+00    7.0352107511e+00   -2.6318523598e+01    7.4202127965e-01    1.6800000000e+02    8.0064078516e-03    5.4008928571e-01
       257   -6.2866697950e+00    3.9555795715e+01   -1.0000964182e+01    3.7142943869e+00    8.4204319186e+00    7.0352107511e+00   -2.6090773661e+01    6.3416680909e-01    1.6800000000e+02    8.0589935394e-03    5.4291666667e-01
       258   -6.2656490151e+00    3.9278353303e+01   -1.0470985340e+01    4.2053363250e+00    8.2776035669e+00    7.0352107511e+00   -2.6301284837e+01    5.1748517874e-01    1.6800000000e+02    8.0239785436e-03    5.4383928571e-01
       259   -6.2847650774e+00    3.9533520097e+01   -1.0458853731e+01    4.1740886538e+00    8.4566265730e+00    7.0352107511e+00   -2.6709899501e+01    7.5920844537e-01    1.6800000000e+02    8.0348632043e-03    5.4293154762e-01
       260   -6.2418545615e+00    3.8990993862e+01   -1.0468805492e+01    4.2269509302e+00    8.4080128585e+00    7.0352107511e+00   -2.6626962633e+01    7.1493353133e-01    1.6800000000e+02    8.0873997982e-03    5.3962797619e-01
       261   -6.2791547221e+00    3.9456504565e+01   -1.0216580202e+01    3.9374254797e+00    8.3987266072e+00    7.0352107511e+00   -2.6452853474e+01    8.0233591373e-01    1.6800000000e+02    8.0174991440e-03    5.4190476190e-01
       262   -6.2511552641e+00    3.9116595274e+01   -1.0287618127e+01    4.0364628634e+00    8.3125393905e+00    7.0352107511e+00   -2.6323512440e+01    6.8814417065e-01    1.6800000000e+02    8.0769348978e-03    5.4488095238e-01
       263   -6.2883251195e+00    3.9594979199e+01   -9.9720449593e+00    3.6837198399e+00    8.4745997764e+00    7.0352107511e+00   -2.6554541940e+01    1.0726864535e+00    1.6800000000e+02    8.0369977181e-03    5.4108630952e-01
       264   -6.2771992710e+00    3.9429605155e+01   -1.0153234010e+01    3.8760347388e+00    8.3712872335e+00    7.0352107511e+00   -2.6179043952e+01    6.1931195718e-01    1.6800000000e+02    8.0311092925e-03    5.4095238095e-01
       265   -6.3049253710e+00    3.9862217193e+01   -1.0264005884e+01    3.9590805126e+00    8.3374537876e+00    7.0352107511e+00   -2.6376355346e+01    7.3968492343e-01    1.6800000000e+02    7.9856364589e-03    5.3837797619e-01
       266   -6.2702750783e+00    3.9362590341e+01   -1.0321198456e+01    4.0509233777e+00    8.4129154929e+00    7.0352107511e+00   -2.6542677705e+01    7.7335300456e-01    1.6800000000e+02    8.0092673888e-03    5.4049107143e-01
       267   -6.2616102695e+00    3.9245799524e+01   -1.0307729687e+01    4.0461194175e+00    8.4619659018e+00    7.0352107511e+00   -2.6556858530e+01    7.5195218993e-01    1.6800000000e+02    8.0459108521e-03    5.4089285714e-01
       268   -6.2879554587e+00    3.9574548931e+01   -1.0265154943e+01    3.9771994844e+00    8.5139702021e+00    7.0352107511e+00   -2.6617650961e+01    8.0331506512e-01    1.6800000000e+02    8.1287850127e-03    5.4383928571e-01
       269   -6.3050903727e+00    3.9785162678e+01   -1.0246383947e+01    3.9412935740e+00    8.3686628421e+00    7.0352107511e+00   -2.6214056734e+01    5.6379919369e-01    1.6800000000e+02    8.0887147314e-03    5.4392857143e-01
       270   -6.2634754116e+00    3.9266819133e+01   -1.0484701417e+01    4.2212260050e+00    8.5005589459e+00    7.0352107511e+00   -2.6978727399e+01    9.5825628528e-01    1.6800000000e+02    8.0718890309e-03    5.4349702381e-01
       271   -6.2812971029e+00    3.9494642677e+01   -1.0148040394e+01    3.8667432908e+00    8.3669471908e+00    7.0352107511e+00   -2.6317554128e+01    7.6735579244e-01    1.6800000000e+02    8.0098886032e-03    5.3708333333e-01
       272   -6.2688786454e+00    3.9350709593e+01   -1.0408045901e+01    4.1391672555e+00    8.3165065105e+00    7.0352107511e+00   -2.6558294806e+01    7.9853164363e-01    1.6800000000e+02    7.9666269954e-03    5.4380952381e-01
       273   -6.2850091061e+00    3.9520836481e+01   -1.0240800674e+01    3.9557915681e+00    8.3689627212e+00    7.0352107511e+00   -2.6175967023e+01    5.3099287601e-01    1.6800000000e+02    8.0969046990e-03    5.4342261905e-01
       274   -6.2430754988e+00    3.9013370693e+01   -1.0195169755e+01    3.9520942562e+00    8.4736774381e+00    7.0352107511e+00   -2.6516791274e+01    8.1273332955e-01    1.6800000000e+02    8.0451116997e-03    5.4453869048e-01
       275   -6.2635126873e+00    3.9257902841e+01   -1.0461561636e+01    4.1980489490e+00    8.4366424355e+00    7.0352107511e+00   -2.6564032471e+01    6.3061764789e-01    1.6800000000e+02    8.0631315331e-03    5.4120535714e-01
       276   -6.2565986267e+00    3.9205261088e+01   -1.0713096594e+01    4.4564979669e+00    8.5186620347e+00    7.0352107511e+00   -2.7111167905e+01    8.4419852525e-01    1.6800000000e+02    8.0612873758e-03    5.4334821429e-01
       277   -6.2785676953e+00    3.9448082086e+01   -1.0343958255e+01    4.0653905595e+00    8.4365439430e+00    7.0352107511e+00   -2.6552234443e+01    7.3652149408e-01    1.6800000000e+02    8.1006605067e-03    5.4572916667e-01
       278   -6.2637076983e+00    3.9276972291e+01   -1.0056427664e+01    3.7927199659e+00    8.4789168516e+00    7.0352107511e+00   -2.6550764637e+01    9.8020937037e-01    1.6800000000e+02    8.0594724499e-03    5.4221726190e-01
       279   -6.2608291851e+00    3.9256302266e+01   -1.0279732217e+01    4.0189030319e+00    8.4907292902e+00    7.0352107511e+00   -2.6681851833e+01    8.7617957483e-01    1.6800000000e+02    7.9770659019e-03    5.3808035714e-01
       280   -6.2542801278e+00    3.9202644962e+01   -1.0069086080e+01    3.8148059520e+00    8.5180013517e+00    7.0352107511e+00   -2.6579503493e+01    9.5720530997e-01    1.6800000000e+02    8.0268630769e-03    5.4281250000e-01
       281   -6.2701056615e+00    3.9342304571e+01   -1.0270629969e+01    4.0005243072e+00    8.4295120981e+00    7.0352107511e+00   -2.6479478051e+01    7.4412523262e-01    1.6800000000e+02    8.0266882765e-03    5.4089285714e-01
       282   -6.2760051104e+00    3.9419355123e+01   -1.0319118340e+01    4.0431132298e+00    8.3651087019e+00    7.0352107511e+00   -2.6408083912e+01    6.8864611838e-01    1.6800000000e+02    7.9923856760e-03    5.4120535714e-01
       283   -6.2870293249e+00    3.9550360826e+01   -1.0235920437e+01    3.9488911126e+00    8.4302464657e+00    7.0352107511e+00   -2.6315819373e+01    6.1444171853e-01    1.6800000000e+02    8.0380932583e-03    5.4108630952e-01
       284   -6.2307973534e+00    3.8870305341e+01   -1.0199124232e+01    3.9683268788e+00    8.4829553086e+00    7.0352107511e+00   -2.6644523382e+01    9.2723309009e-01    1.6800000000e+02    7.9948977024e-03    5.4474702381e-01
       285   -6.2515541713e+00    3.9154275133e+01   -1.0508221345e+01    4.2566671741e+00    8.4302780043e+00    7.0352107511e+00   -2.6821118580e+01    8.4740847879e-01    1.6800000000e+02    8.0861728361e-03    5.4136904762e-01
       286   -6.2531826047e+00    3.9154255673e+01   -1.0536896529e+01    4.2837139246e+00    8.5255855087e+00    7.0352107511e+00   -2.6780994431e+01    6.8330164183e-01    1.6800000000e+02    8.1060073294e-03    5.3937500000e-01
       287   -6.2902169525e+00    3.9593831241e+01   -1.0395204063e+01    4.1049871109e+00    8.5384765604e+00    7.0352107511e+00   -2.6796854376e+01    8.2796300063e-01    1.6800000000e+02    8.0324728652e-03    5.4013392857e-01
       288   -6.2997916102e+00    3.9706455309e+01   -1.0417651412e+01    4.1178598016e+00    8.2815071922e+00    7.0352107511e+00   -2.6264312758e+01    5.2994340269e-01    1.6800000000e+02    8.0311766360e-03    5.4562500000e-01
       289   -6.2646048015e+00    3.9284076287e+01   -1.0133452985e+01    3.8688481838e+00    8.4112315653e+00    7.0352107511e+00   -2.6429373488e+01    8.4947818651e-01    1.6800000000e+02    8.0132685058e-03    5.4038690476e-01
       290   -6.2818320230e+00    3.9498358843e+01   -1.0249552513e+01    3.9677204903e+00    8.4182499760e+00    7.0352107511e+00   -2.6599252310e+01    8.9623906983e-01    1.6800000000e+02    8.0374502411e-03    5.4379464286e-01
       291   -6.2771777502e+00    3.9440813980e+01   -1.0325212614e+01    4.0480348634e+00    8.4137789094e+00    7.0352107511e+00   -2.6490462871e+01    7.1626059690e-01    1.6800000000e+02    7.9550191073e-03    5.3925595238e-01
       292   -6.2721534493e+00    3.9394712747e+01   -1.0184431394e+01    3.9122779449e+00    8.4827066447e+00    7.0352107511e+00   -2.6369092050e+01    6.6674325961e-01    1.6800000000e+02    8.0283469897e-03    5.4278273810e-01
       293   -6.3029866120e+00    3.9758850174e+01   -1.0296107326e+01    3.9931207143e+00    8.3273688737e+00    7.0352107511e+00   -2.6277289273e+01    6.1860232194e-01    1.6800000000e+02    8.0184629242e-03    5.4108630952e-01
       294   -6.2699632867e+00    3.9349917882e+01   -1.0450711259e+01    4.1807479726e+00    8.2997284256e+00    7.0352107511e+00   -2.6722128136e+01    9.3647769957e-01    1.6800000000e+02    7.9499545696e-03    5.4202380952e-01
       295   -6.2466603873e+00    3.9082556800e+01   -1.0222947017e+01    3.9762866300e+00    8.5735989790e+00    7.0352107511e+00   -2.6719825304e+01    8.8806855638e-01    1.6800000000e+02    7.9867730605e-03    5.3941964286e-01
       296   -6.2537883180e+00    3.9182777382e+01   -9.9762466100e+00    3.7224582920e+00    8.4231890495e+00    7.0352107511e+00   -2.6092441005e+01    6.5779459489e-01    1.6800000000e+02    7.9904879454e-03    5.4196428571e-01
       297   -6.3010000580e+00    3.9725369779e+01   -1.0282298463e+01    3.9812984048e+00    8.3667087183e+00    7.0352107511e+00   -2.6429702239e+01    7.4548430624e-01    1.6800000000e+02    8.0274882050e-03    5.4133928571e-01
       298   -6.2732295165e+00    3.9384998305e+01   -1.0148671116e+01    3.8754415995e+00    8.3912603988e+00    7.0352107511e+00   -2.6439636452e+01    8.6449418618e-01    1.6800000000e+02    8.0718182171e-03    5.4321428571e-01
       299   -6.2924916833e+00    3.9651833457e+01   -9.8779103418e+00    3.5854186585e+00    8.4341436595e+00    7.0352107511e+00   -2.6069048782e+01    7.2178402960e-01    1.6800000000e+02    8.0581903624e-03    5.4394345238e-01
       300   -6.2596825904e+00    3.9230177109e+01   -1.0020294983e+01    3.7606123929e+00    8.3532673396e+00    7.0352107511e+00   -2.6160843505e+01    7.5207043144e-01    1.6800000000e+02    7.9584279696e-03    5.4120535714e-01
       301   -6.2502168896e+00    3.9096741212e+01   -9.9377945840e+00    3.6875776945e+00    8.3998136508e+00    7.0352107511e+00   -2.6149146269e+01    7.7632728309e-01    1.6800000000e+02    7.9891509709e-03    5.4553571429e-01
       302   -6.2835549279e+00    3.9519296523e+01   -1.0446867842e+01    4.1633129140e+00    8.4337117045e+00    7.0352107511e+00   -2.6609608801e+01    6.9381850308e-01    1.6800000000e+02    8.0420542508e-03    5.4221726190e-01
       303   -6.2494339032e+00    3.9116222138e+01   -1.0084172115e+01    3.8347382123e+00    8.4019075992e+00    7.0352107511e+00   -2.6214908943e+01    6.9361847746e-01    1.6800000000e+02    8.0117897873e-03    5.3971726190e-01
       304   -6.2519569150e+00    3.9114755272e+01   -1.0118698447e+01    3.8667415318e+00    8.4249790858e+00    7.0352107511e+00   -2.6326573751e+01    7.4768546725e-01    1.6800000000e+02    8.0276527941e-03    5.4132440476e-01
       305   -6.2627877935e+00    3.9264700651e+01   -9.9515891804e+00    3.6888013869e+00    8.3590991594e+00    7.0352107511e+00   -2.6024327448e+01    6.7842835718e-01    1.6800000000e+02    8.0199271518e-03    5.4324404762e-01
       306   -6.2800331065e+00    3.9469911351e+01   -1.0423690044e+01    4.1436569373e+00    8.5048397977e+00    7.0352107511e+00   -2.6540093470e+01    5.7635287768e-01    1.6800000000e+02    7.9923794117e-03    5.3854166667e-01
       307   -6.2368408991e+00    3.8954009027e+01   -1.0043493551e+01    3.8066526520e+00    8.4226065891e+00    7.0352107511e+00   -2.6527603594e+01    1.0262927031e+00    1.6800000000e+02    8.0097103879e-03    5.3840773810e-01
       308   -6.2432847785e+00    3.9037119328e+01   -1.0030536699e+01    3.7872519209e+00    8.4105817004e+00    7.0352107511e+00   -2.6287180649e+01    8.1085149852e-01    1.6800000000e+02    8.0041594005e-03    5.4123511905e-01
       309   -6.2863706125e+00    3.9560850543e+01   -1.0305097261e+01    4.0187266488e+00    8.5258985406e+00    7.0352107511e+00   -2.6688287953e+01    8.2208140015e-01    1.6800000000e+02    7.9652657954e-03    5.3651785714e-01
       310   -6.2930514830e+00    3.9641029795e+01   -1.0231114544e+01    3.9380630613e+00    8.6462163173e+00    7.0352107511e+00   -2.6692178038e+01    7.7963642583e-01    1.6800000000e+02    8.0883005146e-03    5.4610119048e-01
       311   -6.2596245258e+00    3.9340431365e+01   -1.0034881499e+01    3.7752569729e+00    8.2672414173e+00    7.0352107511e+00   -2.5919529548e+01    5.8219588064e-01    1.6800000000e+02    8.0662782005e-03    5.4150297619e-01
       312   -6.2634746935e+00    3.9268502972e+01   -1.0307685723e+01    4.0442110300e+00    8.3499811803e+00    7.0352107511e+00   -2.6424342304e+01    7.3146464942e-01    1.6800000000e+02    8.0330146732e-03    5.4663690476e-01
       313   -6.2540486226e+00    3.9152435967e+01   -1.0313819731e+01    4.0597711082e+00    8.4062992623e+00    7.0352107511e+00   -2.6489832304e+01    7.3450255934e-01    1.6800000000e+02    8.0685409152e-03    5.4366071429e-01
       314   -6.2701617599e+00    3.9343796027e+01   -1.0218145696e+01    3.9479839360e+00    8.4981380802e+00    7.0352107511e+00   -2.6423290918e+01    6.7179639093e-01    1.6800000000e+02    7.9767362414e-03    5.3907738095e-01
       315   -6.2813370475e+00    3.9490830199e+01   -1.0063264792e+01    3.7819277441e+00    8.3335100681e+00    7.0352107511e+00   -2.6198874842e+01    7.6688923116e-01    1.6800000000e+02    8.0451708442e-03    5.4203869048e-01
       316   -6.2707045033e+00    3.9344760165e+01   -1.0147927663e+01    3.8772231599e+00    8.4449418262e+00    7.0352107511e+00   -2.6308503235e+01    6.8042299439e-01    1.6800000000e+02    8.0447612452e-03    5.3895833333e-01
       317   -6.2759107483e+00    3.9436995336e+01   -1.0422466479e+01    4.1465557305e+00    8.4466812269e+00    7.0352107511e+00   -2.6949396030e+01    1.0450375735e+00    1.6800000000e+02    8.0266776495e-03    5.4071428571e-01
       318   -6.2786074299e+00    3.9449748049e+01   -1.0173959500e+01    3.8953520705e+00    8.5157286258e+00    7.0352107511e+00   -2.6475426556e+01    7.5052767867e-01    1.6800000000e+02    8.0343709172e-03    5.3825892857e-01
       319   -6.2495993244e+00    3.9087833903e+01   -1.0425495882e+01    4.1758965572e+00    8.5441599445e+00    7.0352107511e+00   -2.6890825033e+01    8.8595845569e-01    1.6800000000e+02    7.9631840954e-03    5.3611607143e-01
       320   -6.2772073068e+00    3.9460281398e+01   -1.0148584305e+01    3.8713769978e+00    8.4133964200e+00    7.0352107511e+00   -2.6291328483e+01    6.9413700691e-01    1.6800000000e+02    8.0183495523e-03    5.4056547619e-01
       321   -6.2730932808e+00    3.9376225626e+01   -9.9595039654e+00    3.6864106846e+00    8.3213478789e+00    7.0352107511e+00   -2.6069444730e+01    7.5338213448e-01    1.6800000000e+02    7.9942446069e-03    5.4239583333e-01
       322   -6.2854976290e+00    3.9549082831e+01   -9.9984957648e+00    3.7129981358e+00    8.4097396370e+00    7.0352107511e+00   -2.6148214027e+01    7.0476787415e-01    1.6800000000e+02    8.0448660135e-03    5.4598214286e-01
       323   -6.2624779263e+00    3.9269071983e+01   -1.0444819865e+01    4.1823419385e+00    8.5449671003e+00    7.0352107511e+00   -2.6885297627e+01    8.6029991124e-01    1.6800000000e+02    8.0810491095e-03    5.4276785714e-01
       324   -6.2926273559e+00    3.9630032253e+01   -1.0308901904e+01    4.0162745476e+00    8.3761685673e+00    7.0352107511e+00   -2.6392639040e+01    6.7235781801e-01    1.6800000000e+02    8.0183004861e-03    5.3940476190e-01
       325   -6.2567274849e+00    3.9171811977e+01   -1.0192144273e+01    3.9354167884e+00    8.5657363008e+00    7.0352107511e+00   -2.6544825518e+01    7.5173419320e-01    1.6800000000e+02    8.0822554162e-03    5.4235119048e-01
       326   -6.2632303040e+00    3.9282105622e+01   -1.0420226666e+01    4.1569963617e+00    8.3928681809e+00    7.0352107511e+00   -2.6693234003e+01    8.4492840538e-01    1.6800000000e+02    8.0146836560e-03    5.3901785714e-01
       327   -6.2661635713e+00    3.9294834368e+01   -1.0344901954e+01    4.0787383832e+00    8.3444247394e+00    7.0352107511e+00   -2.6323325705e+01    5.9878825966e-01    1.6800000000e+02    8.0091860700e-03    5.4688988095e-01
       328   -6.2764089885e+00    3.9416338831e+01   -1.0307862274e+01    4.0314532851e+00    8.3679188036e+00    7.0352107511e+00   -2.6621326426e+01    9.1033459757e-01    1.6800000000e+02    8.0075610950e-03    5.4181547619e-01
       329   -6.2797309123e+00    3.9471268159e+01   -1.0279440248e+01    3.9997093359e+00    8.2681050147e+00    7.0352107511e+00   -2.6115997118e+01    5.3324110352e-01    1.6800000000e+02    8.0369326641e-03    5.3776785714e-01
       330   -6.2912360685e+00    3.9598617386e+01   -1.0112600756e+01    3.8213646878e+00    8.6152963715e+00    7.0352107511e+00   -2.6506205180e+01    7.4309730144e-01    1.6800000000e+02    8.0132094611e-03    5.3876488095e-01
       331   -6.2695948648e+00    3.9337885089e+01   -1.0339938595e+01    4.0703437300e+00    8.4373016094e+00    7.0352107511e+00   -2.6606528715e+01    7.9407775945e-01    1.6800000000e+02    8.0503211301e-03    5.4053571429e-01
       332   -6.2674640473e+00    3.9301421458e+01   -1.0247191861e+01    3.9797278138e+00    8.4968537875e+00    7.0352107511e+00   -2.6414523404e+01    6.3526700481e-01    1.6800000000e+02    8.0534296132e-03    5.4260416667e-01
       333   -6.2494386504e+00    3.9116804059e+01   -1.0337590848e+01    4.0881521977e+00    8.4283527177e+00    7.0352107511e+00   -2.6818990927e+01    1.0178366098e+00    1.6800000000e+02    8.0015282756e-03    5.3922619048e-01
       334   -6.2899676450e+00    3.9603424165e+01   -1.0079683408e+01    3.7897157632e+00    8.4490923783e+00    7.0352107511e+00   -2.6251130774e+01    6.8714423593e-01    1.6800000000e+02    8.0203218607e-03    5.4458333333e-01
       335   -6.2725348453e+00    3.9397954392e+01   -1.0220476087e+01    3.9479412413e+00    8.4708951221e+00    7.0352107511e+00   -2.6677783063e+01    9.5120110337e-01    1.6800000000e+02    7.9643002744e-03    5.4101190476e-01
       336   -6.2930123377e+00    3.9640104434e+01   -1.0042643166e+01    3.7496308285e+00    8.4028536067e+00    7.0352107511e+00   -2.6226419004e+01    7.4571148017e-01    1.6800000000e+02    7.9878940790e-03    5.4424107143e-01
       337   -6.2499302297e+00    3.9135892632e+01   -1.0022476971e+01    3.7725467408e+00    8.5456863611e+00    7.0352107511e+00   -2.6335137076e+01    7.3176299340e-01    1.6800000000e+02    7.9882536361e-03    5.4197916667e-01
       338   -6.2702166494e+00    3.9362736208e+01   -9.9133562090e+00    3.6431395596e+00    8.3353556048e+00    7.0352107511e+00   -2.6052205286e+01    7.6828272059e-01    1.6800000000e+02    8.0132440198e-03    5.4489583333e-01
       339   -6.2650102544e+00    3.9296262252e+01   -1.0342267415e+01    4.0772571609e+00    8.2621751231e+00    7.0352107511e+00   -2.6311415690e+01    6.7176240051e-01    1.6800000000e+02    8.0227049212e-03    5.4305059524e-01
       340   -6.2650801305e+00    3.9301956177e+01   -9.9154748093e+00    3.6503946788e+00    8.3789434249e+00    7.0352107511e+00   -2.6120990600e+01    7.9136161437e-01    1.6800000000e+02    7.9855337695e-03    5.3947916667e-01
       341   -6.2827424553e+00    3.9504348376e+01   -1.0091330187e+01    3.8085877319e+00    8.4576925687e+00    7.0352107511e+00   -2.6290067134e+01    7.0583362742e-01    1.6800000000e+02    8.0329227106e-03    5.4220238095e-01
       342   -6.2519456015e+00    3.9140822565e+01   -9.7879961825e+00    3.5360505810e+00    8.3381113232e+00    7.0352107511e+00   -2.5809327285e+01    6.4800902814e-01    1.6800000000e+02    8.0165733095e-03    5.4325892857e-01
       343   -6.2798662882e+00    3.9468679594e+01   -1.0213732332e+01    3.9338660437e+00    8.5227083816e+00    7.0352107511e+00   -2.6414607685e+01    6.4295622073e-01    1.6800000000e+02    8.0607540329e-03    5.4230654762e-01
       344   -6.2603283630e+00    3.9236222044e+01   -1.0211604628e+01    3.9512762653e+00    8.3283808601e+00    7.0352107511e+00   -2.6436129814e+01    8.6093357436e-01    1.6800000000e+02    7.9959340593e-03    5.4135416667e-01
       345   -6.2670239839e+00    3.9312841698e+01   -1.0540092775e+01    4.2730687912e+00    8.4445423992e+00    7.0352107511e+00   -2.6876999438e+01    8.5715351241e-01    1.6800000000e+02    8.0315174668e-03    5.4002976190e-01
       346   -6.2824916505e+00    3.9513097837e+01   -1.0294674944e+01    4.0121832938e+00    8.4276250272e+00    7.0352107511e+00   -2.6625560436e+01    8.6804971296e-01    1.6800000000e+02    8.0439207543e-03    5.4431547619e-01
       347   -6.2602446022e+00    3.9233405478e+01   -1.0480151980e+01    4.2199073783e+00    8.3414923100e+00    7.0352107511e+00   -2.6475515009e+01    6.1865996725e-01    1.6800000000e+02    7.9950822983e-03    5.4110119048e-01
       348   -6.2627845868e+00    3.9263130511e+01   -1.0110054419e+01    3.8472698318e+00    8.6036986740e+00    7.0352107511e+00   -2.6541892177e+01    7.9292833324e-01    1.6800000000e+02    8.0899361499e-03    5.4479166667e-01
       349   -6.2666084184e+00    3.9303157287e+01   -1.0298431999e+01    4.0318235806e+00    8.3091063320e+00    7.0352107511e+00   -2.6317594547e+01    6.7484546458e-01    1.6800000000e+02    8.0459822036e-03    5.4184523810e-01
       350   -6.2469115980e+00    3.9067211727e+01   -1.0083231348e+01    3.8363197504e+00    8.4627673302e+00    7.0352107511e+00   -2.6461556943e+01    8.8034751294e-01    1.6800000000e+02    8.0136214328e-03    5.4290178571e-01
       351   -6.2536633125e+00    3.9142888869e+01   -1.0219990392e+01    3.9663270795e+00    8.4902020487e+00    7.0352107511e+00   -2.6540963570e+01    7.9556037839e-01    1.6800000000e+02    8.0682859601e-03    5.4218750000e-01
       352   -6.2521191222e+00    3.9136466214e+01   -1.0232156751e+01    3.9800376286e+00    8.3665283453e+00    7.0352107511e+00   -2.6585100633e+01    9.5120478577e-01    1.6800000000e+02    8.0522426703e-03    5.4211309524e-01
       353   -6.2836729524e+00    3.9523774388e+01   -1.0596343746e+01    4.3126707931e+00    8.4667630438e+00    7.0352107511e+00   -2.6868462750e+01    7.7014520980e-01    1.6800000000e+02    7.9657048475e-03    5.4075892857e-01
       354   -6.2800615752e+00    3.9526143470e+01   -1.0639900295e+01    4.3598387194e+00    8.3847075775e+00    7.0352107511e+00   -2.6748808714e+01    6.8899009086e-01    1.6800000000e+02    8.0145636318e-03    5.4133928571e-01
       355   -6.2378686812e+00    3.8945387629e+01   -9.9987896692e+00    3.7609209880e+00    8.5846927700e+00    7.0352107511e+00   -2.6439319260e+01    8.2062606968e-01    1.6800000000e+02    8.0590602454e-03    5.4221726190e-01
       356   -6.2968060883e+00    3.9679548286e+01   -1.0305551501e+01    4.0087454127e+00    8.4785973441e+00    7.0352107511e+00   -2.6665287219e+01    8.4592762291e-01    1.6800000000e+02    8.0844268114e-03    5.4358630952e-01
       357   -6.2525602491e+00    3.9148133495e+01   -1.0323294031e+01    4.0707337814e+00    8.6078753982e+00    7.0352107511e+00   -2.6902259212e+01    9.3587903258e-01    1.6800000000e+02    8.0224752836e-03    5.4044642857e-01
       358   -6.2345066439e+00    3.8944482086e+01   -1.0076611595e+01    3.8421049512e+00    8.3528706566e+00    7.0352107511e+00   -2.6389856111e+01    9.2516310838e-01    1.6800000000e+02    8.0244897565e-03    5.4297619048e-01
       359   -6.2411837800e+00    3.9095697859e+01   -1.0192239308e+01    3.9510555284e+00    8.3218656478e+00    7.0352107511e+00   -2.6564600920e+01    1.0152852123e+00    1.6800000000e+02    8.0397180337e-03    5.4272321429e-01
       360   -6.2808552727e+00    3.9489092147e+01   -1.0217594605e+01    3.9367393320e+00    8.3420618655e+00    7.0352107511e+00   -2.6193774060e+01    5.9890683865e-01    1.6800000000e+02    8.0489706791e-03    5.4159226190e-01
       361   -6.2816143821e+00    3.9484473843e+01   -1.0498674028e+01    4.2170596455e+00    8.3950751512e+00    7.0352107511e+00   -2.6700762860e+01    7.7180293029e-01    1.6800000000e+02    8.0373499077e-03    5.4357142857e-01
       362   -6.2744534398e+00    3.9404243086e+01   -1.0050094496e+01    3.7756410557e+00    8.5141309907e+00    7.0352107511e+00   -2.6374481307e+01    7.7504506991e-01    1.6800000000e+02    8.1303358422e-03    5.4741071429e-01
       363   -6.2717934772e+00    3.9368649781e+01   -1.0471477907e+01    4.1996844299e+00    8.4945551025e+00    7.0352107511e+00   -2.6836020454e+01    8.3477669358e-01    1.6800000000e+02    8.0845974319e-03    5.4343750000e-01
       364   -6.2939348237e+00    3.9645687106e+01   -1.0236841021e+01    3.9429061971e+00    8.4865372153e+00    7.0352107511e+00   -2.6398227949e+01    6.3963896153e-01    1.6800000000e+02    8.0014983181e-03    5.3720238095e-01
       365   -6.2500653226e+00    3.9125277214e+01   -9.7364894383e+00    3.4864241157e+00    8.4079722069e+00    7.0352107511e+00   -2.6268258386e+01    1.0885859900e+00    1.6800000000e+02    8.0008481884e-03    5.4078869048e-01
       366   -6.2442378165e+00    3.9030648829e+01   -1.0125606975e+01    3.8813691586e+00    8.4761046074e+00    7.0352107511e+00   -2.6298354500e+01    6.6143216598e-01    1.6800000000e+02    8.0238113047e-03    5.3928571429e-01
       367   -6.2829326195e+00    3.9512287515e+01   -1.0078873274e+01    3.7959406545e+00    8.4413126911e+00    7.0352107511e+00   -2.6414150314e+01    8.5875359815e-01    1.6800000000e+02    8.0428143098e-03    5.4369047619e-01
       368   -6.2712394211e+00    3.9364881683e+01   -1.0034441704e+01    3.7632022830e+00    8.3752450398e+00    7.0352107511e+00   -2.6187517629e+01    7.4262013423e-01    1.6800000000e+02    8.0079831283e-03    5.4041666667e-01
       369   -6.2951884219e+00    3.9658334044e+01   -1.0514920370e+01    4.2197319477e+00    8.4567418168e+00    7.0352107511e+00   -2.6612907556e+01    6.0603461857e-01    1.6800000000e+02    8.0092937209e-03    5.3852678571e-01
       370   -6.2470537847e+00    3.9066459084e+01   -9.8890908376e+00    3.6420370530e+00    8.4607356465e+00    7.0352107511e+00   -2.6295419817e+01    9.1038258175e-01    1.6800000000e+02    8.0571374302e-03    5.4357142857e-01
       371   -6.2729297398e+00    3.9376367216e+01   -1.0142915522e+01    3.8699857826e+00    8.4060219064e+00    7.0352107511e+00   -2.6384980190e+01    8.0083201039e-01    1.6800000000e+02    7.9662438393e-03    5.3918154762e-01
       372   -6.2854200947e+00    3.9531745443e+01   -1.0375453784e+01    4.0900336897e+00    8.3121613895e+00    7.0352107511e+00   -2.6391021404e+01    6.6819547871e-01    1.6800000000e+02    8.0428757993e-03    5.4321428571e-01
       373   -6.2794537749e+00    3.9473002168e+01   -1.0508294560e+01    4.2288407856e+00    8.4104159354e+00    7.0352107511e+00   -2.6744918652e+01    7.9099740538e-01    1.6800000000e+02    8.0152472282e-03    5.4485119048e-01
       374   -6.2498670165e+00    3.9116559813e+01   -1.0151588600e+01    3.9017215831e+00    8.3722045645e+00    7.0352107511e+00   -2.6638802961e+01    1.0797990454e+00    1.6800000000e+02    8.0594287664e-03    5.4221726190e-01
       375   -6.2820702457e+00    3.9509406669e+01   -1.0167363514e+01    3.8852932681e+00    8.3567183828e+00    7.0352107511e+00   -2.6438620177e+01    8.7932752975e-01    1.6800000000e+02    7.9907726862e-03    5.4436011905e-01
       376   -6.2870827293e+00    3.9565971023e+01   -1.0319119798e+01    4.0320370683e+00    8.4911567610e+00    7.0352107511e+00   -2.6692335123e+01    8.4684781286e-01    1.6800000000e+02    7.9718406445e-03    5.4127976190e-01
       377   -6.2537409422e+00    3.9171306365e+01   -1.0375917452e+01    4.1221765101e+00    8.3842609804e+00    7.0352107511e+00   -2.6664121764e+01    8.6873257981e-01    1.6800000000e+02    8.0113976229e-03    5.4406250000e-01
       378   -6.2647072131e+00    3.9266950760e+01   -1.0203450169e+01    3.9387429558e+00    8.2972142908e+00    7.0352107511e+00   -2.6152187650e+01    6.1631243917e-01    1.6800000000e+02    8.0218493351e-03    5.4053571429e-01
       379   -6.2856239040e+00    3.9535141358e+01   -1.0125294719e+01    3.8396708148e+00    8.3129569187e+00    7.0352107511e+00   -2.6162105176e+01    6.8864278772e-01    1.6800000000e+02    8.0235708461e-03    5.4392857143e-01
       380   -6.2848562063e+00    3.9563064001e+01   -1.0340878657e+01    4.0560224503e+00    8.5764798071e+00    7.0352107511e+00   -2.6887157253e+01    9.3458803850e-01    1.6800000000e+02    7.9806812130e-03    5.3873511905e-01
       381   -6.2568757891e+00    3.9178929099e+01   -9.9541012388e+00    3.6972254497e+00    8.2251466147e+00    7.0352107511e+00   -2.6015835437e+01    8.0137683294e-01    1.6800000000e+02    8.0504649862e-03    5.4394345238e-01
       382   -6.2638402098e+00    3.9285983955e+01   -1.0167351147e+01    3.9035109375e+00    8.5684308365e+00    7.0352107511e+00   -2.6775318767e+01    1.0043260321e+00    1.6800000000e+02    7.9517724059e-03    5.3806547619e-01
       383   -6.2853828338e+00    3.9536181679e+01   -1.0445282117e+01    4.1598992829e+00    8.5189612908e+00    7.0352107511e+00   -2.6847599447e+01    8.4814528790e-01    1.6800000000e+02    8.0834377025e-03    5.3940476190e-01
       384   -6.2568657966e+00    3.9167976161e+01   -1.0441316888e+01    4.1844510915e+00    8.3607296953e+00    7.0352107511e+00   -2.6479075445e+01    6.4181811009e-01    1.6800000000e+02    8.0306463476e-03    5.3915178571e-01
       385   -6.2717293494e+00    3.9363463187e+01   -1.0430852139e+01    4.1591227899e+00    8.4081308518e+00    7.0352107511e+00   -2.6587997478e+01    7.1380373584e-01    1.6800000000e+02    8.0048975790e-03    5.4087797619e-01
       386   -6.2787373293e+00    3.9450207037e+01   -1.0224900501e+01    3.9461631715e+00    8.2773109081e+00    7.0352107511e+00   -2.6326521621e+01    7.8909946047e-01    1.6800000000e+02    7.9867308571e-03    5.4257440476e-01
       387   -6.2844449545e+00    3.9551832343e+01   -1.0098082587e+01    3.8136376330e+00    8.5094275330e+00    7.0352107511e+00   -2.6495982091e+01    8.5326121950e-01    1.6800000000e+02    8.0161713718e-03    5.4263392857e-01
       388   -6.2786475252e+00    3.9454583268e+01   -1.0308065163e+01    4.0294176383e+00    8.3999257067e+00    7.0352107511e+00   -2.6447287490e+01    7.0408586868e-01    1.6800000000e+02    8.0501896307e-03    5.4376488095e-01
       389   -6.2699016390e+00    3.9336016426e+01   -1.0053447895e+01    3.7835462561e+00    8.3867545273e+00    7.0352107511e+00   -2.6196260319e+01    7.2084714593e-01    1.6800000000e+02    8.0456636469e-03    5.4229166667e-01
       390   -6.2640057069e+00    3.9275780873e+01   -1.0277314590e+01    4.0133088833e+00    8.4769725147e+00    7.0352107511e+00   -2.6502120547e+01    7.1262269135e-01    1.6800000000e+02    8.0142551534e-03    5.4470238095e-01
       391   -6.2430413198e+00    3.9016853422e+01   -1.0274381160e+01    4.0313398400e+00    8.4413050158e+00    7.0352107511e+00   -2.6656636065e+01    9.0573913818e-01    1.6800000000e+02    8.0466075202e-03    5.4372023810e-01
       392   -6.2647649033e+00    3.9305278007e+01   -1.0259479045e+01    3.9947141416e+00    8.3633988277e+00    7.0352107511e+00   -2.6279015378e+01    6.2092675409e-01    1.6800000000e+02    8.0371264679e-03    5.4370535714e-01
       393   -6.2666365454e+00    3.9293870955e+01   -1.0222897462e+01    3.9562609164e+00    8.3669062009e+00    7.0352107511e+00   -2.6329847641e+01    7.0483322760e-01    1.6800000000e+02    7.9307313898e-03    5.3680059524e-01
       394   -6.2777942177e+00    3.9438313664e+01   -1.0242875807e+01    3.9650815893e+00    8.4397823909e+00    7.0352107511e+00   -2.6393293396e+01    6.7542444703e-01    1.6800000000e+02    8.0081995388e-03    5.4133928571e-01
       395   -6.2542565031e+00    3.9180245046e+01   -1.0230761150e+01    3.9765046464e+00    8.4591927712e+00    7.0352107511e+00   -2.6549238573e+01    8.2407390105e-01    1.6800000000e+02    8.0148909973e-03    5.4125000000e-01
       396   -6.2540205547e+00    3.9249356415e+01   -1.0066310395e+01    3.8122898404e+00    8.5511467479e+00    7.0352107511e+00   -2.6929287846e+01    1.2766199518e+00    1.6800000000e+02    8.0612811116e-03    5.4465773810e-01
       397   -6.2635564842e+00    3.9272817687e+01   -1.0302538126e+01    4.0389816423e+00    8.4302483379e+00    7.0352107511e+00   -2.6555858641e+01    7.8786142511e-01    1.6800000000e+02    8.0689430969e-03    5.4433035714e-01
       398   -6.2789600484e+00    3.9453651045e+01   -1.0397126788e+01    4.1181667394e+00    8.3275303224e+00    7.0352107511e+00   -2.6456141635e+01    6.9627377383e-01    1.6800000000e+02    8.0925158136e-03    5.4455357143e-01
       399   -6.2739661032e+00    3.9389289057e+01   -1.0360516956e+01    4.0865508527e+00    8.3238852192e+00    7.0352107511e+00   -2.6344419219e+01    6.2480629263e-01    1.6800000000e+02    8.0568633275e-03    5.4544642857e-01
