#   index    LocalEnergy         LocalEnergy_sq      LocalPotential      Kinetic             ElecElec            IonIon              LocalECP            NonLocalECP         BlockWeight         BlockCPU            AcceptRatio         
         0   -6.2723178902e+00    3.9385864117e+01   -1.0236023988e+01    3.9637060982e+00    8.4264249290e+00    7.0352107511e+00   -2.6465738538e+01    7.6807886948e-01    2.5166040000e+06    1.7510542861e+01    9.9996418846e-01
         1   -6.2769948655e+00    3.9446957017e+01   -1.0226516425e+01    3.9495215600e+00    8.4329171639e+00    7.0352107511e+00   -2.6491982243e+01    7.9733790216e-01    2.5296060000e+06    1.7729316533e+01    9.9996165318e-01
         2   -6.2751692305e+00    3.9422148927e+01   -1.0269106957e+01    3.9939377261e+00    8.4300802344e+00    7.0352107511e+00   -2.6489064187e+01    7.5466624457e-01    2.5349570000e+06    1.7448785727e+01    9.9996493962e-01
         3   -6.2774401064e+00    3.9452218952e+01   -1.0289365928e+01    4.0119258215e+00    8.4476334720e+00    7.0352107511e+00   -2.6545494349e+01    7.7328419774e-01    2.5231600000e+06    1.7460880244e+01    9.9996393365e-01
         4   -6.2765937600e+00    3.9437827134e+01   -1.0268886701e+01    3.9922929410e+00    8.4404518376e+00    7.0352107512e+00   -2.6484050009e+01    7.3950071914e-01    2.5211620000e+06    1.7469453171e+01    9.9996350863e-01
         5   -6.2771697133e+00    3.9443826908e+01   -1.0256481069e+01    3.9793113559e+00    8.4417241929e+00    7.0352107511e+00   -2.6460586477e+01    7.2717046413e-01    2.5180270000e+06    1.7355226070e+01    9.9996321700e-01
         6   -6.2809485372e+00    3.9491757371e+01   -1.0252262381e+01    3.9713138436e+00    8.4672201048e+00    7.0352107511e+00   -2.6478943837e+01    7.2425060011e-01    2.5110540000e+06    1.7324620949e+01    9.9996410825e-01
         7   -6.2748070863e+00    3.9415501140e+01   -1.0263102380e+01    3.9882952940e+00    8.4155982066e+00    7.0352107511e+00   -2.6463409224e+01    7.4949788581e-01    2.5278930000e+06    1.7280171849e+01    9.9996538715e-01
         8   -6.2783618835e+00    3.9456462734e+01   -1.0233684196e+01    3.9553223123e+00    8.4058997830e+00    7.0352107511e+00   -2.6435816792e+01    7.6102206185e-01    2.5313310000e+06    1.7738131509e+01    9.9996335714e-01
         9   -6.2739425979e+00    3.9406986983e+01   -1.0251734632e+01    3.9777920340e+00    8.4109650115e+00    7.0352107511e+00   -2.6424863221e+01    7.2695282640e-01    2.5194620000e+06    1.7661492595e+01    9.9996387954e-01
        10   -6.2779981845e+00    3.9452810893e+01   -1.0229667496e+01    3.9516693110e+00    8.4064510670e+00    7.0352107511e+00   -2.6420477174e+01    7.4914786065e-01    2.5210180000e+06    1.8182380354e+01    9.9996687832e-01
        11   -6.2781622891e+00    3.9455588079e+01   -1.0304704990e+01    4.0265427013e+00    8.4207740207e+00    7.0352107511e+00   -2.6504346299e+01    7.4365653639e-01    2.5273050000e+06    1.7570483084e+01    9.9996344741e-01
        12   -6.2780445388e+00    3.9457216124e+01   -1.0289052991e+01    4.0110084519e+00    8.4211546181e+00    7.0352107511e+00   -2.6501586710e+01    7.5616834963e-01    2.5327150000e+06    1.7532786959e+01    9.9996258940e-01
        13   -6.2749377139e+00    3.9422657608e+01   -1.0262491233e+01    3.9875535192e+00    8.4324522915e+00    7.0352107511e+00   -2.6501078676e+01    7.7092439980e-01    2.5144520000e+06    1.7162375597e+01    9.9996162233e-01
        14   -6.2784818256e+00    3.9460283600e+01   -1.0266901881e+01    3.9884200551e+00    8.4308006111e+00    7.0352107511e+00   -2.6498826408e+01    7.6591316459e-01    2.5116330000e+06    1.6882347074e+01    9.9996436423e-01
        15   -6.2849875459e+00    3.9539070336e+01   -1.0292639444e+01    4.0076518982e+00    8.4337174965e+00    7.0352107511e+00   -2.6493650433e+01    7.3208274129e-01    2.5223660000e+06    1.7764632291e+01    9.9996432003e-01
        16   -6.2793787575e+00    3.9473377628e+01   -1.0246578471e+01    3.9671997134e+00    8.4074633877e+00    7.0352107511e+00   -2.6444533538e+01    7.5528092830e-01    2.5379890000e+06    1.7644121539e+01    9.9996237258e-01
        17   -6.2787140964e+00    3.9462654324e+01   -1.0207723206e+01    3.9290091099e+00    8.4260744763e+00    7.0352107511e+00   -2.6401972982e+01    7.3296454807e-01    2.5489150000e+06    1.7507876767e+01    9.9996586625e-01
        18   -6.2758674764e+00    3.9432776434e+01   -1.0245923096e+01    3.9700556194e+00    8.4763701614e+00    7.0352107511e+00   -2.6529837919e+01    7.7233391067e-01    2.5435510000e+06    1.7878926878e+01    9.9996500991e-01
        19   -6.2802874259e+00    3.9484820521e+01   -1.0253923874e+01    3.9736364486e+00    8.4656416243e+00    7.0352107511e+00   -2.6526559927e+01    7.7178367676e-01    2.5383890000e+06    1.7519713365e+01    9.9996277064e-01
        20   -6.2782720917e+00    3.9458974504e+01   -1.0251925743e+01    3.9736536508e+00    8.4473566251e+00    7.0352107511e+00   -2.6484836691e+01    7.5034357260e-01    2.5206550000e+06    1.7237887835e+01    9.9996563396e-01
        21   -6.2784237486e+00    3.9457048319e+01   -1.0217826251e+01    3.9394025022e+00    8.3927267640e+00    7.0352107511e+00   -2.6377853360e+01    7.3208959407e-01    2.5259890000e+06    1.7438076575e+01    9.9996526089e-01
        22   -6.2761059793e+00    3.9431748434e+01   -1.0247994347e+01    3.9718883680e+00    8.3844955865e+00    7.0352107511e+00   -2.6436803771e+01    7.6910308621e-01    2.5309690000e+06    1.7406191198e+01    9.9996325560e-01
        23   -6.2780221033e+00    3.9454732911e+01   -1.0229147797e+01    3.9511256940e+00    8.4074310218e+00    7.0352107511e+00   -2.6425241382e+01    7.5345181133e-01    2.5309390000e+06    1.7726725326e+01    9.9996305741e-01
        24   -6.2773330117e+00    3.9447102672e+01   -1.0206775903e+01    3.9294428916e+00    8.4274336642e+00    7.0352107511e+00   -2.6419259087e+01    7.4983876840e-01    2.5223320000e+06    1.7476814372e+01    9.9996317867e-01
        25   -6.2759345356e+00    3.9434121350e+01   -1.0234639429e+01    3.9587048933e+00    8.4259596919e+00    7.0352107511e+00   -2.6491056232e+01    7.9524635965e-01    2.5017260000e+06    1.7226643076e+01    9.9996157611e-01
        26   -6.2797432867e+00    3.9480552775e+01   -1.0255355568e+01    3.9756122811e+00    8.4280693965e+00    7.0352107511e+00   -2.6477673858e+01    7.5903814254e-01    2.5149810000e+06    1.7577274481e+01    9.9996451441e-01
        27   -6.2764395218e+00    3.9434429962e+01   -1.0270915914e+01    3.9944763923e+00    8.4369361290e+00    7.0352107511e+00   -2.6496271376e+01    7.5320858202e-01    2.5237590000e+06    1.7898405122e+01    9.9996225678e-01
        28   -6.2780230268e+00    3.9456689128e+01   -1.0247573289e+01    3.9695502621e+00    8.4312626918e+00    7.0352107511e+00   -2.6467915916e+01    7.5386918448e-01    2.5231570000e+06    1.7538944167e+01    9.9996452811e-01
        29   -6.2780499792e+00    3.9458902330e+01   -1.0245097887e+01    3.9670479077e+00    8.4547878519e+00    7.0352107511e+00   -2.6499561653e+01    7.6446516309e-01    2.5236750000e+06    1.7707488583e+01    9.9996512997e-01
        30   -6.2804397581e+00    3.9485042769e+01   -1.0269979089e+01    3.9895393305e+00    8.4397065047e+00    7.0352107511e+00   -2.6532339222e+01    7.8744287770e-01    2.5212050000e+06    1.7301223466e+01    9.9996420411e-01
        31   -6.2792115534e+00    3.9470687789e+01   -1.0250138470e+01    3.9709269163e+00    8.3902158165e+00    7.0352107511e+00   -2.6431091205e+01    7.5552616803e-01    2.5256530000e+06    1.7401868181e+01    9.9996550414e-01
        32   -6.2781037499e+00    3.9456230718e+01   -1.0233128558e+01    3.9550248077e+00    8.3975794374e+00    7.0352107511e+00   -2.6408774382e+01    7.4285563569e-01    2.5332760000e+06    1.7683377208e+01    9.9996555914e-01
        33   -6.2799312720e+00    3.9478647927e+01   -1.0249792167e+01    3.9698608951e+00    8.4105592922e+00    7.0352107511e+00   -2.6440706003e+01    7.4514379223e-01    2.5382070000e+06    1.7476336285e+01    9.9996395123e-01
        34   -6.2744691025e+00    3.9417414826e+01   -1.0247030059e+01    3.9725609565e+00    8.4329435048e+00    7.0352107511e+00   -2.6480181127e+01    7.6499681200e-01    2.5262440000e+06    1.7859536809e+01    9.9996046622e-01
        35   -6.2747607856e+00    3.9415722161e+01   -1.0285529822e+01    4.0107690360e+00    8.4324334724e+00    7.0352107511e+00   -2.6506327777e+01    7.5315373225e-01    2.5123380000e+06    1.7680864580e+01    9.9996691347e-01
        36   -6.2777471243e+00    3.9449547636e+01   -1.0259161091e+01    3.9814139662e+00    8.4190658575e+00    7.0352107511e+00   -2.6425373781e+01    7.1193608147e-01    2.5151180000e+06    1.7256331603e+01    9.9996227728e-01
        37   -6.2780662816e+00    3.9455218561e+01   -1.0209432677e+01    3.9313663952e+00    8.4223409825e+00    7.0352107512e+00   -2.6408573373e+01    7.4158896238e-01    2.5216300000e+06    1.7209922911e+01    9.9996242562e-01
        38   -6.2785340774e+00    3.9458559544e+01   -1.0222891382e+01    3.9443573047e+00    8.4299846866e+00    7.0352107512e+00   -2.6422073569e+01    7.3398674878e-01    2.5180020000e+06    1.7554452788e+01    9.9996559572e-01
        39   -6.2775404732e+00    3.9449381794e+01   -1.0272087783e+01    3.9945473094e+00    8.4329341262e+00    7.0352107511e+00   -2.6472904400e+01    7.3267174008e-01    2.5210460000e+06    1.7777835753e+01    9.9996370673e-01
        40   -6.2792044433e+00    3.9470640816e+01   -1.0242803821e+01    3.9635993774e+00    8.4288453814e+00    7.0352107511e+00   -2.6434213118e+01    7.2735316502e-01    2.5082400000e+06    1.7163077418e+01    9.9996636101e-01
        41   -6.2738127095e+00    3.9400722188e+01   -1.0213628913e+01    3.9398162034e+00    8.4284414453e+00    7.0352107511e+00   -2.6423334911e+01    7.4605380169e-01    2.5174440000e+06    1.7353786092e+01    9.9996285934e-01
        42   -6.2773623350e+00    3.9445446339e+01   -1.0209027286e+01    3.9316649511e+00    8.4195810823e+00    7.0352107511e+00   -2.6411464726e+01    7.4764560663e-01    2.5353600000e+06    1.7293574149e+01    9.9996425674e-01
        43   -6.2781535731e+00    3.9459297649e+01   -1.0235938016e+01    3.9577844428e+00    8.4243423815e+00    7.0352107511e+00   -2.6435969984e+01    7.4047883539e-01    2.5315690000e+06    1.7506751654e+01    9.9996484402e-01
        44   -6.2753127079e+00    3.9420483203e+01   -1.0278777765e+01    4.0034650571e+00    8.4230738561e+00    7.0352107511e+00   -2.6500606936e+01    7.6354456340e-01    2.5056120000e+06    1.7269099452e+01    9.9996552765e-01
        45   -6.2790487446e+00    3.9469101469e+01   -1.0276566088e+01    3.9975173434e+00    8.4324384897e+00    7.0352107511e+00   -2.6492579748e+01    7.4836441878e-01    2.5241720000e+06    1.7174311427e+01    9.9996607605e-01
        46   -6.2771713116e+00    3.9453618666e+01   -1.0246686802e+01    3.9695154906e+00    8.4387001097e+00    7.0352107511e+00   -2.6511549240e+01    7.9095157705e-01    2.5289790000e+06    1.7294524649e+01    9.9995971575e-01
        47   -6.2785293503e+00    3.9461135859e+01   -1.0240399116e+01    3.9618697659e+00    8.4365190386e+00    7.0352107511e+00   -2.6456639730e+01    7.4451082366e-01    2.5263330000e+06    1.7394832410e+01    9.9996571077e-01
        48   -6.2769844684e+00    3.9442488375e+01   -1.0269872722e+01    3.9928882536e+00    8.4083640447e+00    7.0352107511e+00   -2.6484457529e+01    7.7101001114e-01    2.5268920000e+06    1.7715116301e+01    9.9996240478e-01
        49   -6.2724344050e+00    3.9387930199e+01   -1.0286967578e+01    4.0145331728e+00    8.4303307304e+00    7.0352107511e+00   -2.6529510277e+01    7.7700121811e-01    2.5082150000e+06    1.7128446853e+01    9.9996381885e-01
        50   -6.2775697907e+00    3.9449295953e+01   -1.0313914943e+01    4.0363451525e+00    8.4366610196e+00    7.0352107511e+00   -2.6503220487e+01    7.1743377313e-01    2.5064360000e+06    1.7533262762e+01    9.9996124982e-01
        51   -6.2789808705e+00    3.9468457129e+01   -1.0252632363e+01    3.9736514924e+00    8.4512521596e+00    7.0352107511e+00   -2.6506432949e+01    7.6733767571e-01    2.5086320000e+06    1.7735841597e+01    9.9996357507e-01
        52   -6.2816368716e+00    3.9502538130e+01   -1.0262718191e+01    3.9810813189e+00    8.4305880972e+00    7.0352107511e+00   -2.6500319783e+01    7.7180274389e-01    2.5038600000e+06    1.7404012328e+01    9.9996305794e-01
        53   -6.2772942126e+00    3.9444680473e+01   -1.0282234684e+01    4.0049404713e+00    8.4242664485e+00    7.0352107511e+00   -2.6459758779e+01    7.1804689522e-01    2.5098900000e+06    1.7427307980e+01    9.9996369191e-01
        54   -6.2778912582e+00    3.9459130561e+01   -1.0228057812e+01    3.9501665540e+00    8.4282208416e+00    7.0352107511e+00   -2.6449182305e+01    7.5769290007e-01    2.5247910000e+06    1.7231313629e+01    9.9996316349e-01
        55   -6.2726668276e+00    3.9393453701e+01   -1.0237751724e+01    3.9650848965e+00    8.4056421726e+00    7.0352107511e+00   -2.6428723081e+01    7.5011843275e-01    2.5118500000e+06    1.7083934159e+01    9.9996426824e-01
        56   -6.2780908880e+00    3.9453738294e+01   -1.0252249221e+01    3.9741583327e+00    8.4110447253e+00    7.0352107512e+00   -2.6431323133e+01    7.3281843630e-01    2.5130100000e+06    1.7109403087e+01    9.9996189931e-01
        57   -6.2773580577e+00    3.9450278669e+01   -1.0250302171e+01    3.9729441136e+00    8.4181411753e+00    7.0352107511e+00   -2.6467245143e+01    7.6359104503e-01    2.5217820000e+06    1.7361601008e+01    9.9996242667e-01
        58   -6.2758280723e+00    3.9433578839e+01   -1.0275504833e+01    3.9996767606e+00    8.4427209942e+00    7.0352107511e+00   -2.6534175512e+01    7.8073893342e-01    2.5150640000e+06    1.7481910476e+01    9.9996292639e-01
        59   -6.2753186176e+00    3.9428128383e+01   -1.0243164749e+01    3.9678461312e+00    8.4491229348e+00    7.0352107511e+00   -2.6530456649e+01    8.0295821471e-01    2.5110890000e+06    1.7603098222e+01    9.9996191899e-01
        60   -6.2772712516e+00    3.9447898412e+01   -1.0223705006e+01    3.9464337543e+00    8.4064912338e+00    7.0352107511e+00   -2.6433426119e+01    7.6801912766e-01    2.5127480000e+06    1.7281766647e+01    9.9996080076e-01
        61   -6.2768535285e+00    3.9441160620e+01   -1.0230312474e+01    3.9534589453e+00    8.4167823437e+00    7.0352107511e+00   -2.6426675907e+01    7.4437033833e-01    2.5304350000e+06    1.7729014194e+01    9.9996354350e-01
        62   -6.2811082046e+00    3.9498058380e+01   -1.0256604035e+01    3.9754958308e+00    8.4366731755e+00    7.0352107511e+00   -2.6487780118e+01    7.5929215569e-01    2.5204050000e+06    1.7421080836e+01    9.9996533210e-01
        63   -6.2801356109e+00    3.9481482214e+01   -1.0300539001e+01    4.0204033902e+00    8.4433839265e+00    7.0352107512e+00   -2.6519983302e+01    7.4084962281e-01    2.5233420000e+06    1.7385295235e+01    9.9996289783e-01
        64   -6.2801907488e+00    3.9481018803e+01   -1.0281459644e+01    4.0012688956e+00    8.4455341540e+00    7.0352107511e+00   -2.6494366516e+01    7.3216196621e-01    2.5346970000e+06    1.7368976223e+01    9.9996488752e-01
        65   -6.2779034874e+00    3.9454084355e+01   -1.0264853802e+01    3.9869503147e+00    8.4511085498e+00    7.0352107511e+00   -2.6514421807e+01    7.6324870369e-01    2.5329800000e+06    1.7858156433e+01    9.9996185607e-01
        66   -6.2747083049e+00    3.9413995365e+01   -1.0229247931e+01    3.9545396259e+00    8.4291158744e+00    7.0352107511e+00   -2.6459323031e+01    7.6574847464e-01    2.5050940000e+06    1.7365374350e+01    9.9996372385e-01
        67   -6.2787384046e+00    3.9463910942e+01   -1.0202224551e+01    3.9234861459e+00    8.4111945015e+00    7.0352107511e+00   -2.6406933443e+01    7.5830363997e-01    2.5103090000e+06    1.7576309609e+01    9.9996464496e-01
        68   -6.2753438733e+00    3.9424728567e+01   -1.0248963099e+01    3.9736192259e+00    8.4057353672e+00    7.0352107511e+00   -2.6442605332e+01    7.5269611437e-01    2.5091020000e+06    1.7684920285e+01    9.9996562649e-01
        69   -6.2802073949e+00    3.9484723912e+01   -1.0234061509e+01    3.9538541139e+00    8.4283568114e+00    7.0352107511e+00   -2.6453610204e+01    7.5598113251e-01    2.5109180000e+06    1.7042106469e+01    9.9996126859e-01
        70   -6.2729584469e+00    3.9392494194e+01   -1.0234019032e+01    3.9610605853e+00    8.4311919301e+00    7.0352107511e+00   -2.6433038248e+01    7.3261653501e-01    2.5033970000e+06    1.7415166204e+01    9.9996349914e-01
        71   -6.2722079394e+00    3.9386580945e+01   -1.0246517895e+01    3.9743099554e+00    8.4235762509e+00    7.0352107512e+00   -2.6442220926e+01    7.3691602943e-01    2.5142010000e+06    1.7299456924e+01    9.9996380559e-01
        72   -6.2781460212e+00    3.9454950072e+01   -1.0259403303e+01    3.9812572818e+00    8.4412173751e+00    7.0352107511e+00   -2.6476302297e+01    7.4047086779e-01    2.5172650000e+06    1.7447872113e+01    9.9996375042e-01
        73   -6.2773526400e+00    3.9447746812e+01   -1.0277890503e+01    4.0005378625e+00    8.4534292166e+00    7.0352107512e+00   -2.6532235054e+01    7.6570458324e-01    2.5134190000e+06    1.7621592521e+01    9.9996299772e-01
        74   -6.2763099315e+00    3.9437556696e+01   -1.0208346931e+01    3.9320369999e+00    8.4255580858e+00    7.0352107511e+00   -2.6419172097e+01    7.5005632871e-01    2.5089200000e+06    1.7349698327e+01    9.9996427861e-01
        75   -6.2760727256e+00    3.9432717386e+01   -1.0154112864e+01    3.8780401386e+00    8.3995229854e+00    7.0352107511e+00   -2.6309334620e+01    7.2048801962e-01    2.5283650000e+06    1.8103378805e+01    9.9996420704e-01
        76   -6.2791616126e+00    3.9466880392e+01   -1.0193009722e+01    3.9138481089e+00    8.3958284844e+00    7.0352107511e+00   -2.6350758582e+01    7.2670962463e-01    2.5224890000e+06    1.8132878313e+01    9.9996377576e-01
        77   -6.2761830165e+00    3.9432565099e+01   -1.0268647979e+01    3.9924649626e+00    8.4217942227e+00    7.0352107511e+00   -2.6472860850e+01    7.4720789675e-01    2.5348150000e+06    1.7450772095e+01    9.9996434613e-01
        78   -6.2772238160e+00    3.9444026112e+01   -1.0291636585e+01    4.0144127694e+00    8.4285516920e+00    7.0352107511e+00   -2.6489305502e+01    7.3390647366e-01    2.5388970000e+06    1.7451941085e+01    9.9996445459e-01
        79   -6.2775474852e+00    3.9448123681e+01   -1.0280155447e+01    4.0026079621e+00    8.4474758879e+00    7.0352107511e+00   -2.6503203228e+01    7.4036114149e-01    2.5392950000e+06    1.7349974704e+01    9.9996150607e-01
        80   -6.2767597741e+00    3.9442157144e+01   -1.0225493249e+01    3.9487334748e+00    8.4400943978e+00    7.0352107511e+00   -2.6465903034e+01    7.6510463661e-01    2.5160710000e+06    1.7274586894e+01    9.9996447834e-01
        81   -6.2754983184e+00    3.9425370734e+01   -1.0199343035e+01    3.9238447162e+00    8.4570245146e+00    7.0352107511e+00   -2.6442145603e+01    7.5056730243e-01    2.5179380000e+06    1.7270128833e+01    9.9996341116e-01
        82   -6.2780536805e+00    3.9457835129e+01   -1.0244591365e+01    3.9665376850e+00    8.4548119500e+00    7.0352107511e+00   -2.6484984446e+01    7.5037037953e-01    2.5224250000e+06    1.7472950790e+01    9.9996525784e-01
        83   -6.2771121027e+00    3.9445096266e+01   -1.0247802980e+01    3.9706908777e+00    8.4363854448e+00    7.0352107511e+00   -2.6459194465e+01    7.3979528824e-01    2.5275690000e+06    1.7477761464e+01    9.9996493576e-01
        84   -6.2763945845e+00    3.9437812062e+01   -1.0229807081e+01    3.9534124964e+00    8.4361086306e+00    7.0352107511e+00   -2.6453611323e+01    7.5248486082e-01    2.5333970000e+06    1.7468552569e+01    9.9996235435e-01
        85   -6.2759003442e+00    3.9435576283e+01   -1.0226944041e+01    3.9510436968e+00    8.4469742717e+00    7.0352107511e+00   -2.6461502899e+01    7.5237383500e-01    2.5334180000e+06    1.7838308824e+01    9.9996339007e-01
        86   -6.2777855113e+00    3.9455657290e+01   -1.0287480731e+01    4.0096952196e+00    8.4317634419e+00    7.0352107511e+00   -2.6475895675e+01    7.2144075133e-01    2.5270400000e+06    1.7525118446e+01    9.9996126694e-01
        87   -6.2783737595e+00    3.9460065960e+01   -1.0268080601e+01    3.9897068417e+00    8.4482344560e+00    7.0352107511e+00   -2.6509682934e+01    7.5815712605e-01    2.5239520000e+06    1.7477237440e+01    9.9996211138e-01
        88   -6.2759214402e+00    3.9435867750e+01   -1.0233444077e+01    3.9575226370e+00    8.4307308950e+00    7.0352107511e+00   -2.6456991874e+01    7.5760615115e-01    2.5158460000e+06    1.7566801441e+01    9.9996497237e-01
        89   -6.2830007484e+00    3.9518361075e+01   -1.0268319627e+01    3.9853188788e+00    8.4411320650e+00    7.0352107511e+00   -2.6482412885e+01    7.3775044167e-01    2.5299400000e+06    1.7784465651e+01    9.9996447412e-01
        90   -6.2786213174e+00    3.9461562597e+01   -1.0249796733e+01    3.9711754158e+00    8.4223232731e+00    7.0352107511e+00   -2.6468763901e+01    7.6143314389e-01    2.5179090000e+06    1.7207709569e+01    9.9996415792e-01
        91   -6.2764429882e+00    3.9435506852e+01   -1.0235135600e+01    3.9586926116e+00    8.4303805957e+00    7.0352107511e+00   -2.6480865228e+01    7.8013828111e-01    2.5265860000e+06    1.7755033953e+01    9.9996472568e-01
        92   -6.2765277365e+00    3.9437115077e+01   -1.0255507262e+01    3.9789795251e+00    8.4137089467e+00    7.0352107511e+00   -2.6460847613e+01    7.5642065359e-01    2.5352530000e+06    1.7667651852e+01    9.9996346487e-01
        93   -6.2786676623e+00    3.9463372679e+01   -1.0261319610e+01    3.9826519479e+00    8.4282335233e+00    7.0352107511e+00   -2.6490031072e+01    7.6526718726e-01    2.5204510000e+06    1.7530939585e+01    9.9996518609e-01
        94   -6.2759186309e+00    3.9441014380e+01   -1.0240417093e+01    3.9644984619e+00    8.4475811421e+00    7.0352107512e+00   -2.6525072317e+01    8.0186333093e-01    2.5151500000e+06    1.7330634823e+01    9.9996312381e-01
        95   -6.2775630268e+00    3.9460677761e+01   -1.0249164651e+01    3.9716016244e+00    8.4319464978e+00    7.0352107511e+00   -2.6485507273e+01    7.6918537298e-01    2.5122770000e+06    1.7326392176e+01    9.9996516925e-01
        96   -6.2784704634e+00    3.9463985718e+01   -1.0310850027e+01    4.0323795635e+00    8.4354560944e+00    7.0352107511e+00   -2.6561521701e+01    7.8000482876e-01    2.5242810000e+06    1.7430079042e+01    9.9996256236e-01
        97   -6.2784701495e+00    3.9469183349e+01   -1.0289796821e+01    4.0113266720e+00    8.4228373547e+00    7.0352107511e+00   -2.6493055815e+01    7.4521088801e-01    2.5249130000e+06    1.7641717105e+01    9.9996277299e-01
        98   -6.2727778120e+00    3.9394012988e+01   -1.0230195043e+01    3.9574172310e+00    8.4501852240e+00    7.0352107511e+00   -2.6451248736e+01    7.3565771799e-01    2.5122520000e+06    1.7214359393e+01    9.9996362950e-01
        99   -6.2779243389e+00    3.9452829352e+01   -1.0256505935e+01    3.9785815962e+00    8.4387309623e+00    7.0352107511e+00   -2.6488194036e+01    7.5774638771e-01    2.4995960000e+06    1.7144344350e+01    9.9996119457e-01
       100   -6.2771433873e+00    3.9446527271e+01   -1.0269350606e+01    3.9922072188e+00    8.4479366438e+00    7.0352107511e+00   -2.6554176945e+01    8.0167894418e-01    2.5177770000e+06    1.7514880134e+01    9.9996325864e-01
       101   -6.2746616965e+00    3.9420080954e+01   -1.0269556804e+01    3.9948951072e+00    8.4467071277e+00    7.0352107511e+00   -2.6515803315e+01    7.6432863200e-01    2.5033150000e+06    1.7266489182e+01    9.9996319764e-01
       102   -6.2777424732e+00    3.9453164537e+01   -1.0285384391e+01    4.0076419182e+00    8.4425351379e+00    7.0352107511e+00   -2.6521023575e+01    7.5789329435e-01    2.5235680000e+06    1.7452352327e+01    9.9996334736e-01
       103   -6.2798057479e+00    3.9476167668e+01   -1.0283814876e+01    4.0040091284e+00    8.4523151690e+00    7.0352107511e+00   -2.6542961781e+01    7.7162098470e-01    2.5313000000e+06    1.7641503655e+01    9.9996345683e-01
       104   -6.2781468737e+00    3.9459975316e+01   -1.0260041313e+01    3.9818944394e+00    8.4421082572e+00    7.0352107511e+00   -2.6510785035e+01    7.7342471320e-01    2.5302550000e+06    1.8182531229e+01    9.9996329516e-01
       105   -6.2775250870e+00    3.9449950616e+01   -1.0235350870e+01    3.9578257825e+00    8.4004509635e+00    7.0352107511e+00   -2.6392249625e+01    7.2123704064e-01    2.5252650000e+06    1.7106692145e+01    9.9996426108e-01
       106   -6.2769972036e+00    3.9441449211e+01   -1.0231459564e+01    3.9544623609e+00    8.4035436695e+00    7.0352107511e+00   -2.6418014070e+01    7.4780008516e-01    2.5304540000e+06    1.7351429657e+01    9.9996463170e-01
       107   -6.2761552186e+00    3.9432785401e+01   -1.0214406490e+01    3.9382512711e+00    8.3917956817e+00    7.0352107511e+00   -2.6387176175e+01    7.4576325205e-01    2.5364020000e+06    1.7434595399e+01    9.9996372738e-01
       108   -6.2789346272e+00    3.9470125034e+01   -1.0257813224e+01    3.9788785963e+00    8.4024402873e+00    7.0352107511e+00   -2.6465106944e+01    7.6964268214e-01    2.5245950000e+06    1.7372866770e+01    9.9996157831e-01
       109   -6.2768710769e+00    3.9440079265e+01   -1.0228966950e+01    3.9520958730e+00    8.4077354785e+00    7.0352107511e+00   -2.6425443443e+01    7.5353026323e-01    2.5184130000e+06    1.7324938191e+01    9.9996203006e-01
       110   -6.2769500139e+00    3.9442934384e+01   -1.0198263457e+01    3.9213134435e+00    8.4404701447e+00    7.0352107511e+00   -2.6435715150e+01    7.6177079707e-01    2.5171560000e+06    1.7252752322e+01    9.9996484118e-01
       111   -6.2726932104e+00    3.9388428715e+01   -1.0233894151e+01    3.9612009408e+00    8.4118042675e+00    7.0352107511e+00   -2.6440116718e+01    7.5920754806e-01    2.5026150000e+06    1.7161533875e+01    9.9996403835e-01
       112   -6.2747105424e+00    3.9414327404e+01   -1.0193599541e+01    3.9188889984e+00    8.4024729943e+00    7.0352107511e+00   -2.6388020366e+01    7.5673707946e-01    2.5073590000e+06    1.7040567910e+01    9.9996675010e-01
       113   -6.2775045747e+00    3.9449809525e+01   -1.0174442782e+01    3.8969382078e+00    8.3937051893e+00    7.0352107512e+00   -2.6375047163e+01    7.7168844053e-01    2.5137470000e+06    1.7188300675e+01    9.9996300345e-01
       114   -6.2772294317e+00    3.9443364431e+01   -1.0269585694e+01    3.9923562624e+00    8.4255198894e+00    7.0352107511e+00   -2.6471799660e+01    7.4148332544e-01    2.5045320000e+06    1.7006188803e+01    9.9996606142e-01
       115   -6.2765924531e+00    3.9444487120e+01   -1.0225224918e+01    3.9486324651e+00    8.4125045163e+00    7.0352107511e+00   -2.6422487030e+01    7.4954684457e-01    2.5058070000e+06    1.7008031364e+01    9.9996458324e-01
       116   -6.2796138181e+00    3.9471077465e+01   -1.0207609799e+01    3.9279959804e+00    8.3983526024e+00    7.0352107511e+00   -2.6356507024e+01    7.1533387160e-01    2.5033350000e+06    1.6968795158e+01    9.9996274520e-01
       117   -6.2796883877e+00    3.9479080091e+01   -1.0248057779e+01    3.9683693913e+00    8.4175840110e+00    7.0352107511e+00   -2.6457133328e+01    7.5628078664e-01    2.5296210000e+06    1.7478784457e+01    9.9996160497e-01
       118   -6.2792353254e+00    3.9471934407e+01   -1.0257574836e+01    3.9783395110e+00    8.4186906620e+00    7.0352107511e+00   -2.6464601635e+01    7.5312538521e-01    2.5257140000e+06    1.7463885468e+01    9.9996555306e-01
       119   -6.2802695535e+00    3.9480667683e+01   -1.0243692015e+01    3.9634224618e+00    8.4226127156e+00    7.0352107511e+00   -2.6447872986e+01    7.4635750431e-01    2.5263280000e+06    1.7697334091e+01    9.9996368322e-01
       120   -6.2801758591e+00    3.9484905579e+01   -1.0221421469e+01    3.9412456104e+00    8.4150186657e+00    7.0352107511e+00   -2.6422002961e+01    7.5035207494e-01    2.5298000000e+06    1.7801890777e+01    9.9996116360e-01
       121   -6.2807337429e+00    3.9487785300e+01   -1.0237628346e+01    3.9568946030e+00    8.4237054280e+00    7.0352107511e+00   -2.6435830506e+01    7.3928598078e-01    2.5197950000e+06    1.7413280202e+01    9.9996468020e-01
       122   -6.2751352361e+00    3.9420697957e+01   -1.0220973131e+01    3.9458378951e+00    8.4275268281e+00    7.0352107511e+00   -2.6460587918e+01    7.7687720777e-01    2.5203360000e+06    1.7338411019e+01    9.9996320084e-01
       123   -6.2741887470e+00    3.9409461054e+01   -1.0204717026e+01    3.9305282792e+00    8.4476336201e+00    7.0352107511e+00   -2.6464137080e+01    7.7657568281e-01    2.5227350000e+06    1.7341746930e+01    9.9996476956e-01
       124   -6.2748087906e+00    3.9419320275e+01   -1.0210528657e+01    3.9357198664e+00    8.4280242823e+00    7.0352107511e+00   -2.6448907811e+01    7.7514412110e-01    2.5297230000e+06    1.7424744978e+01    9.9996303832e-01
       125   -6.2763287972e+00    3.9438359149e+01   -1.0240728926e+01    3.9644001284e+00    8.4143922226e+00    7.0352107511e+00   -2.6475860188e+01    7.8552828835e-01    2.5413190000e+06    1.7805903774e+01    9.9995976626e-01
       126   -6.2774765162e+00    3.9453068543e+01   -1.0177832034e+01    3.9003555182e+00    8.4206099409e+00    7.0352107511e+00   -2.6401872843e+01    7.6822011686e-01    2.5267090000e+06    1.7331789527e+01    9.9996195733e-01
       127   -6.2778370066e+00    3.9459079165e+01   -1.0234240465e+01    3.9564034587e+00    8.4140441786e+00    7.0352107511e+00   -2.6443726301e+01    7.6023090611e-01    2.5241460000e+06    1.7424389939e+01    9.9996300588e-01
       128   -6.2761275093e+00    3.9437742331e+01   -1.0234879754e+01    3.9587522444e+00    8.4117389325e+00    7.0352107511e+00   -2.6436789214e+01    7.5495977722e-01    2.5253280000e+06    1.7420845898e+01    9.9996342158e-01
       129   -6.2752229234e+00    3.9417885386e+01   -1.0241202742e+01    3.9659798184e+00    8.3904375286e+00    7.0352107511e+00   -2.6410504383e+01    7.4365336118e-01    2.4981480000e+06    1.7341718255e+01    9.9996482387e-01
       130   -6.2777679073e+00    3.9454117722e+01   -1.0241134395e+01    3.9633664877e+00    8.3877058040e+00    7.0352107511e+00   -2.6416916996e+01    7.5286604589e-01    2.5120460000e+06    1.7139580639e+01    9.9996412189e-01
       131   -6.2779739213e+00    3.9454737356e+01   -1.0222859930e+01    3.9448860082e+00    8.3979612358e+00    7.0352107511e+00   -2.6388912396e+01    7.3288048008e-01    2.5270150000e+06    1.7234425806e+01    9.9996305063e-01
       132   -6.2759296613e+00    3.9430271023e+01   -1.0231378628e+01    3.9554489664e+00    8.4065879252e+00    7.0352107511e+00   -2.6428142704e+01    7.5496539990e-01    2.5263050000e+06    1.7264486442e+01    9.9996373050e-01
       133   -6.2776115577e+00    3.9450354472e+01   -1.0238851641e+01    3.9612400835e+00    8.4187308458e+00    7.0352107511e+00   -2.6448263735e+01    7.5547049684e-01    2.5314980000e+06    1.7341849635e+01    9.9996548303e-01
       134   -6.2790137088e+00    3.9468584921e+01   -1.0242556059e+01    3.9635423499e+00    8.4078104242e+00    7.0352107512e+00   -2.6439813267e+01    7.5423603247e-01    2.5149400000e+06    1.7565846236e+01    9.9996173182e-01
       135   -6.2806330683e+00    3.9486829007e+01   -1.0255070649e+01    3.9744375803e+00    8.4177038897e+00    7.0352107512e+00   -2.6453679048e+01    7.4569375832e-01    2.5169690000e+06    1.7345499535e+01    9.9996627922e-01
       136   -6.2756100253e+00    3.9425381370e+01   -1.0237381976e+01    3.9617719505e+00    8.4414373695e+00    7.0352107511e+00   -2.6465353386e+01    7.5132328950e-01    2.5309950000e+06    1.7616589912e+01    9.9996054050e-01
       137   -6.2742108849e+00    3.9409880756e+01   -1.0248201319e+01    3.9739904343e+00    8.4321813824e+00    7.0352107511e+00   -2.6477392159e+01    7.6179870628e-01    2.5213300000e+06    1.7505630298e+01    9.9996252017e-01
       138   -6.2803508418e+00    3.9484233440e+01   -1.0259746947e+01    3.9793961054e+00    8.4272083365e+00    7.0352107511e+00   -2.6473393199e+01    7.5122716440e-01    2.5013040000e+06    1.7309882275e+01    9.9996192050e-01
       139   -6.2786305506e+00    3.9464330979e+01   -1.0276505397e+01    3.9978748462e+00    8.4280773004e+00    7.0352107511e+00   -2.6494012524e+01    7.5421907586e-01    2.5186570000e+06    1.7485241642e+01    9.9996391751e-01
       140   -6.2761334193e+00    3.9433430828e+01   -1.0271633392e+01    3.9954999723e+00    8.4226041837e+00    7.0352107511e+00   -2.6473222357e+01    7.4377403096e-01    2.5223400000e+06    1.7290121450e+01    9.9996461760e-01
       141   -6.2773164632e+00    3.9450786387e+01   -1.0233635187e+01    3.9563187242e+00    8.4279066043e+00    7.0352107511e+00   -2.6493114343e+01    7.9636180016e-01    2.5465950000e+06    1.7977013101e+01    9.9996146869e-01
       142   -6.2761955361e+00    3.9433798468e+01   -1.0224381262e+01    3.9481857259e+00    8.4417853404e+00    7.0352107511e+00   -2.6452484568e+01    7.5110721479e-01    2.5418040000e+06    1.7835783912e+01    9.9996321724e-01
       143   -6.2753529174e+00    3.9423185812e+01   -1.0253927006e+01    3.9785740885e+00    8.4335424065e+00    7.0352107511e+00   -2.6472277208e+01    7.4959704458e-01    2.5193300000e+06    1.7664236968e+01    9.9996591308e-01
       144   -6.2784965486e+00    3.9463479493e+01   -1.0258691284e+01    3.9801947351e+00    8.4093997914e+00    7.0352107511e+00   -2.6451480849e+01    7.4817902327e-01    2.5225780000e+06    1.7494563829e+01    9.9996387940e-01
       145   -6.2766028833e+00    3.9438141302e+01   -1.0233205776e+01    3.9566028929e+00    8.4240066878e+00    7.0352107511e+00   -2.6460428807e+01    7.6800559206e-01    2.5199140000e+06    1.7345847573e+01    9.9996210374e-01
       146   -6.2797053287e+00    3.9475567058e+01   -1.0240662381e+01    3.9609570527e+00    8.4298950933e+00    7.0352107511e+00   -2.6484528002e+01    7.7875977670e-01    2.5243000000e+06    1.7431612424e+01    9.9996132402e-01
       147   -6.2806493356e+00    3.9489699719e+01   -1.0249329590e+01    3.9686802546e+00    8.4050955199e+00    7.0352107511e+00   -2.6444699380e+01    7.5506351893e-01    2.5302270000e+06    1.7286806533e+01    9.9996260122e-01
       148   -6.2778866741e+00    3.9454777496e+01   -1.0227163293e+01    3.9492766187e+00    8.4332317189e+00    7.0352107511e+00   -2.6434476648e+01    7.3887088556e-01    2.5318700000e+06    1.7610665648e+01    9.9996232802e-01
       149   -6.2790246513e+00    3.9467265841e+01   -1.0234228669e+01    3.9552040179e+00    8.4268060974e+00    7.0352107511e+00   -2.6426023939e+01    7.2977842105e-01    2.5333290000e+06    1.8269284508e+01    9.9996708865e-01
       150   -6.2770556496e+00    3.9442026360e+01   -1.0249576302e+01    3.9725206522e+00    8.4266319741e+00    7.0352107512e+00   -2.6467930865e+01    7.5651183820e-01    2.5220670000e+06    1.7993705704e+01    9.9996431470e-01
       151   -6.2788963093e+00    3.9464070615e+01   -1.0317854643e+01    4.0389583339e+00    8.4283874610e+00    7.0352107511e+00   -2.6519317382e+01    7.3786452648e-01    2.5168820000e+06    1.7306032730e+01    9.9996533457e-01
       152   -6.2758886667e+00    3.9431539266e+01   -1.0263833930e+01    3.9879452629e+00    8.4306737011e+00    7.0352107511e+00   -2.6483721331e+01    7.5400294909e-01    2.5133820000e+06    1.7397568415e+01    9.9996349741e-01
       153   -6.2763110954e+00    3.9433096369e+01   -1.0272639734e+01    3.9963286382e+00    8.4368366434e+00    7.0352107511e+00   -2.6455694972e+01    7.1100784390e-01    2.5023650000e+06    1.7225257000e+01    9.9996403131e-01
       154   -6.2758181293e+00    3.9429789459e+01   -1.0328810384e+01    4.0529922547e+00    8.4389911358e+00    7.0352107512e+00   -2.6545385752e+01    7.4237348110e-01    2.5211190000e+06    1.7545592203e+01    9.9996236709e-01
       155   -6.2782124687e+00    3.9459027065e+01   -1.0323408867e+01    4.0451963983e+00    8.4538060063e+00    7.0352107511e+00   -2.6558670864e+01    7.4624523943e-01    2.5396410000e+06    1.7628985831e+01    9.9996062442e-01
       156   -6.2769976531e+00    3.9442720611e+01   -1.0288968844e+01    4.0119711908e+00    8.4576945736e+00    7.0352107511e+00   -2.6532600321e+01    7.5072615236e-01    2.5322350000e+06    1.7967236432e+01    9.9996282962e-01
       157   -6.2789943181e+00    3.9466440851e+01   -1.0267670713e+01    3.9886763946e+00    8.4530653451e+00    7.0352107511e+00   -2.6519504863e+01    7.6355805373e-01    2.5287570000e+06    1.7602117934e+01    9.9996559692e-01
       158   -6.2782557912e+00    3.9457704115e+01   -1.0269665809e+01    3.9914100179e+00    8.4250253403e+00    7.0352107511e+00   -2.6489504917e+01    7.5960301624e-01    2.5226870000e+06    1.7553317466e+01    9.9996546302e-01
       159   -6.2778252077e+00    3.9457729938e+01   -1.0225152726e+01    3.9473275182e+00    8.4011855648e+00    7.0352107511e+00   -2.6433143753e+01    7.7159471110e-01    2.5150980000e+06    1.7287338993e+01    9.9996103688e-01
       160   -6.2778904048e+00    3.9452844702e+01   -1.0187904561e+01    3.9100141564e+00    8.4135057180e+00    7.0352107511e+00   -2.6392113965e+01    7.5549293435e-01    2.5124980000e+06    1.7073886660e+01    9.9996199058e-01
       161   -6.2765452431e+00    3.9436101035e+01   -1.0228696113e+01    3.9521508703e+00    8.4062589338e+00    7.0352107511e+00   -2.6429669880e+01    7.5950408208e-01    2.5134390000e+06    1.7252609116e+01    9.9996300074e-01
       162   -6.2808393439e+00    3.9488750440e+01   -1.0250333420e+01    3.9694940764e+00    8.4066737850e+00    7.0352107511e+00   -2.6431283549e+01    7.3906559305e-01    2.5148990000e+06    1.7123126532e+01    9.9996356734e-01
       163   -6.2746302963e+00    3.9415787003e+01   -1.0264813633e+01    3.9901833365e+00    8.4138402050e+00    7.0352107511e+00   -2.6470981125e+01    7.5711653638e-01    2.5126440000e+06    1.7389689066e+01    9.9996482814e-01
       164   -6.2762380558e+00    3.9431362846e+01   -1.0276878259e+01    4.0006402034e+00    8.4200669245e+00    7.0352107511e+00   -2.6471486666e+01    7.3933073086e-01    2.5259260000e+06    1.7341775373e+01    9.9996550703e-01
       165   -6.2766574196e+00    3.9437505683e+01   -1.0260617069e+01    3.9839596499e+00    8.4137535695e+00    7.0352107511e+00   -2.6435769498e+01    7.2618810771e-01    2.5290100000e+06    1.7480125492e+01    9.9996298149e-01
       166   -6.2791968496e+00    3.9469655925e+01   -1.0216794828e+01    3.9375979780e+00    8.4350160342e+00    7.0352107511e+00   -2.6423916719e+01    7.3689510636e-01    2.5191570000e+06    1.7341657826e+01    9.9996204016e-01
       167   -6.2757791994e+00    3.9430560241e+01   -1.0273989187e+01    3.9982099873e+00    8.4508727969e+00    7.0352107511e+00   -2.6496426883e+01    7.3635414795e-01    2.5259090000e+06    1.7597676555e+01    9.9996120286e-01
       168   -6.2755300135e+00    3.9431499113e+01   -1.0223845394e+01    3.9483153806e+00    8.4575496817e+00    7.0352107511e+00   -2.6491829606e+01    7.7522377896e-01    2.5162910000e+06    1.7326308928e+01    9.9996507735e-01
       169   -6.2784428931e+00    3.9460351254e+01   -1.0259542226e+01    3.9810993327e+00    8.4594922364e+00    7.0352107511e+00   -2.6529931094e+01    7.7568588033e-01    2.5126160000e+06    1.7840099060e+01    9.9996527577e-01
       170   -6.2774670989e+00    3.9447750695e+01   -1.0264977069e+01    3.9875099701e+00    8.4340354229e+00    7.0352107511e+00   -2.6483868619e+01    7.4964537628e-01    2.5347530000e+06    1.8066317220e+01    9.9996084534e-01
       171   -6.2775517589e+00    3.9447627682e+01   -1.0231448377e+01    3.9538966184e+00    8.4233880726e+00    7.0352107511e+00   -2.6418567343e+01    7.2852014150e-01    2.5210160000e+06    1.7684925054e+01    9.9996345708e-01
       172   -6.2754189373e+00    3.9421762085e+01   -1.0271266703e+01    3.9958477659e+00    8.4140306375e+00    7.0352107511e+00   -2.6437263279e+01    7.1675518675e-01    2.5128080000e+06    1.7228491563e+01    9.9996040378e-01
       173   -6.2765185429e+00    3.9436696007e+01   -1.0237932678e+01    3.9614141352e+00    8.4255886034e+00    7.0352107511e+00   -2.6466122394e+01    7.6739036145e-01    2.5025150000e+06    1.7073206539e+01    9.9996433497e-01
       174   -6.2788839232e+00    3.9467474165e+01   -1.0225650126e+01    3.9467662024e+00    8.4241421043e+00    7.0352107511e+00   -2.6428428502e+01    7.4342552079e-01    2.5229730000e+06    1.7341422656e+01    9.9996546788e-01
       175   -6.2810124230e+00    3.9493727029e+01   -1.0240213117e+01    3.9592006941e+00    8.4192615960e+00    7.0352107511e+00   -2.6437445908e+01    7.4276044360e-01    2.5244860000e+06    1.7336305268e+01    9.9996331003e-01
       176   -6.2762134494e+00    3.9432942790e+01   -1.0257493432e+01    3.9812799830e+00    8.4289119558e+00    7.0352107511e+00   -2.6482436963e+01    7.6082082352e-01    2.5339830000e+06    1.7623264976e+01    9.9996280574e-01
       177   -6.2756162025e+00    3.9427776079e+01   -1.0268400959e+01    3.9927847567e+00    8.4576784448e+00    7.0352107511e+00   -2.6506250174e+01    7.4496001924e-01    2.5231810000e+06    1.7381403050e+01    9.9996349133e-01
       178   -6.2741023404e+00    3.9407322376e+01   -1.0280021533e+01    4.0059191922e+00    8.4395017221e+00    7.0352107511e+00   -2.6504070581e+01    7.4933657564e-01    2.5094140000e+06    1.7158787315e+01    9.9996248893e-01
       179   -6.2762015002e+00    3.9434868611e+01   -1.0271288278e+01    3.9950867774e+00    8.4513142438e+00    7.0352107512e+00   -2.6510508727e+01    7.5269545426e-01    2.5165020000e+06    1.7329525949e+01    9.9996199909e-01
       180   -6.2808420855e+00    3.9493010280e+01   -1.0257459596e+01    3.9766175101e+00    8.4588964879e+00    7.0352107511e+00   -2.6530108628e+01    7.7854179322e-01    2.5253090000e+06    1.7928596176e+01    9.9996485472e-01
       181   -6.2789878945e+00    3.9477047779e+01   -1.0241588143e+01    3.9626002482e+00    8.4135274225e+00    7.0352107511e+00   -2.6465663816e+01    7.7533749925e-01    2.5363050000e+06    1.7692809206e+01    9.9996318443e-01
       182   -6.2811704941e+00    3.9496604456e+01   -1.0202508489e+01    3.9213379947e+00    8.3980307102e+00    7.0352107511e+00   -2.6413594922e+01    7.7784497177e-01    2.5302990000e+06    1.7697821836e+01    9.9996245583e-01
       183   -6.2803416395e+00    3.9487463141e+01   -1.0165794048e+01    3.8854524084e+00    8.4148932500e+00    7.0352107511e+00   -2.6378360005e+01    7.6246195584e-01    2.5206210000e+06    1.7266824744e+01    9.9996280700e-01
       184   -6.2792666257e+00    3.9469319759e+01   -1.0220617040e+01    3.9413504146e+00    8.4032192998e+00    7.0352107511e+00   -2.6369430953e+01    7.1038386160e-01    2.5309970000e+06    1.7380587983e+01    9.9996296097e-01
       185   -6.2748900304e+00    3.9414968394e+01   -1.0212038346e+01    3.9371483156e+00    8.4062627454e+00    7.0352107511e+00   -2.6390242072e+01    7.3673022976e-01    2.5338000000e+06    1.7201448174e+01    9.9996319672e-01
       186   -6.2782446834e+00    3.9455366745e+01   -1.0249336746e+01    3.9710920629e+00    8.3979182509e+00    7.0352107511e+00   -2.6407379942e+01    7.2491419401e-01    2.5175650000e+06    1.7194644045e+01    9.9996316050e-01
       187   -6.2795493817e+00    3.9472432967e+01   -1.0193930928e+01    3.9143815466e+00    8.4080008966e+00    7.0352107511e+00   -2.6369553140e+01    7.3241056390e-01    2.5082990000e+06    1.7198412454e+01    9.9996287289e-01
       188   -6.2763656406e+00    3.9436102496e+01   -1.0224277255e+01    3.9479116143e+00    8.4135061517e+00    7.0352107511e+00   -2.6432333781e+01    7.5933962343e-01    2.4993640000e+06    1.7229913104e+01    9.9996383990e-01
       189   -6.2771718116e+00    3.9444639699e+01   -1.0236014878e+01    3.9588430661e+00    8.4121158984e+00    7.0352107511e+00   -2.6424887857e+01    7.4154632933e-01    2.4948960000e+06    1.6997247612e+01    9.9996422669e-01
       190   -6.2780776913e+00    3.9457398055e+01   -1.0234296785e+01    3.9562190940e+00    8.4211837241e+00    7.0352107511e+00   -2.6426976337e+01    7.3628507631e-01    2.5009980000e+06    1.7161622063e+01    9.9996451423e-01
       191   -6.2786680637e+00    3.9460681399e+01   -1.0217764615e+01    3.9390965514e+00    8.4427426436e+00    7.0352107511e+00   -2.6427700967e+01    7.3198295681e-01    2.5255650000e+06    1.7554147387e+01    9.9996451229e-01
       192   -6.2792714336e+00    3.9468194858e+01   -1.0247834015e+01    3.9685625817e+00    8.4302954949e+00    7.0352107511e+00   -2.6454521812e+01    7.4118155105e-01    2.5390360000e+06    1.7608472053e+01    9.9996538961e-01
       193   -6.2795179185e+00    3.9477927712e+01   -1.0272152672e+01    3.9926347538e+00    8.4312292817e+00    7.0352107511e+00   -2.6482376891e+01    7.4378418596e-01    2.5339820000e+06    1.7301464241e+01    9.9996191629e-01
       194   -6.2774043735e+00    3.9449152350e+01   -1.0269569282e+01    3.9921649083e+00    8.3985864706e+00    7.0352107511e+00   -2.6432008971e+01    7.2864246722e-01    2.5262580000e+06    1.7248450445e+01    9.9996165202e-01
       195   -6.2794397442e+00    3.9472845594e+01   -1.0297958337e+01    4.0185185925e+00    8.4365348114e+00    7.0352107511e+00   -2.6495716549e+01    7.2601264975e-01    2.5313370000e+06    1.7488648076e+01    9.9996474259e-01
       196   -6.2762446696e+00    3.9433237203e+01   -1.0275583298e+01    3.9993386280e+00    8.4389859435e+00    7.0352107511e+00   -2.6515958494e+01    7.6617850183e-01    2.5219430000e+06    1.7323089954e+01    9.9996401658e-01
       197   -6.2747524570e+00    3.9415872411e+01   -1.0289615265e+01    4.0148628084e+00    8.4436406829e+00    7.0352107511e+00   -2.6533684914e+01    7.6521821425e-01    2.5220660000e+06    1.7437855116e+01    9.9996520907e-01
       198   -6.2757179850e+00    3.9428802574e+01   -1.0320619781e+01    4.0449017961e+00    8.4404441772e+00    7.0352107511e+00   -2.6561162926e+01    7.6488821622e-01    2.5191630000e+06    1.7233705469e+01    9.9996452273e-01
       199   -6.2764243007e+00    3.9437555505e+01   -1.0294248005e+01    4.0178237047e+00    8.4508279082e+00    7.0352107511e+00   -2.6532209090e+01    7.5192242574e-01    2.5345720000e+06    1.7555418648e+01    9.9996014832e-01
       200   -6.2782962285e+00    3.9458884644e+01   -1.0258256903e+01    3.9799606745e+00    8.4239319132e+00    7.0352107511e+00   -2.6456216791e+01    7.3881722390e-01    2.5247560000e+06    1.7327830182e+01    9.9996128258e-01
       201   -6.2769991207e+00    3.9442749008e+01   -1.0260529307e+01    3.9835301866e+00    8.4573509838e+00    7.0352107511e+00   -2.6521829909e+01    7.6873886635e-01    2.5276050000e+06    1.7693303088e+01    9.9996211961e-01
       202   -6.2800268599e+00    3.9481451619e+01   -1.0247410598e+01    3.9673837380e+00    8.4249961960e+00    7.0352107511e+00   -2.6438746547e+01    7.3112900181e-01    2.5180400000e+06    1.7264859006e+01    9.9996619411e-01
       203   -6.2761955135e+00    3.9433600632e+01   -1.0267460924e+01    3.9912654106e+00    8.3957446051e+00    7.0352107511e+00   -2.6450486705e+01    7.5207042520e-01    2.5202950000e+06    1.7439578022e+01    9.9996632268e-01
       204   -6.2763671880e+00    3.9435204335e+01   -1.0281520923e+01    4.0051537346e+00    8.4087099995e+00    7.0352107511e+00   -2.6470403057e+01    7.4496138342e-01    2.5170220000e+06    1.7433773414e+01    9.9996434117e-01
       205   -6.2823541646e+00    3.9509366321e+01   -1.0260120995e+01    3.9777668304e+00    8.4480925969e+00    7.0352107512e+00   -2.6515603309e+01    7.7217896636e-01    2.5236530000e+06    1.7774610683e+01    9.9996309987e-01
       206   -6.2793437474e+00    3.9471765494e+01   -1.0242502782e+01    3.9631590346e+00    8.4574449279e+00    7.0352107511e+00   -2.6529354036e+01    7.9419557539e-01    2.5268830000e+06    1.7764812192e+01    9.9996358952e-01
       207   -6.2768324134e+00    3.9443184926e+01   -1.0292172059e+01    4.0153396455e+00    8.4486524029e+00    7.0352107511e+00   -2.6544031854e+01    7.6799664061e-01    2.5241750000e+06    1.7515853679e+01    9.9996464038e-01
       208   -6.2777563057e+00    3.9449592482e+01   -1.0248805320e+01    3.9710490141e+00    8.4021371619e+00    7.0352107511e+00   -2.6399696555e+01    7.1354332220e-01    2.5020470000e+06    1.7148878405e+01    9.9996377805e-01
       209   -6.2776690171e+00    3.9452450553e+01   -1.0250582189e+01    3.9729131721e+00    8.4243065132e+00    7.0352107511e+00   -2.6431810781e+01    7.2171132788e-01    2.5101030000e+06    1.7474036518e+01    9.9996379767e-01
       210   -6.2767031076e+00    3.9436847576e+01   -1.0284681964e+01    4.0079788568e+00    8.4321974797e+00    7.0352107511e+00   -2.6469112717e+01    7.1702252207e-01    2.5233540000e+06    1.7571405514e+01    9.9996502463e-01
       211   -6.2776551750e+00    3.9448146620e+01   -1.0261797640e+01    3.9841424655e+00    8.4305997383e+00    7.0352107511e+00   -2.6452502756e+01    7.2489462657e-01    2.5256600000e+06    1.7524390327e+01    9.9996248246e-01
       212   -6.2771936067e+00    3.9443730314e+01   -1.0278736086e+01    4.0015424791e+00    8.4388735332e+00    7.0352107511e+00   -2.6483217157e+01    7.3039678649e-01    2.5199670000e+06    1.7334390250e+01    9.9996304713e-01
       213   -6.2774073840e+00    3.9450517872e+01   -1.0264443857e+01    3.9870364729e+00    8.4588451745e+00    7.0352107511e+00   -2.6533658898e+01    7.7515911537e-01    2.5158600000e+06    1.7199860361e+01    9.9996482062e-01
       214   -6.2782677044e+00    3.9458182313e+01   -1.0238957742e+01    3.9606900379e+00    8.4692483861e+00    7.0352107511e+00   -2.6503300102e+01    7.5988322233e-01    2.5233620000e+06    1.7622151726e+01    9.9996294744e-01
       215   -6.2741700852e+00    3.9407323754e+01   -1.0232424838e+01    3.9582547524e+00    8.4556330302e+00    7.0352107511e+00   -2.6464409311e+01    7.4114069247e-01    2.5097140000e+06    1.7610969976e+01    9.9996418968e-01
       216   -6.2763609054e+00    3.9435154154e+01   -1.0222469530e+01    3.9461086244e+00    8.4136149328e+00    7.0352107511e+00   -2.6451547877e+01    7.8025266345e-01    2.5140360000e+06    1.7291203890e+01    9.9996340663e-01
       217   -6.2759912452e+00    3.9429122232e+01   -1.0307380622e+01    4.0313893764e+00    8.4181191351e+00    7.0352107511e+00   -2.6518327706e+01    7.5761719818e-01    2.5160400000e+06    1.7393958475e+01    9.9996631620e-01
       218   -6.2790487192e+00    3.9469468698e+01   -1.0246074364e+01    3.9670256453e+00    8.4086455278e+00    7.0352107511e+00   -2.6443703354e+01    7.5377271073e-01    2.5248180000e+06    1.7367514698e+01    9.9996267389e-01
       219   -6.2758834185e+00    3.9426031416e+01   -1.0260324308e+01    3.9844408897e+00    8.4069794320e+00    7.0352107511e+00   -2.6428834574e+01    7.2632008284e-01    2.5146770000e+06    1.7546383310e+01    9.9996465709e-01
       220   -6.2785843382e+00    3.9461138491e+01   -1.0268412465e+01    3.9898281266e+00    8.4119563976e+00    7.0352107511e+00   -2.6469491835e+01    7.5391222187e-01    2.5017040000e+06    1.7525107079e+01    9.9996212616e-01
       221   -6.2787853889e+00    3.9465838595e+01   -1.0225795397e+01    3.9470100081e+00    8.4162861716e+00    7.0352107512e+00   -2.6438058288e+01    7.6076596859e-01    2.5153420000e+06    1.7529349402e+01    9.9996367296e-01
       222   -6.2744711816e+00    3.9414231428e+01   -1.0223842991e+01    3.9493718091e+00    8.4298325169e+00    7.0352107511e+00   -2.6446448404e+01    7.5756214540e-01    2.5181850000e+06    1.7309738719e+01    9.9996386100e-01
       223   -6.2767075893e+00    3.9438966971e+01   -1.0266049004e+01    3.9893414142e+00    8.4575586448e+00    7.0352107511e+00   -2.6506157219e+01    7.4733881989e-01    2.5116720000e+06    1.7452216100e+01    9.9996501208e-01
       224   -6.2755152993e+00    3.9421904685e+01   -1.0256752225e+01    3.9812369255e+00    8.4375157591e+00    7.0352107511e+00   -2.6487229546e+01    7.5775081142e-01    2.5142380000e+06    1.7337563686e+01    9.9996405532e-01
       225   -6.2793864074e+00    3.9472149072e+01   -1.0217244615e+01    3.9378582077e+00    8.4132767944e+00    7.0352107511e+00   -2.6398288016e+01    7.3255585535e-01    2.5114470000e+06    1.6959916951e+01    9.9996635438e-01
       226   -6.2776592560e+00    3.9451907380e+01   -1.0206315416e+01    3.9286561600e+00    8.4248388008e+00    7.0352107511e+00   -2.6424137534e+01    7.5777256571e-01    2.5190760000e+06    1.7390763300e+01    9.9996357669e-01
       227   -6.2806298259e+00    3.9488332370e+01   -1.0227323850e+01    3.9466940245e+00    8.4252084549e+00    7.0352107511e+00   -2.6458772314e+01    7.7102925814e-01    2.5283860000e+06    1.7629661971e+01    9.9996628255e-01
       228   -6.2774121531e+00    3.9449279885e+01   -1.0197933837e+01    3.9205216843e+00    8.3989671116e+00    7.0352107511e+00   -2.6380938581e+01    7.4882688132e-01    2.5240900000e+06    1.7557326454e+01    9.9996627699e-01
       229   -6.2770919822e+00    3.9442676988e+01   -1.0201252723e+01    3.9241607406e+00    8.4090157020e+00    7.0352107511e+00   -2.6389859815e+01    7.4438063902e-01    2.5080390000e+06    1.7416444993e+01    9.9996321752e-01
       230   -6.2756777617e+00    3.9427195310e+01   -1.0200002816e+01    3.9243250545e+00    8.4043750748e+00    7.0352107511e+00   -2.6385787164e+01    7.4619852203e-01    2.5137320000e+06    1.7108797065e+01    9.9996663232e-01
       231   -6.2754260689e+00    3.9423161043e+01   -1.0243729129e+01    3.9683030603e+00    8.4016203751e+00    7.0352107511e+00   -2.6430125635e+01    7.4956537922e-01    2.5063800000e+06    1.7113748116e+01    9.9996234595e-01
       232   -6.2781502604e+00    3.9461781924e+01   -1.0216096302e+01    3.9379460418e+00    8.4122979708e+00    7.0352107512e+00   -2.6431469597e+01    7.6786457300e-01    2.5117020000e+06    1.7465555531e+01    9.9996372132e-01
       233   -6.2767021330e+00    3.9438837894e+01   -1.0217592232e+01    3.9408900994e+00    8.4262262308e+00    7.0352107511e+00   -2.6431634374e+01    7.5260515947e-01    2.5306460000e+06    1.7412761176e+01    9.9996379113e-01
       234   -6.2750576593e+00    3.9421031953e+01   -1.0282828658e+01    4.0077709991e+00    8.4355754829e+00    7.0352107511e+00   -2.6504769219e+01    7.5115432702e-01    2.5166010000e+06    1.7619919479e+01    9.9996215137e-01
       235   -6.2763676279e+00    3.9433699052e+01   -1.0226298955e+01    3.9499313269e+00    8.4363350344e+00    7.0352107511e+00   -2.6463524970e+01    7.6568022942e-01    2.5205820000e+06    1.7305085863e+01    9.9996221162e-01
       236   -6.2742779064e+00    3.9410554277e+01   -1.0210197129e+01    3.9359192229e+00    8.4106133194e+00    7.0352107511e+00   -2.6420621190e+01    7.6459999022e-01    2.5168560000e+06    1.7391210263e+01    9.9996285198e-01
       237   -6.2787743182e+00    3.9464643839e+01   -1.0284686314e+01    4.0059119959e+00    8.4274944447e+00    7.0352107511e+00   -2.6486355366e+01    7.3896385585e-01    2.5078240000e+06    1.7284913680e+01    9.9996301526e-01
       238   -6.2774053719e+00    3.9447073882e+01   -1.0275226715e+01    3.9978213427e+00    8.4293815740e+00    7.0352107511e+00   -2.6513428617e+01    7.7360957698e-01    2.5027240000e+06    1.7526076889e+01    9.9996423887e-01
       239   -6.2756439500e+00    3.9423232649e+01   -1.0284735418e+01    4.0090914677e+00    8.4388991140e+00    7.0352107511e+00   -2.6503586759e+01    7.4474147648e-01    2.5081690000e+06    1.7240270718e+01    9.9996332090e-01
       240   -6.2752047710e+00    3.9423438415e+01   -1.0293514213e+01    4.0183094417e+00    8.4326516224e+00    7.0352107511e+00   -2.6524606186e+01    7.6322959968e-01    2.5338070000e+06    1.7506435810e+01    9.9996507351e-01
       241   -6.2782186173e+00    3.9455059650e+01   -1.0241670218e+01    3.9634516007e+00    8.4400444355e+00    7.0352107511e+00   -2.6455891585e+01    7.3896618070e-01    2.5268950000e+06    1.7781819698e+01    9.9996626339e-01
       242   -6.2772993248e+00    3.9445681333e+01   -1.0232191957e+01    3.9548926327e+00    8.4341191977e+00    7.0352107511e+00   -2.6440280884e+01    7.3875897789e-01    2.5323530000e+06    1.8265879482e+01    9.9996460897e-01
       243   -6.2752535922e+00    3.9423697347e+01   -1.0231688211e+01    3.9564346184e+00    8.4565024381e+00    7.0352107511e+00   -2.6487038894e+01    7.6363749380e-01    2.5121860000e+06    1.7376623743e+01    9.9996233197e-01
       244   -6.2794133788e+00    3.9472957508e+01   -1.0198029312e+01    3.9186159336e+00    8.4534186749e+00    7.0352107511e+00   -2.6438440167e+01    7.5178142824e-01    2.5199170000e+06    1.7523165537e+01    9.9996259732e-01
       245   -6.2764624721e+00    3.9435452341e+01   -1.0214223167e+01    3.9377606944e+00    8.4356397370e+00    7.0352107511e+00   -2.6432331078e+01    7.4725742369e-01    2.5138180000e+06    1.7330105711e+01    9.9996494422e-01
       246   -6.2760812682e+00    3.9435914763e+01   -1.0240784240e+01    3.9647029713e+00    8.4240449731e+00    7.0352107511e+00   -2.6471911091e+01    7.7187112746e-01    2.5212350000e+06    1.7663331159e+01    9.9996420381e-01
       247   -6.2800418978e+00    3.9478407844e+01   -1.0229151030e+01    3.9491091318e+00    8.4256957109e+00    7.0352107511e+00   -2.6398978516e+01    7.0892102473e-01    2.5269100000e+06    1.7915601023e+01    9.9996334460e-01
       248   -6.2768139487e+00    3.9443201436e+01   -1.0268295258e+01    3.9914813097e+00    8.4161767819e+00    7.0352107511e+00   -2.6473583380e+01    7.5390058844e-01    2.5239580000e+06    1.7872715009e+01    9.9996216370e-01
       249   -6.2799978111e+00    3.9480196697e+01   -1.0224240676e+01    3.9442428647e+00    8.4174099533e+00    7.0352107511e+00   -2.6441299064e+01    7.6443768329e-01    2.5187390000e+06    1.7445612486e+01    9.9996277907e-01
       250   -6.2767010829e+00    3.9442501910e+01   -1.0228651290e+01    3.9519502069e+00    8.4328601772e+00    7.0352107511e+00   -2.6464289887e+01    7.6756766890e-01    2.5159110000e+06    1.7366037784e+01    9.9996477492e-01
       251   -6.2753442201e+00    3.9424020484e+01   -1.0265370711e+01    3.9900264912e+00    8.4306319467e+00    7.0352107511e+00   -2.6486911976e+01    7.5569856655e-01    2.5076090000e+06    1.7239367843e+01    9.9996396131e-01
       252   -6.2763701954e+00    3.9436977538e+01   -1.0272532504e+01    3.9961623083e+00    8.4049051774e+00    7.0352107512e+00   -2.6471111268e+01    7.5846283539e-01    2.5042290000e+06    1.7290321639e+01    9.9996655676e-01
       253   -6.2787829400e+00    3.9467761861e+01   -1.0220161696e+01    3.9413787561e+00    8.4079032207e+00    7.0352107511e+00   -2.6417006008e+01    7.5373033960e-01    2.5162340000e+06    1.7318960713e+01    9.9996189719e-01
       254   -6.2796936925e+00    3.9479454892e+01   -1.0227376719e+01    3.9476830260e+00    8.4129864850e+00    7.0352107511e+00   -2.6460249390e+01    7.8467543536e-01    2.5177230000e+06    1.7327028512e+01    9.9996360782e-01
       255   -6.2760297370e+00    3.9429954394e+01   -1.0232375394e+01    3.9563456572e+00    8.4085765838e+00    7.0352107511e+00   -2.6409192175e+01    7.3302944591e-01    2.5120250000e+06    1.7296757679e+01    9.9996322845e-01
       256   -6.2789489229e+00    3.9465910981e+01   -1.0263683930e+01    3.9847350068e+00    8.4295762304e+00    7.0352107511e+00   -2.6490553819e+01    7.6208290830e-01    2.5276890000e+06    1.7389323215e+01    9.9996078551e-01
       257   -6.2757971769e+00    3.9426244227e+01   -1.0246860659e+01    3.9710634823e+00    8.4050779083e+00    7.0352107511e+00   -2.6406465786e+01    7.1931646678e-01    2.5252340000e+06    1.7282524601e+01    9.9996153808e-01
       258   -6.2751238096e+00    3.9418726358e+01   -1.0242860641e+01    3.9677368310e+00    8.4186552614e+00    7.0352107511e+00   -2.6434409429e+01    7.3768277610e-01    2.5074830000e+06    1.7433714184e+01    9.9996260883e-01
       259   -6.2752101395e+00    3.9423332244e+01   -1.0269698430e+01    3.9944882901e+00    8.4199162404e+00    7.0352107511e+00   -2.6507230011e+01    7.8240458930e-01    2.5235870000e+06    1.7919254108e+01    9.9996131453e-01
       260   -6.2794394500e+00    3.9473401701e+01   -1.0223193637e+01    3.9437541869e+00    8.4157981961e+00    7.0352107511e+00   -2.6459666699e+01    7.8546411439e-01    2.5301240000e+06    1.7897242948e+01    9.9996309353e-01
       261   -6.2768213704e+00    3.9439207298e+01   -1.0236382110e+01    3.9595607392e+00    8.4179065697e+00    7.0352107511e+00   -2.6440184114e+01    7.5068468375e-01    2.5130830000e+06    1.7261471192e+01    9.9996239600e-01
       262   -6.2767194631e+00    3.9442330964e+01   -1.0229897244e+01    3.9531777807e+00    8.4260690318e+00    7.0352107511e+00   -2.6464096853e+01    7.7291982652e-01    2.5104510000e+06    1.7182611933e+01    9.9996300497e-01
       263   -6.2779412164e+00    3.9450714077e+01   -1.0274865383e+01    3.9969241670e+00    8.4067008187e+00    7.0352107511e+00   -2.6429663401e+01    7.1288644778e-01    2.5112010000e+06    1.7100296171e+01    9.9996401219e-01
       264   -6.2769585616e+00    3.9441695409e+01   -1.0257508184e+01    3.9805496221e+00    8.4261886724e+00    7.0352107511e+00   -2.6473759474e+01    7.5485186654e-01    2.5170160000e+06    1.6941387733e+01    9.9996305086e-01
       265   -6.2746342412e+00    3.9414723022e+01   -1.0256738665e+01    3.9821044239e+00    8.4407829052e+00    7.0352107511e+00   -2.6496397529e+01    7.6366520737e-01    2.5163890000e+06    1.7418595446e+01    9.9996378850e-01
       266   -6.2773193511e+00    3.9446081359e+01   -1.0245385823e+01    3.9680664718e+00    8.4405741972e+00    7.0352107511e+00   -2.6495755125e+01    7.7458435361e-01    2.5180410000e+06    1.7570126730e+01    9.9996708972e-01
       267   -6.2767995960e+00    3.9440842333e+01   -1.0238173105e+01    3.9613735089e+00    8.4116836440e+00    7.0352107511e+00   -2.6447262497e+01    7.6219499661e-01    2.5187810000e+06    1.7309440268e+01    9.9996431875e-01
       268   -6.2777183205e+00    3.9450010850e+01   -1.0267406517e+01    3.9896881964e+00    8.4138621978e+00    7.0352107511e+00   -2.6451895775e+01    7.3541630968e-01    2.5104090000e+06    1.7204089567e+01    9.9996524551e-01
       269   -6.2719768293e+00    3.9378760609e+01   -1.0224596565e+01    3.9526197355e+00    8.4203621136e+00    7.0352107511e+00   -2.6430846682e+01    7.5067725296e-01    2.5056440000e+06    1.7133958968e+01    9.9996462779e-01
       270   -6.2781628703e+00    3.9459287333e+01   -1.0224391088e+01    3.9462282175e+00    8.4070120817e+00    7.0352107511e+00   -2.6419638475e+01    7.5302455400e-01    2.5229060000e+06    1.7418961425e+01    9.9996571389e-01
       271   -6.2770133404e+00    3.9444314527e+01   -1.0213766560e+01    3.9367532201e+00    8.3936981883e+00    7.0352107511e+00   -2.6397357275e+01    7.5468177486e-01    2.5036540000e+06    1.7151283043e+01    9.9996435322e-01
       272   -6.2754262387e+00    3.9424529649e+01   -1.0217997234e+01    3.9425709955e+00    8.4242772988e+00    7.0352107512e+00   -2.6441412640e+01    7.6392735551e-01    2.5194980000e+06    1.7419632236e+01    9.9996388171e-01
       273   -6.2767656183e+00    3.9438906551e+01   -1.0262845591e+01    3.9860799725e+00    8.4439881806e+00    7.0352107511e+00   -2.6513623320e+01    7.7157879707e-01    2.5072670000e+06    1.7288655431e+01    9.9996300846e-01
       274   -6.2769707711e+00    3.9446068193e+01   -1.0234763205e+01    3.9577924340e+00    8.4313839888e+00    7.0352107511e+00   -2.6457472744e+01    7.5611479869e-01    2.5188070000e+06    1.7426914281e+01    9.9996317721e-01
       275   -6.2759626766e+00    3.9432613868e+01   -1.0269450363e+01    3.9934876867e+00    8.4320898161e+00    7.0352107512e+00   -2.6478278434e+01    7.4152750349e-01    2.5157580000e+06    1.7634747996e+01    9.9996531694e-01
       276   -6.2774783862e+00    3.9450222855e+01   -1.0252470839e+01    3.9749924525e+00    8.4572987628e+00    7.0352107511e+00   -2.6474051746e+01    7.2907139306e-01    2.5276320000e+06    1.7977327406e+01    9.9996063501e-01
       277   -6.2722803132e+00    3.9384028155e+01   -1.0241961628e+01    3.9696813144e+00    8.4260281299e+00    7.0352107511e+00   -2.6456300848e+01    7.5310033905e-01    2.5084620000e+06    1.7390644629e+01    9.9996212662e-01
       278   -6.2783674474e+00    3.9459696304e+01   -1.0259455910e+01    3.9810884630e+00    8.4490074757e+00    7.0352107511e+00   -2.6505815052e+01    7.6214091516e-01    2.5073250000e+06    1.7199096624e+01    9.9996460310e-01
       279   -6.2774038254e+00    3.9447675078e+01   -1.0252518275e+01    3.9751144497e+00    8.4643104964e+00    7.0352107511e+00   -2.6501697785e+01    7.4965826249e-01    2.5375780000e+06    1.7749927646e+01    9.9996280944e-01
       280   -6.2787432893e+00    3.9464307809e+01   -1.0300697169e+01    4.0219538796e+00    8.4693817398e+00    7.0352107511e+00   -2.6562762733e+01    7.5747307275e-01    2.5431430000e+06    1.7945522834e+01    9.9996559026e-01
       281   -6.2769161317e+00    3.9442905398e+01   -1.0300407640e+01    4.0234915084e+00    8.4706972445e+00    7.0352107511e+00   -2.6595378543e+01    7.8906290745e-01    2.5196360000e+06    1.7528446696e+01    9.9996021209e-01
       282   -6.2768600837e+00    3.9444199598e+01   -1.0269125266e+01    3.9922651818e+00    8.4806776904e+00    7.0352107511e+00   -2.6561338709e+01    7.7632500232e-01    2.5100320000e+06    1.7459468164e+01    9.9996085759e-01
       283   -6.2792481309e+00    3.9470153458e+01   -1.0246671505e+01    3.9674233744e+00    8.4537019670e+00    7.0352107511e+00   -2.6498970467e+01    7.6338624394e-01    2.5032970000e+06    1.7173297572e+01    9.9996290069e-01
       284   -6.2800494182e+00    3.9479598195e+01   -1.0247410928e+01    3.9673615095e+00    8.4464193558e+00    7.0352107511e+00   -2.6478777862e+01    7.4973682780e-01    2.5116380000e+06    1.7085654492e+01    9.9996531285e-01
       285   -6.2739595166e+00    3.9411990314e+01   -1.0233729070e+01    3.9597695531e+00    8.4455521446e+00    7.0352107511e+00   -2.6505336728e+01    7.9084476249e-01    2.5081620000e+06    1.7297922891e+01    9.9996292187e-01
       286   -6.2759573912e+00    3.9429152183e+01   -1.0234034550e+01    3.9580771590e+00    8.4457273386e+00    7.0352107511e+00   -2.6463700472e+01    7.4872783199e-01    2.5160050000e+06    1.7607249811e+01    9.9996412985e-01
       287   -6.2763749762e+00    3.9434595347e+01   -1.0235291848e+01    3.9589168723e+00    8.4227793249e+00    7.0352107511e+00   -2.6441347984e+01    7.4806605992e-01    2.5156290000e+06    1.7249820706e+01    9.9996367755e-01
       288   -6.2802516357e+00    3.9479236669e+01   -1.0247260682e+01    3.9670090465e+00    8.4341812139e+00    7.0352107511e+00   -2.6468490658e+01    7.5183801027e-01    2.5035600000e+06    1.7326762187e+01    9.9996245259e-01
       289   -6.2778434831e+00    3.9454591384e+01   -1.0239793420e+01    3.9619499371e+00    8.4336480366e+00    7.0352107511e+00   -2.6491005504e+01    7.8235329655e-01    2.5213640000e+06    1.7461758532e+01    9.9996271958e-01
       290   -6.2748046954e+00    3.9421522333e+01   -1.0201071192e+01    3.9262664965e+00    8.4054902977e+00    7.0352107511e+00   -2.6398179098e+01    7.5640685740e-01    2.5173570000e+06    1.7498325340e+01    9.9996116905e-01
       291   -6.2800437561e+00    3.9482928749e+01   -1.0208609563e+01    3.9285658068e+00    8.4154150450e+00    7.0352107512e+00   -2.6409059958e+01    7.4982459849e-01    2.5138930000e+06    1.7610995495e+01    9.9996673758e-01
       292   -6.2800141543e+00    3.9479238151e+01   -1.0219798234e+01    3.9397840802e+00    8.4302970890e+00    7.0352107512e+00   -2.6443093550e+01    7.5778747579e-01    2.5174060000e+06    1.7550762723e+01    9.9996469301e-01
       293   -6.2775133891e+00    3.9448083547e+01   -1.0244428020e+01    3.9669146311e+00    8.4342646117e+00    7.0352107511e+00   -2.6470434536e+01    7.5653115319e-01    2.5259750000e+06    1.7578479527e+01    9.9996590555e-01
       294   -6.2729275984e+00    3.9391856595e+01   -1.0239525729e+01    3.9665981307e+00    8.4443306857e+00    7.0352107511e+00   -2.6499695139e+01    7.8062797263e-01    2.5216650000e+06    1.7296373759e+01    9.9996530208e-01
       295   -6.2746268856e+00    3.9414102370e+01   -1.0217648893e+01    3.9430220077e+00    8.4225178394e+00    7.0352107511e+00   -2.6435632645e+01    7.6025516144e-01    2.5402690000e+06    1.7547624575e+01    9.9996348908e-01
       296   -6.2761124364e+00    3.9430831911e+01   -1.0243714938e+01    3.9676025017e+00    8.4363091676e+00    7.0352107511e+00   -2.6468860110e+01    7.5362525350e-01    2.5376150000e+06    1.7706881345e+01    9.9996458257e-01
       297   -6.2754173697e+00    3.9423017757e+01   -1.0213998541e+01    3.9385811713e+00    8.3992373986e+00    7.0352107511e+00   -2.6367817999e+01    7.1937130780e-01    2.5221390000e+06    1.7400330313e+01    9.9996387050e-01
       298   -6.2785629656e+00    3.9462989524e+01   -1.0234988126e+01    3.9564251609e+00    8.3995487745e+00    7.0352107511e+00   -2.6415626941e+01    7.4587928920e-01    2.5051470000e+06    1.7151640463e+01    9.9996332422e-01
       299   -6.2769596801e+00    3.9444167530e+01   -1.0243684565e+01    3.9667248853e+00    8.4136236245e+00    7.0352107511e+00   -2.6443851815e+01    7.5133287376e-01    2.5167740000e+06    1.7164304306e+01    9.9996210360e-01
       300   -6.2750626834e+00    3.9420248360e+01   -1.0286117291e+01    4.0110546080e+00    8.4454254334e+00    7.0352107511e+00   -2.6534871962e+01    7.6811848561e-01    2.5201780000e+06    1.7421449658e+01    9.9996428769e-01
       301   -6.2792195377e+00    3.9473335698e+01   -1.0275256447e+01    3.9960369093e+00    8.4176924862e+00    7.0352107511e+00   -2.6487115707e+01    7.5895602302e-01    2.5293200000e+06    1.7916136765e+01    9.9996451699e-01
       302   -6.2778659707e+00    3.9452278045e+01   -1.0243252765e+01    3.9653867947e+00    8.4195744869e+00    7.0352107511e+00   -2.6451016991e+01    7.5297898722e-01    2.5212000000e+06    1.7506249672e+01    9.9996310950e-01
       303   -6.2766274762e+00    3.9443539725e+01   -1.0234305920e+01    3.9576784442e+00    8.4417506753e+00    7.0352107511e+00   -2.6523538025e+01    8.1227067857e-01    2.5221420000e+06    1.7514571393e+01    9.9996481350e-01
       304   -6.2740880730e+00    3.9408206302e+01   -1.0247699240e+01    3.9736111675e+00    8.4429100722e+00    7.0352107511e+00   -2.6518822724e+01    7.9300266004e-01    2.5284710000e+06    1.7313185678e+01    9.9996287324e-01
       305   -6.2763541677e+00    3.9437526587e+01   -1.0228104830e+01    3.9517506627e+00    8.4099966524e+00    7.0352107511e+00   -2.6457399911e+01    7.8408767713e-01    2.5262290000e+06    1.7684285078e+01    9.9996491865e-01
       306   -6.2741088547e+00    3.9405503465e+01   -1.0217070414e+01    3.9429615596e+00    8.4261410080e+00    7.0352107511e+00   -2.6431550081e+01    7.5312790729e-01    2.5270660000e+06    1.7581532040e+01    9.9996666283e-01
       307   -6.2788112066e+00    3.9463838774e+01   -1.0226151734e+01    3.9473405277e+00    8.4147849281e+00    7.0352107511e+00   -2.6430358283e+01    7.5421086901e-01    2.5243420000e+06    1.7137223818e+01    9.9996558710e-01
       308   -6.2723523220e+00    3.9386607293e+01   -1.0236053006e+01    3.9637006842e+00    8.4084487736e+00    7.0352107512e+00   -2.6429477283e+01    7.4976475227e-01    2.5186180000e+06    1.7052764603e+01    9.9996471229e-01
       309   -6.2810600047e+00    3.9494230070e+01   -1.0226868615e+01    3.9458086101e+00    8.4438058068e+00    7.0352107511e+00   -2.6458546000e+01    7.5266082733e-01    2.5236530000e+06    1.7637431183e+01    9.9996522797e-01
       310   -6.2776866879e+00    3.9453261006e+01   -1.0286511884e+01    4.0088251959e+00    8.4415978340e+00    7.0352107511e+00   -2.6502803078e+01    7.3948260916e-01    2.5399730000e+06    1.8085440589e+01    9.9996190942e-01
       311   -6.2747514242e+00    3.9414503848e+01   -1.0242596851e+01    3.9678454271e+00    8.4341975628e+00    7.0352107511e+00   -2.6461486116e+01    7.4948095037e-01    2.5210520000e+06    1.7123421316e+01    9.9996241723e-01
       312   -6.2750072287e+00    3.9418805695e+01   -1.0218411584e+01    3.9434043555e+00    8.4299385678e+00    7.0352107512e+00   -2.6454500051e+01    7.7093914747e-01    2.5202580000e+06    1.7191378803e+01    9.9996394263e-01
       313   -6.2765117428e+00    3.9438257069e+01   -1.0213678339e+01    3.9371665963e+00    8.4362914651e+00    7.0352107511e+00   -2.6449897168e+01    7.6471661249e-01    2.5213110000e+06    1.7426369494e+01    9.9996252047e-01
       314   -6.2784390136e+00    3.9461159524e+01   -1.0245204264e+01    3.9667652508e+00    8.4567410476e+00    7.0352107511e+00   -2.6479704626e+01    7.4254856333e-01    2.5084480000e+06    1.7331436518e+01    9.9996417249e-01
       315   -6.2751689041e+00    3.9431289992e+01   -1.0256667083e+01    3.9814981792e+00    8.4713205521e+00    7.0352107511e+00   -2.6535111606e+01    7.7191321903e-01    2.5030830000e+06    1.7154817044e+01    9.9996209801e-01
       316   -6.2795151011e+00    3.9474022551e+01   -1.0254451592e+01    3.9749364906e+00    8.4150244705e+00    7.0352107511e+00   -2.6447799408e+01    7.4311259482e-01    2.5099230000e+06    1.7233748206e+01    9.9996479092e-01
       317   -6.2755388476e+00    3.9429204338e+01   -1.0217137325e+01    3.9415984770e+00    8.3994538367e+00    7.0352107511e+00   -2.6401738024e+01    7.4993611153e-01    2.5044890000e+06    1.7042735002e+01    9.9996471147e-01
       318   -6.2768563916e+00    3.9441814834e+01   -1.0192166890e+01    3.9153104987e+00    8.3821080540e+00    7.0352107511e+00   -2.6351016121e+01    7.4153042590e-01    2.5125900000e+06    1.7415877589e+01    9.9996487720e-01
       319   -6.2801482128e+00    3.9481389205e+01   -1.0217046175e+01    3.9368979619e+00    8.3960908159e+00    7.0352107511e+00   -2.6373031763e+01    7.2468402101e-01    2.5089160000e+06    1.6958277431e+01    9.9996333261e-01
       320   -6.2763095354e+00    3.9434288769e+01   -1.0224584064e+01    3.9482745283e+00    8.4331708066e+00    7.0352107511e+00   -2.6436664203e+01    7.4369858121e-01    2.5075210000e+06    1.7131310551e+01    9.9996370921e-01
       321   -6.2793483075e+00    3.9470726268e+01   -1.0257720068e+01    3.9783717609e+00    8.4358460767e+00    7.0352107511e+00   -2.6489294810e+01    7.6051791373e-01    2.5197640000e+06    1.7690650577e+01    9.9996488138e-01
       322   -6.2797891165e+00    3.9485424193e+01   -1.0232730650e+01    3.9529415337e+00    8.4248797043e+00    7.0352107511e+00   -2.6462702926e+01    7.6988182058e-01    2.5254110000e+06    1.7414469612e+01    9.9996253081e-01
       323   -6.2770555854e+00    3.9444754268e+01   -1.0219494036e+01    3.9424384508e+00    8.4177305129e+00    7.0352107511e+00   -2.6404199007e+01    7.3176370639e-01    2.5133170000e+06    1.7153145626e+01    9.9996200275e-01
       324   -6.2776001860e+00    3.9450860017e+01   -1.0249986255e+01    3.9723860685e+00    8.4284805039e+00    7.0352107511e+00   -2.6462290652e+01    7.4861314261e-01    2.5133540000e+06    1.7278597890e+01    9.9996314581e-01
       325   -6.2769717836e+00    3.9443702602e+01   -1.0244006946e+01    3.9670351627e+00    8.4329018219e+00    7.0352107511e+00   -2.6466250632e+01    7.5413111310e-01    2.5243030000e+06    1.7489979018e+01    9.9996236542e-01
       326   -6.2745578044e+00    3.9412243850e+01   -1.0262831663e+01    3.9882738587e+00    8.4422806347e+00    7.0352107511e+00   -2.6461733756e+01    7.2141070745e-01    2.5415670000e+06    1.7547802048e+01    9.9996404797e-01
       327   -6.2779383186e+00    3.9455357858e+01   -1.0262762210e+01    3.9848238912e+00    8.4205360806e+00    7.0352107511e+00   -2.6456922949e+01    7.3841390759e-01    2.5364400000e+06    1.7317213346e+01    9.9996358098e-01
       328   -6.2743704435e+00    3.9411234065e+01   -1.0216047676e+01    3.9416772322e+00    8.4185845678e+00    7.0352107511e+00   -2.6411640959e+01    7.4179796474e-01    2.5223780000e+06    1.7347405340e+01    9.9996298249e-01
       329   -6.2785621155e+00    3.9460934099e+01   -1.0223996665e+01    3.9454345500e+00    8.4264511227e+00    7.0352107512e+00   -2.6425303752e+01    7.3964521232e-01    2.5150040000e+06    1.7370576413e+01    9.9996426355e-01
       330   -6.2788896617e+00    3.9467947165e+01   -1.0205344301e+01    3.9264546397e+00    8.4093005075e+00    7.0352107511e+00   -2.6390608192e+01    7.4075263199e-01    2.5189980000e+06    1.7181895101e+01    9.9996213790e-01
       331   -6.2784107808e+00    3.9460750567e+01   -1.0255352905e+01    3.9769421239e+00    8.4346503040e+00    7.0352107511e+00   -2.6456712968e+01    7.3149900782e-01    2.5019060000e+06    1.7500230140e+01    9.9996182859e-01
       332   -6.2752073547e+00    3.9419923852e+01   -1.0247055622e+01    3.9718482670e+00    8.4288576059e+00    7.0352107511e+00   -2.6461321330e+01    7.5019735086e-01    2.5038560000e+06    1.7162049134e+01    9.9996465689e-01
       333   -6.2787806942e+00    3.9465165965e+01   -1.0256812196e+01    3.9780315022e+00    8.4137284232e+00    7.0352107511e+00   -2.6467156204e+01    7.6140483292e-01    2.5201210000e+06    1.7242222771e+01    9.9996567596e-01
       334   -6.2802702509e+00    3.9483819126e+01   -1.0276742013e+01    3.9964717618e+00    8.4462884655e+00    7.0352107511e+00   -2.6543578199e+01    7.8533696970e-01    2.5335280000e+06    1.7957122264e+01    9.9996270203e-01
       335   -6.2778466919e+00    3.9453931541e+01   -1.0242410551e+01    3.9645638591e+00    8.4357404720e+00    7.0352107511e+00   -2.6473157828e+01    7.5979605360e-01    2.5363900000e+06    1.7803481537e+01    9.9996402400e-01
       336   -6.2775829710e+00    3.9450243055e+01   -1.0250388166e+01    3.9728051949e+00    8.4237950834e+00    7.0352107511e+00   -2.6459420197e+01    7.5002619653e-01    2.5336840000e+06    1.7552864495e+01    9.9996383927e-01
       337   -6.2799283997e+00    3.9479186829e+01   -1.0226494727e+01    3.9465663271e+00    8.4300117778e+00    7.0352107511e+00   -2.6436335162e+01    7.4461790607e-01    2.5237440000e+06    1.8026379904e+01    9.9996121633e-01
       338   -6.2782140897e+00    3.9456954024e+01   -1.0208670029e+01    3.9304559396e+00    8.4301037491e+00    7.0352107511e+00   -2.6436321515e+01    7.6233698503e-01    2.5251280000e+06    1.7551647837e+01    9.9996410995e-01
       339   -6.2796261521e+00    3.9470063886e+01   -1.0199492528e+01    3.9198663754e+00    8.4482027456e+00    7.0352107511e+00   -2.6404565967e+01    7.2165994292e-01    2.5274080000e+06    1.7630664478e+01    9.9996033397e-01
       340   -6.2773803427e+00    3.9449288959e+01   -1.0238780178e+01    3.9613998357e+00    8.4360385249e+00    7.0352107511e+00   -2.6469266929e+01    7.5923747453e-01    2.5156890000e+06    1.7800831336e+01    9.9996357893e-01
       341   -6.2756637907e+00    3.9425675851e+01   -1.0249645581e+01    3.9739817904e+00    8.4355928499e+00    7.0352107511e+00   -2.6503476147e+01    7.8302696464e-01    2.5032070000e+06    1.7560737883e+01    9.9996124878e-01
       342   -6.2769006627e+00    3.9439152062e+01   -1.0254997000e+01    3.9780963370e+00    8.4533203082e+00    7.0352107511e+00   -2.6467845252e+01    7.2431719323e-01    2.5187280000e+06    1.7615866318e+01    9.9996312522e-01
       343   -6.2783112651e+00    3.9458853605e+01   -1.0266951802e+01    3.9886405371e+00    8.4438952181e+00    7.0352107512e+00   -2.6501096264e+01    7.5503849274e-01    2.5218420000e+06    1.7702393446e+01    9.9996227903e-01
       344   -6.2782517474e+00    3.9456819445e+01   -1.0227757569e+01    3.9495058217e+00    8.4673860590e+00    7.0352107511e+00   -2.6480918200e+01    7.5056382112e-01    2.5226230000e+06    1.7527110603e+01    9.9996363003e-01
       345   -6.2746232299e+00    3.9417432659e+01   -1.0261823139e+01    3.9871999086e+00    8.4276578821e+00    7.0352107511e+00   -2.6484937143e+01    7.6024537108e-01    2.5098660000e+06    1.7269094563e+01    9.9996135471e-01
       346   -6.2744485920e+00    3.9411650222e+01   -1.0283015520e+01    4.0085669277e+00    8.4304834593e+00    7.0352107511e+00   -2.6520577984e+01    7.7186825358e-01    2.5167480000e+06    1.7595763227e+01    9.9996374202e-01
       347   -6.2749042369e+00    3.9419535464e+01   -1.0247696703e+01    3.9727924663e+00    8.4398239434e+00    7.0352107511e+00   -2.6519644995e+01    7.9691359714e-01    2.5400910000e+06    1.7690515505e+01    9.9996323906e-01
       348   -6.2798135877e+00    3.9477945997e+01   -1.0254463919e+01    3.9746503314e+00    8.4388873045e+00    7.0352107511e+00   -2.6493899323e+01    7.6533734826e-01    2.5381480000e+06    1.7871067392e+01    9.9996099609e-01
       349   -6.2787796643e+00    3.9463206396e+01   -1.0238673533e+01    3.9598938687e+00    8.4407214051e+00    7.0352107511e+00   -2.6467988206e+01    7.5338251672e-01    2.5245510000e+06    1.7524571307e+01    9.9996326189e-01
       350   -6.2766112725e+00    3.9439746274e+01   -1.0201976758e+01    3.9253654858e+00    8.4342003851e+00    7.0352107512e+00   -2.6431004685e+01    7.5961678996e-01    2.5160670000e+06    1.7414675878e+01    9.9996363624e-01
       351   -6.2774348301e+00    3.9452346508e+01   -1.0205260501e+01    3.9278256707e+00    8.4080402432e+00    7.0352107511e+00   -2.6402470929e+01    7.5395943403e-01    2.5025790000e+06    1.7329360669e+01    9.9996153951e-01
       352   -6.2794998882e+00    3.9474103515e+01   -1.0240614007e+01    3.9611141187e+00    8.4099997068e+00    7.0352107511e+00   -2.6431017184e+01    7.4519271885e-01    2.5015260000e+06    1.7157823745e+01    9.9996277188e-01
       353   -6.2789038544e+00    3.9466199432e+01   -1.0213156919e+01    3.9342530645e+00    8.3986373404e+00    7.0352107511e+00   -2.6391337299e+01    7.4433228826e-01    2.5119450000e+06    1.7103646445e+01    9.9996432186e-01
       354   -6.2793336149e+00    3.9470799325e+01   -1.0224337411e+01    3.9450037960e+00    8.4027027805e+00    7.0352107511e+00   -2.6428915907e+01    7.6666496469e-01    2.5348560000e+06    1.7425336656e+01    9.9996331094e-01
       355   -6.2797679008e+00    3.9479005187e+01   -1.0266471246e+01    3.9867033455e+00    8.4170806474e+00    7.0352107511e+00   -2.6469345625e+01    7.5058298064e-01    2.5290950000e+06    1.7694139301e+01    9.9996164709e-01
       356   -6.2817309451e+00    3.9502773889e+01   -1.0258297005e+01    3.9765660599e+00    8.4120408942e+00    7.0352107511e+00   -2.6429362126e+01    7.2381347545e-01    2.5258960000e+06    1.7524269614e+01    9.9996590324e-01
       357   -6.2795300302e+00    3.9472800515e+01   -1.0259821145e+01    3.9802911145e+00    8.4032119504e+00    7.0352107511e+00   -2.6432351796e+01    7.3410794980e-01    2.5288890000e+06    1.7253723445e+01    9.9996460980e-01
       358   -6.2777121225e+00    3.9453404499e+01   -1.0228387292e+01    3.9506751698e+00    8.4349161704e+00    7.0352107511e+00   -2.6455593307e+01    7.5707909336e-01    2.5184170000e+06    1.7582399831e+01    9.9996257482e-01
       359   -6.2752423965e+00    3.9423091583e+01   -1.0244361693e+01    3.9691192970e+00    8.4427468911e+00    7.0352107511e+00   -2.6487523119e+01    7.6520378327e-01    2.5247800000e+06    1.7659879405e+01    9.9995890755e-01
       360   -6.2765767591e+00    3.9438110254e+01   -1.0253240396e+01    3.9766636367e+00    8.4317367434e+00    7.0352107511e+00   -2.6475172941e+01    7.5498505025e-01    2.5298350000e+06    1.7739684919e+01    9.9996170689e-01
       361   -6.2796393355e+00    3.9476865525e+01   -1.0241237722e+01    3.9615983866e+00    8.4122963230e+00    7.0352107511e+00   -2.6453691819e+01    7.6494702279e-01    2.5141240000e+06    1.7454760267e+01    9.9996320844e-01
       362   -6.2794109194e+00    3.9468575552e+01   -1.0244205315e+01    3.9647943953e+00    8.4136123748e+00    7.0352107511e+00   -2.6427089589e+01    7.3406114881e-01    2.5287510000e+06    1.7500701225e+01    9.9996322271e-01
       363   -6.2769265360e+00    3.9442919954e+01   -1.0248532513e+01    3.9716059768e+00    8.4490975222e+00    7.0352107511e+00   -2.6493590552e+01    7.6074976618e-01    2.5188780000e+06    1.7416074289e+01    9.9996282986e-01
       364   -6.2776527008e+00    3.9447200581e+01   -1.0276194081e+01    3.9985413801e+00    8.4319335678e+00    7.0352107511e+00   -2.6493326759e+01    7.4998835940e-01    2.5245750000e+06    1.7352255848e+01    9.9996296470e-01
       365   -6.2807078859e+00    3.9490458076e+01   -1.0249491877e+01    3.9687839912e+00    8.4388194631e+00    7.0352107511e+00   -2.6494683402e+01    7.7116131094e-01    2.5196480000e+06    1.7907202449e+01    9.9996577135e-01
       366   -6.2791994003e+00    3.9470210184e+01   -1.0252812514e+01    3.9736131142e+00    8.4226010427e+00    7.0352107511e+00   -2.6462546066e+01    7.5192175805e-01    2.5320930000e+06    1.7364951532e+01    9.9996519629e-01
       367   -6.2766918695e+00    3.9442247069e+01   -1.0266398243e+01    3.9897063740e+00    8.4143446029e+00    7.0352107511e+00   -2.6491106638e+01    7.7515304004e-01    2.5237140000e+06    1.7621375256e+01    9.9996473472e-01
       368   -6.2751586060e+00    3.9420246529e+01   -1.0261688190e+01    3.9865295837e+00    8.4363673082e+00    7.0352107511e+00   -2.6495560102e+01    7.6229385256e-01    2.5210840000e+06    1.7533445135e+01    9.9996504423e-01
       369   -6.2780675348e+00    3.9454841955e+01   -1.0259389258e+01    3.9813217236e+00    8.4209217481e+00    7.0352107511e+00   -2.6463690452e+01    7.4816869462e-01    2.5288500000e+06    1.7382653881e+01    9.9996401593e-01
       370   -6.2757489672e+00    3.9432245750e+01   -1.0267521752e+01    3.9917727847e+00    8.4359247352e+00    7.0352107512e+00   -2.6482983774e+01    7.4432653542e-01    2.5163470000e+06    1.7096853122e+01    9.9996696598e-01
       371   -6.2775859066e+00    3.9452416504e+01   -1.0278598289e+01    4.0010123820e+00    8.4273658551e+00    7.0352107511e+00   -2.6504529034e+01    7.6335413951e-01    2.5302810000e+06    1.7772764691e+01    9.9996477577e-01
       372   -6.2767557402e+00    3.9439225754e+01   -1.0242305617e+01    3.9655498771e+00    8.4355817916e+00    7.0352107511e+00   -2.6445574211e+01    7.3247605115e-01    2.5067640000e+06    1.7404361791e+01    9.9996544366e-01
       373   -6.2779042681e+00    3.9454821957e+01   -1.0238391709e+01    3.9604874405e+00    8.4105727488e+00    7.0352107511e+00   -2.6444166913e+01    7.5999170460e-01    2.5067300000e+06    1.7104458189e+01    9.9996584156e-01
       374   -6.2771792679e+00    3.9444715059e+01   -1.0263743423e+01    3.9865641546e+00    8.4195451281e+00    7.0352107511e+00   -2.6451100759e+01    7.3260145680e-01    2.5077460000e+06    1.7153593354e+01    9.9996451044e-01
       375   -6.2783368167e+00    3.9456121937e+01   -1.0232460165e+01    3.9541233488e+00    8.4413729883e+00    7.0352107511e+00   -2.6468290510e+01    7.5924660547e-01    2.5194400000e+06    1.7382450606e+01    9.9996169766e-01
       376   -6.2777507120e+00    3.9451348775e+01   -1.0248342195e+01    3.9705914830e+00    8.4282921496e+00    7.0352107512e+00   -2.6456025946e+01    7.4418085035e-01    2.5145680000e+06    1.7175310728e+01    9.9996530126e-01
       377   -6.2767577381e+00    3.9440074723e+01   -1.0242351298e+01    3.9655935602e+00    8.4230633493e+00    7.0352107511e+00   -2.6441717881e+01    7.4109248210e-01    2.5345800000e+06    1.7848764455e+01    9.9996596962e-01
       378   -6.2764941003e+00    3.9434873093e+01   -1.0244207462e+01    3.9677133617e+00    8.4437014717e+00    7.0352107511e+00   -2.6478244416e+01    7.5512473103e-01    2.5309270000e+06    1.7676679525e+01    9.9996379999e-01
       379   -6.2787556381e+00    3.9466113787e+01   -1.0260086223e+01    3.9813305847e+00    8.4292595394e+00    7.0352107511e+00   -2.6484620559e+01    7.6006404583e-01    2.5253310000e+06    1.7308332884e+01    9.9996624180e-01
       380   -6.2764175807e+00    3.9438730129e+01   -1.0229015547e+01    3.9525979665e+00    8.4356060736e+00    7.0352107511e+00   -2.6472466973e+01    7.7263460158e-01    2.5309850000e+06    1.7431097484e+01    9.9996345197e-01
       381   -6.2756309772e+00    3.9425164359e+01   -1.0253387993e+01    3.9777570159e+00    8.4254731292e+00    7.0352107511e+00   -2.6473178220e+01    7.5910634682e-01    2.5193740000e+06    1.7168289401e+01    9.9996278862e-01
       382   -6.2783791258e+00    3.9461493691e+01   -1.0248182045e+01    3.9698029192e+00    8.4186269050e+00    7.0352107511e+00   -2.6460148983e+01    7.5812928223e-01    2.5183300000e+06    1.7508137558e+01    9.9996629598e-01
       383   -6.2761183205e+00    3.9430812211e+01   -1.0262550388e+01    3.9864320675e+00    8.4230880059e+00    7.0352107511e+00   -2.6485962280e+01    7.6511313460e-01    2.5116760000e+06    1.7694380023e+01    9.9996401724e-01
       384   -6.2755762147e+00    3.9424986508e+01   -1.0230555644e+01    3.9549794291e+00    8.4100206651e+00    7.0352107511e+00   -2.6461435785e+01    7.8564872462e-01    2.5295510000e+06    1.7611460705e+01    9.9996580350e-01
       385   -6.2784352895e+00    3.9461641483e+01   -1.0223660537e+01    3.9452252479e+00    8.4142299191e+00    7.0352107511e+00   -2.6435639399e+01    7.6253819143e-01    2.5395930000e+06    1.7249328848e+01    9.9996239465e-01
       386   -6.2762586593e+00    3.9433609117e+01   -1.0261728528e+01    3.9854698687e+00    8.4201442066e+00    7.0352107511e+00   -2.6500294071e+01    7.8321058560e-01    2.5409600000e+06    1.7552253827e+01    9.9996625312e-01
       387   -6.2782109668e+00    3.9457193782e+01   -1.0237981072e+01    3.9597701054e+00    8.4278805443e+00    7.0352107511e+00   -2.6477385992e+01    7.7631362460e-01    2.5265250000e+06    1.7468377764e+01    9.9996264292e-01
       388   -6.2791403403e+00    3.9469582315e+01   -1.0249038491e+01    3.9698981509e+00    8.4189488601e+00    7.0352107511e+00   -2.6445141206e+01    7.4194310367e-01    2.5126620000e+06    1.6989365302e+01    9.9996437974e-01
       389   -6.2747228016e+00    3.9416202473e+01   -1.0229688993e+01    3.9549661910e+00    8.3916771600e+00    7.0352107511e+00   -2.6389014368e+01    7.3243746413e-01    2.5273470000e+06    1.7810894910e+01    9.9996176961e-01
       390   -6.2753514742e+00    3.9422535643e+01   -1.0207032613e+01    3.9316811389e+00    8.4220033674e+00    7.0352107511e+00   -2.6437147384e+01    7.7290065199e-01    2.5372030000e+06    1.7667185365e+01    9.9996551306e-01
       391   -6.2713684222e+00    3.9377522665e+01   -1.0286119503e+01    4.0147510811e+00    8.4112222393e+00    7.0352107511e+00   -2.6505636283e+01    7.7308378955e-01    2.5331800000e+06    1.7661670920e+01    9.9996457074e-01
       392   -6.2761587740e+00    3.9436176067e+01   -1.0309376511e+01    4.0332177373e+00    8.4304409008e+00    7.0352107512e+00   -2.6535175661e+01    7.6014749791e-01    2.5188530000e+06    1.7174892314e+01    9.9996228393e-01
       393   -6.2803847020e+00    3.9487042693e+01   -1.0322056507e+01    4.0416718053e+00    8.4447965968e+00    7.0352107511e+00   -2.6548919518e+01    7.4685566245e-01    2.5299930000e+06    1.7537397848e+01    9.9996408017e-01
       394   -6.2785346197e+00    3.9465790270e+01   -1.0229275582e+01    3.9507409624e+00    8.3974892569e+00    7.0352107511e+00   -2.6402084572e+01    7.4010898159e-01    2.5373370000e+06    1.7595490690e+01    9.9996492216e-01
       395   -6.2747076367e+00    3.9413774825e+01   -1.0220387899e+01    3.9456802627e+00    8.4021805162e+00    7.0352107511e+00   -2.6391904682e+01    7.3412551535e-01    2.5273440000e+06    1.7553013725e+01    9.9996448748e-01
       396   -6.2767936834e+00    3.9440621512e+01   -1.0234464086e+01    3.9576704030e+00    8.4086868579e+00    7.0352107512e+00   -2.6430988728e+01    7.5262703285e-01    2.5155850000e+06    1.7146786255e+01    9.9996422252e-01
       397   -6.2774376773e+00    3.9451515452e+01   -1.0258891894e+01    3.9814542170e+00    8.4251122338e+00    7.0352107511e+00   -2.6439825464e+01    7.2061058469e-01    2.5253700000e+06    1.7454266644e+01    9.9996223386e-01
       398   -6.2786081917e+00    3.9462467283e+01   -1.0282923865e+01    4.0043156735e+00    8.4352275666e+00    7.0352107511e+00   -2.6490853809e+01    7.3749162597e-01    2.5236520000e+06    1.7421247964e+01    9.9996433833e-01
       399   -6.2786075457e+00    3.9465867806e+01   -1.0262837932e+01    3.9842303859e+00    8.4325255104e+00    7.0352107511e+00   -2.6473702477e+01    7.4312828393e-01    2.5352460000e+06    1.7570028505e+01    9.9996114815e-01
       400   -6.2768683611e+00    3.9439530141e+01   -1.0251064023e+01    3.9741956615e+00    8.4375174605e+00    7.0352107511e+00   -2.6487247142e+01    7.6345490804e-01    2.5481980000e+06    1.7707979211e+01    9.9996477793e-01
       401   -6.2762588963e+00    3.9432204950e+01   -1.0213745135e+01    3.9374862384e+00    8.4196788633e+00    7.0352107511e+00   -2.6433553188e+01    7.6491843857e-01    2.5294310000e+06    1.7620441326e+01    9.9996417153e-01
       402   -6.2768848631e+00    3.9441527739e+01   -1.0213568210e+01    3.9366833470e+00    8.4250371672e+00    7.0352107511e+00   -2.6419589152e+01    7.4577302368e-01    2.5227340000e+06    1.7271448618e+01    9.9996491828e-01
