#   index    LocalEnergy         LocalEnergy_sq      LocalPotential      Kinetic             ElecElec            IonIon              LocalECP            NonLocalECP         BlockWeight         BlockCPU            AcceptRatio         
         0   -5.9133157872e+00    3.4997951909e+01   -9.7872943685e+00    3.8739785813e+00    8.0470702389e+00    7.0352112605e+00   -2.5572754191e+01    7.0317832349e-01    1.3440000000e+03    2.7627480503e-02    5.5353050595e-01
         1   -5.9190055623e+00    3.5066304872e+01   -9.8152104980e+00    3.8962049357e+00    8.1011854007e+00    7.0352112605e+00   -2.5607321350e+01    6.5571419097e-01    1.3440000000e+03    2.7573243029e-02    5.5493117560e-01
         2   -5.9175006130e+00    3.5060371191e+01   -9.7528712065e+00    3.8353705936e+00    8.0319698184e+00    7.0352112605e+00   -2.5623780995e+01    8.0372871009e-01    1.3440000000e+03    2.7575917478e-02    5.5560453869e-01
         3   -5.9309189134e+00    3.5322683547e+01   -9.9596366723e+00    4.0287177589e+00    8.0554166373e+00    7.0352112605e+00   -2.5747738948e+01    6.9747437744e-01    1.3440000000e+03    2.7614431035e-02    5.5493675595e-01
         4   -5.9204025992e+00    3.5089353019e+01   -9.9392640551e+00    4.0188614559e+00    8.0701780271e+00    7.0352112605e+00   -2.5740985862e+01    6.9633251946e-01    1.3440000000e+03    2.7628272147e-02    5.5574032738e-01
         5   -5.9335495344e+00    3.5249301014e+01   -9.8964549935e+00    3.9629054591e+00    8.0506535413e+00    7.0352112605e+00   -2.5802611677e+01    8.2029188156e-01    1.3440000000e+03    2.7602971629e-02    5.5568080357e-01
         6   -5.9216515694e+00    3.5109159736e+01   -9.7820472241e+00    3.8603956547e+00    8.0748771710e+00    7.0352112605e+00   -2.5586562036e+01    6.9442638048e-01    1.3440000000e+03    2.7658742779e-02    5.5630208333e-01
         7   -5.9270165778e+00    3.5173944541e+01   -9.8400258662e+00    3.9130092884e+00    8.1463129130e+00    7.0352112605e+00   -2.5817605634e+01    7.9605559461e-01    1.3440000000e+03    2.7668068533e-02    5.5404203869e-01
         8   -5.9172754260e+00    3.5063815070e+01   -9.7594706295e+00    3.8421952036e+00    8.0747457888e+00    7.0352112605e+00   -2.5638274660e+01    7.6884698071e-01    1.3440000000e+03    2.7585104045e-02    5.5500930060e-01
         9   -5.9165312021e+00    3.5037393700e+01   -9.7788365774e+00    3.8623053753e+00    8.0514356003e+00    7.0352112605e+00   -2.5563082817e+01    6.9759937928e-01    1.3440000000e+03    2.7560439646e-02    5.5555803571e-01
        10   -5.9172597421e+00    3.5052165462e+01   -9.8985488260e+00    3.9812890839e+00    8.1400304035e+00    7.0352112605e+00   -2.5813448375e+01    7.3965788523e-01    1.3440000000e+03    2.7671777554e-02    5.5618303571e-01
        11   -5.9186738184e+00    3.5070046430e+01   -9.7938679792e+00    3.8751941608e+00    8.0214654597e+00    7.0352112605e+00   -2.5553826512e+01    7.0328181252e-01    1.3440000000e+03    2.7587050299e-02    5.5475446429e-01
        12   -5.9249367541e+00    3.5145938826e+01   -9.8055611076e+00    3.8806243536e+00    8.0001123714e+00    7.0352112605e+00   -2.5535267136e+01    6.9438239608e-01    1.3440000000e+03    2.7566841413e-02    5.5616443452e-01
        13   -5.9196664364e+00    3.5098552312e+01   -9.8884084559e+00    3.9687420195e+00    8.0175176270e+00    7.0352112605e+00   -2.5651689433e+01    7.1055208978e-01    1.3440000000e+03    2.7576878378e-02    5.5478236607e-01
        14   -5.9317161262e+00    3.5241863147e+01   -9.9636565105e+00    4.0319403843e+00    8.0872302413e+00    7.0352112605e+00   -2.5847793742e+01    7.6169572992e-01    1.3440000000e+03    2.7654778954e-02    5.5565104167e-01
        15   -5.9255917534e+00    3.5186344819e+01   -9.7983693198e+00    3.8727775664e+00    8.0692644291e+00    7.0352112605e+00   -2.5658074797e+01    7.5522978732e-01    1.3440000000e+03    2.7608634533e-02    5.5412202381e-01
        16   -5.9268264800e+00    3.5208012968e+01   -9.8201126203e+00    3.8932861403e+00    8.0081986203e+00    7.0352112605e+00   -2.5648107310e+01    7.8458480851e-01    1.3440000000e+03    2.7565392336e-02    5.5508742560e-01
        17   -5.9287953782e+00    3.5194432519e+01   -9.7868228090e+00    3.8580274308e+00    8.0880091230e+00    7.0352112605e+00   -2.5639367554e+01    7.2932436150e-01    1.3440000000e+03    2.7604186435e-02    5.5574590774e-01
        18   -5.9209859980e+00    3.5091961349e+01   -9.9306236449e+00    4.0096376468e+00    8.0597569951e+00    7.0352112605e+00   -2.5721381265e+01    6.9578936427e-01    1.3440000000e+03    2.7608172898e-02    5.5521019345e-01
        19   -5.9098561839e+00    3.4961028998e+01   -1.0060369582e+01    4.1505133983e+00    8.0218456335e+00    7.0352112605e+00   -2.5726884264e+01    6.0945778802e-01    1.3440000000e+03    2.7586436696e-02    5.5469122024e-01
        20   -5.9184225134e+00    3.5061554108e+01   -9.9032968597e+00    3.9848743463e+00    8.0604363265e+00    7.0352112605e+00   -2.5658413957e+01    6.5946950994e-01    1.3440000000e+03    2.7606948009e-02    5.5459635417e-01
        21   -5.9223628305e+00    3.5105281004e+01   -9.8907337207e+00    3.9683708902e+00    8.0963145375e+00    7.0352112605e+00   -2.5743599652e+01    7.2134013288e-01    1.3440000000e+03    2.7644495114e-02    5.5463355655e-01
        22   -5.9131583002e+00    3.4997870022e+01   -9.9288433516e+00    4.0156850514e+00    8.0617982931e+00    7.0352112605e+00   -2.5719845386e+01    6.9399248124e-01    1.3440000000e+03    2.7624943999e-02    5.5465773810e-01
        23   -5.9183560283e+00    3.5068558016e+01   -9.8887814418e+00    3.9704254135e+00    8.0870121171e+00    7.0352112605e+00   -2.5748295030e+01    7.3729021093e-01    1.3440000000e+03    2.7636916064e-02    5.5510416667e-01
        24   -5.9186402278e+00    3.5071118037e+01   -9.8152114921e+00    3.8965712643e+00    8.0442971749e+00    7.0352112605e+00   -2.5699249923e+01    8.0452999598e-01    1.3440000000e+03    2.7598913488e-02    5.5392299107e-01
        25   -5.9229080524e+00    3.5114418374e+01   -9.7581648070e+00    3.8352567546e+00    8.0395207502e+00    7.0352112605e+00   -2.5612467098e+01    7.7957027989e-01    1.3440000000e+03    2.7616259134e-02    5.5490699405e-01
        26   -5.9219495893e+00    3.5110726660e+01   -9.8851614271e+00    3.9632118378e+00    8.0101770562e+00    7.0352112605e+00   -2.5664108962e+01    7.3355921867e-01    1.3440000000e+03    2.7606731923e-02    5.5603794643e-01
        27   -5.9105529354e+00    3.4975806535e+01   -9.8249917256e+00    3.9144387902e+00    8.0733622318e+00    7.0352112605e+00   -2.5645561249e+01    7.1199603130e-01    1.3440000000e+03    2.7618816570e-02    5.5467261905e-01
        28   -5.9220293495e+00    3.5102618844e+01   -9.8635710464e+00    3.9415416969e+00    8.0332775223e+00    7.0352112605e+00   -2.5637581559e+01    7.0552172944e-01    1.3440000000e+03    2.7577239414e-02    5.5498883929e-01
        29   -5.9286864045e+00    3.5185533952e+01   -9.9147800711e+00    3.9860936666e+00    8.0772178836e+00    7.0352112605e+00   -2.5756730864e+01    7.2952164849e-01    1.3440000000e+03    2.7596431568e-02    5.5456659226e-01
        30   -5.9179368175e+00    3.5068829191e+01   -9.7232382836e+00    3.8053014661e+00    8.0718961681e+00    7.0352112605e+00   -2.5540962634e+01    7.1061692207e-01    1.3440000000e+03    2.7602757257e-02    5.5436383929e-01
        31   -5.9161380653e+00    3.5037951457e+01   -9.9077882374e+00    3.9916501721e+00    8.0943646052e+00    7.0352112605e+00   -2.5750926718e+01    7.1356261545e-01    1.3440000000e+03    2.7655566267e-02    5.5424107143e-01
        32   -5.9180104838e+00    3.5055393917e+01   -9.8604051741e+00    3.9423946903e+00    8.0687559804e+00    7.0352112605e+00   -2.5701129445e+01    7.3675702996e-01    1.3440000000e+03    2.7634871891e-02    5.5522879464e-01
        33   -5.9352008987e+00    3.5332037908e+01   -9.8048084876e+00    3.8696075889e+00    8.0565649912e+00    7.0352112605e+00   -2.5705068252e+01    8.0848351232e-01    1.3440000000e+03    2.7640610301e-02    5.5476004464e-01
        34   -5.9263119159e+00    3.5172379178e+01   -9.8124198129e+00    3.8861078970e+00    8.0798399526e+00    7.0352112605e+00   -2.5624492129e+01    6.9702110262e-01    1.3440000000e+03    2.7627533866e-02    5.5444382440e-01
        35   -5.9217361159e+00    3.5113898635e+01   -9.7835823053e+00    3.8618461894e+00    8.0836734465e+00    7.0352112605e+00   -2.5608326730e+01    7.0585971736e-01    1.3440000000e+03    2.7603320782e-02    5.5430431548e-01
        36   -5.9260217372e+00    3.5154840356e+01   -9.8997756404e+00    3.9737539032e+00    8.0594261601e+00    7.0352112605e+00   -2.5637650140e+01    6.4323707937e-01    1.3440000000e+03    2.7614123394e-02    5.5506510417e-01
        37   -5.9228126352e+00    3.5119354136e+01   -9.8235111589e+00    3.9006985237e+00    8.0674093242e+00    7.0352112605e+00   -2.5624035243e+01    6.9790349937e-01    1.3440000000e+03    2.7653458030e-02    5.5425595238e-01
        38   -5.9215108087e+00    3.5101768824e+01   -9.8086115816e+00    3.8871007730e+00    8.0434813786e+00    7.0352112605e+00   -2.5596662615e+01    7.0935839402e-01    1.3440000000e+03    2.7631094169e-02    5.5525669643e-01
        39   -5.9107117514e+00    3.4979231021e+01   -9.8770063209e+00    3.9662945696e+00    8.0688056152e+00    7.0352112605e+00   -2.5732766840e+01    7.5174364380e-01    1.3440000000e+03    2.7613087656e-02    5.5438244048e-01
        40   -5.9212430965e+00    3.5112640645e+01   -9.9265360787e+00    4.0052929822e+00    8.0855440778e+00    7.0352112605e+00   -2.5740345825e+01    6.9305440849e-01    1.3440000000e+03    2.7595298378e-02    5.5523065476e-01
        41   -5.9092939238e+00    3.4952653544e+01   -9.8788548597e+00    3.9695609359e+00    8.0874769013e+00    7.0352112605e+00   -2.5680727688e+01    6.7918466683e-01    1.3440000000e+03    2.7637864709e-02    5.5436197917e-01
        42   -5.9134571412e+00    3.5012662827e+01   -9.7778462446e+00    3.8643891034e+00    8.0527554876e+00    7.0352112605e+00   -2.5629066118e+01    7.6325312567e-01    1.3440000000e+03    2.7623820502e-02    5.5532552083e-01
        43   -5.9264122105e+00    3.5159454866e+01   -9.8900147926e+00    3.9636025821e+00    8.0680839936e+00    7.0352112605e+00   -2.5745639458e+01    7.5232941160e-01    1.3440000000e+03    2.7603613293e-02    5.5598214286e-01
        44   -5.9291707820e+00    3.5186766914e+01   -9.9067508084e+00    3.9775800264e+00    8.0189964613e+00    7.0352112605e+00   -2.5620105719e+01    6.5914718847e-01    1.3440000000e+03    2.7546992660e-02    5.5567894345e-01
        45   -5.9157648375e+00    3.5031906983e+01   -9.8203085729e+00    3.9045437353e+00    8.0681032383e+00    7.0352112605e+00   -2.5605601517e+01    6.8197844539e-01    1.3440000000e+03    2.7621449578e-02    5.5555803571e-01
        46   -5.9290059587e+00    3.5191344142e+01   -9.8571724263e+00    3.9281664676e+00    8.0561422028e+00    7.0352112605e+00   -2.5692196252e+01    7.4367036225e-01    1.3440000000e+03    2.7633556816e-02    5.5526227679e-01
        47   -5.9264499912e+00    3.5167108905e+01   -1.0029890567e+01    4.1034405758e+00    8.0669376635e+00    7.0352112605e+00   -2.5874954057e+01    7.4291456562e-01    1.3440000000e+03    2.7613611925e-02    5.5512834821e-01
        48   -5.9148454923e+00    3.5027261421e+01   -9.7698659906e+00    3.8550204984e+00    8.0447461923e+00    7.0352112605e+00   -2.5618841325e+01    7.6901788118e-01    1.3440000000e+03    2.7616049895e-02    5.5492001488e-01
        49   -5.9119782613e+00    3.4992923934e+01   -9.8533936488e+00    3.9414153876e+00    8.0662106925e+00    7.0352112605e+00   -2.5630099551e+01    6.7528394866e-01    1.3440000000e+03    2.7598487432e-02    5.5496279762e-01
        50   -5.9163728692e+00    3.5035799285e+01   -9.8004606563e+00    3.8840877871e+00    8.0416853147e+00    7.0352112605e+00   -2.5545231243e+01    6.6787401167e-01    1.3440000000e+03    2.7596313375e-02    5.5631138393e-01
        51   -5.9239970381e+00    3.5128786233e+01   -9.9212250079e+00    3.9972279698e+00    8.0484936618e+00    7.0352112605e+00   -2.5706889153e+01    7.0195922302e-01    1.3440000000e+03    2.7617005271e-02    5.5617745536e-01
        52   -5.9186166911e+00    3.5078976654e+01   -9.8572215018e+00    3.9386048108e+00    8.0411301149e+00    7.0352112605e+00   -2.5693498910e+01    7.5993603321e-01    1.3440000000e+03    2.7624922920e-02    5.5457589286e-01
        53   -5.9197183275e+00    3.5091039256e+01   -9.9161721245e+00    3.9964537970e+00    8.0570603810e+00    7.0352112605e+00   -2.5750264734e+01    7.4182096769e-01    1.3440000000e+03    2.7613641933e-02    5.5483444940e-01
        54   -5.9222210615e+00    3.5102715281e+01   -9.8065908937e+00    3.8843698322e+00    8.0666295833e+00    7.0352112605e+00   -2.5531662160e+01    6.2323042300e-01    1.3440000000e+03    2.7582618902e-02    5.5497209821e-01
        55   -5.9272384160e+00    3.5168034153e+01   -9.7990069537e+00    3.8717685377e+00    8.0468617679e+00    7.0352112605e+00   -2.5628781410e+01    7.4770142813e-01    1.3440000000e+03    2.7582243639e-02    5.5506324405e-01
        56   -5.9256453473e+00    3.5153468352e+01   -9.9025960924e+00    3.9769507451e+00    8.0609881100e+00    7.0352112605e+00   -2.5658489998e+01    6.5969453544e-01    1.3440000000e+03    2.7652966090e-02    5.5404389881e-01
        57   -5.9273455808e+00    3.5168683974e+01   -1.0020407759e+01    4.0930621782e+00    8.1372179900e+00    7.0352112605e+00   -2.5916121973e+01    7.2328496360e-01    1.3440000000e+03    2.7650776096e-02    5.5479538690e-01
        58   -5.9252436305e+00    3.5150498863e+01   -9.8251423928e+00    3.8998987624e+00    8.1001562490e+00    7.0352112605e+00   -2.5688367973e+01    7.2785807097e-01    1.3440000000e+03    2.7632676877e-02    5.5436197917e-01
        59   -5.9213679235e+00    3.5096852985e+01   -9.7171221436e+00    3.7957542201e+00    8.0631271709e+00    7.0352112605e+00   -2.5541699067e+01    7.2623849220e-01    1.3440000000e+03    2.7619496417e-02    5.5575148810e-01
        60   -5.9183246994e+00    3.5066165014e+01   -9.8340826621e+00    3.9157579627e+00    8.0693496568e+00    7.0352112605e+00   -2.5752281141e+01    8.1363756124e-01    1.3440000000e+03    2.7638492112e-02    5.5543340774e-01
        61   -5.9169634077e+00    3.5052007678e+01   -9.8002413607e+00    3.8832779531e+00    8.0434466270e+00    7.0352112605e+00   -2.5576197522e+01    6.9729827423e-01    1.3440000000e+03    2.7649251738e-02    5.5500744048e-01
        62   -5.9224360957e+00    3.5106508619e+01   -9.8199689040e+00    3.8975328083e+00    8.1067305598e+00    7.0352112605e+00   -2.5664072601e+01    7.0216187695e-01    1.3440000000e+03    2.7641476949e-02    5.5611049107e-01
        63   -5.9214952901e+00    3.5109043895e+01   -9.8913374018e+00    3.9698421117e+00    8.0399517097e+00    7.0352112605e+00   -2.5656893706e+01    6.9039333352e-01    1.3440000000e+03    2.7560721908e-02    5.5389880952e-01
        64   -5.9192769178e+00    3.5077011521e+01   -9.8848888237e+00    3.9656119059e+00    8.0607422730e+00    7.0352112605e+00   -2.5692303438e+01    7.1146108076e-01    1.3440000000e+03    2.7596569476e-02    5.5507440476e-01
        65   -5.9082901405e+00    3.4938873083e+01   -9.8497940660e+00    3.9415039255e+00    8.0910648945e+00    7.0352112605e+00   -2.5682406880e+01    7.0633665909e-01    1.3440000000e+03    2.7626840719e-02    5.5621837798e-01
        66   -5.9147211187e+00    3.5025477105e+01   -9.7929471303e+00    3.8782260115e+00    8.0105001099e+00    7.0352112605e+00   -2.5508979541e+01    6.7032104028e-01    1.3440000000e+03    2.7587803333e-02    5.5476934524e-01
        67   -5.9167174812e+00    3.5041837735e+01   -9.9043606383e+00    3.9876431571e+00    7.9737332220e+00    7.0352112605e+00   -2.5613476334e+01    7.0017121285e-01    1.3440000000e+03    2.7535998646e-02    5.5385416667e-01
        68   -5.9162770810e+00    3.5043450840e+01   -9.9872006410e+00    4.0709235600e+00    8.0771289227e+00    7.0352112605e+00   -2.5725832946e+01    6.2629212200e-01    1.3440000000e+03    2.7620501490e-02    5.5520833333e-01
        69   -5.9194846820e+00    3.5072244669e+01   -9.9958537437e+00    4.0763690617e+00    8.0696802288e+00    7.0352112605e+00   -2.5841340118e+01    7.4059488522e-01    1.3440000000e+03    2.7616028397e-02    5.5462053571e-01
        70   -5.9197861678e+00    3.5078693081e+01   -9.8157987996e+00    3.8960126317e+00    8.1034146031e+00    7.0352112605e+00   -2.5706655888e+01    7.5223122484e-01    1.3440000000e+03    2.7658174340e-02    5.5452752976e-01
        71   -5.9413928307e+00    3.5336294839e+01   -9.8854159545e+00    3.9440231238e+00    8.0234889329e+00    7.0352112605e+00   -2.5617150354e+01    6.7303420581e-01    1.3440000000e+03    2.7643871939e-02    5.5636718750e-01
        72   -5.9219123344e+00    3.5121808145e+01   -9.8684000416e+00    3.9464877072e+00    8.0488570912e+00    7.0352112605e+00   -2.5687196568e+01    7.3472817483e-01    1.3440000000e+03    2.7607572458e-02    5.5452380952e-01
        73   -5.9288603923e+00    3.5204036472e+01   -9.7509364767e+00    3.8220760844e+00    8.0775137857e+00    7.0352112605e+00   -2.5570062995e+01    7.0640147219e-01    1.3440000000e+03    2.7643189060e-02    5.5559337798e-01
        74   -5.9248594310e+00    3.5142222506e+01   -9.9467220627e+00    4.0218626316e+00    8.0653443892e+00    7.0352112605e+00   -2.5731355226e+01    6.8407751354e-01    1.3440000000e+03    2.7604868057e-02    5.5528087798e-01
        75   -5.9322360126e+00    3.5231248152e+01   -9.9228243783e+00    3.9905883657e+00    8.0281329608e+00    7.0352112605e+00   -2.5689094694e+01    7.0292609486e-01    1.3440000000e+03    2.7583458322e-02    5.5343191964e-01
        76   -5.9269084260e+00    3.5167889542e+01   -9.9691639042e+00    4.0422554782e+00    8.0746123123e+00    7.0352112605e+00   -2.5744867975e+01    6.6588049828e-01    1.3440000000e+03    2.7607034656e-02    5.5389880952e-01
        77   -5.9075576919e+00    3.4964359965e+01   -9.9028014278e+00    3.9952437359e+00    8.0551814094e+00    7.0352112605e+00   -2.5784911065e+01    7.9171696745e-01    1.3440000000e+03    2.7617819023e-02    5.5592075893e-01
        78   -5.9228907637e+00    3.5110996541e+01   -9.9569497280e+00    4.0340589643e+00    8.0410520807e+00    7.0352112605e+00   -2.5640097471e+01    6.0688440198e-01    1.3440000000e+03    2.7545990349e-02    5.5584449405e-01
        79   -5.9270002259e+00    3.5175549011e+01   -9.9157399579e+00    3.9887397320e+00    8.0147990892e+00    7.0352112605e+00   -2.5690391155e+01    7.2464084724e-01    1.3440000000e+03    2.7561264261e-02    5.5546502976e-01
        80   -5.9255882846e+00    3.5159088623e+01   -9.9161931474e+00    3.9906048627e+00    8.0890215513e+00    7.0352112605e+00   -2.5780266743e+01    7.3984078402e-01    1.3440000000e+03    2.7641320226e-02    5.5582589286e-01
        81   -5.9168184488e+00    3.5055756779e+01   -9.9037568655e+00    3.9869384168e+00    8.0772927784e+00    7.0352112605e+00   -2.5722434401e+01    7.0617349663e-01    1.3440000000e+03    2.7606097110e-02    5.5494977679e-01
        82   -5.9228540384e+00    3.5122617516e+01   -9.7669491636e+00    3.8440951252e+00    8.0688278744e+00    7.0352112605e+00   -2.5613971527e+01    7.4298322882e-01    1.3440000000e+03    2.7658978721e-02    5.5618117560e-01
        83   -5.9161465073e+00    3.5034538690e+01   -9.8430090161e+00    3.9268625087e+00    8.0491686060e+00    7.0352112605e+00   -2.5640345758e+01    7.1295687514e-01    1.3440000000e+03    2.7580645359e-02    5.5519903274e-01
        84   -5.9266064792e+00    3.5160613193e+01   -9.8797026625e+00    3.9530961833e+00    8.0785633565e+00    7.0352112605e+00   -2.5697641853e+01    7.0416457322e-01    1.3440000000e+03    2.7634828080e-02    5.5523809524e-01
        85   -5.9137065912e+00    3.5028007140e+01   -9.7800384422e+00    3.8663318510e+00    7.9931759245e+00    7.0352112605e+00   -2.5488226553e+01    6.7980092550e-01    1.3440000000e+03    2.7595712310e-02    5.5518043155e-01
        86   -5.9255824554e+00    3.5149367357e+01   -9.7235007949e+00    3.7979183395e+00    8.1197285961e+00    7.0352112605e+00   -2.5642099059e+01    7.6365840712e-01    1.3440000000e+03    2.7630458293e-02    5.5579985119e-01
        87   -5.9291677445e+00    3.5201077183e+01   -9.8387142841e+00    3.9095465396e+00    8.0536156612e+00    7.0352112605e+00   -2.5544779114e+01    6.1723790797e-01    1.3440000000e+03    2.7631971414e-02    5.5471354167e-01
        88   -5.9283457700e+00    3.5178991382e+01   -9.8715685894e+00    3.9432228194e+00    8.0440830866e+00    7.0352112605e+00   -2.5663045288e+01    7.1218235116e-01    1.3440000000e+03    2.7569901765e-02    5.5482328869e-01
        89   -5.9158254781e+00    3.5045263165e+01   -9.8725532460e+00    3.9567277678e+00    8.0723979286e+00    7.0352112605e+00   -2.5737949794e+01    7.5778735860e-01    1.3440000000e+03    2.7620644245e-02    5.5513206845e-01
        90   -5.9259849881e+00    3.5163343231e+01   -9.8695483477e+00    3.9435633596e+00    8.0600296642e+00    7.0352112605e+00   -2.5722375097e+01    7.5758582462e-01    1.3440000000e+03    2.7638373407e-02    5.5431733631e-01
        91   -5.9285361531e+00    3.5186427197e+01   -9.8953871057e+00    3.9668509527e+00    8.0327789906e+00    7.0352112605e+00   -2.5631885307e+01    6.6850795010e-01    1.3440000000e+03    2.7567009616e-02    5.5460379464e-01
        92   -5.9167800562e+00    3.5048045532e+01   -9.9120159784e+00    3.9952359222e+00    8.0714498856e+00    7.0352112605e+00   -2.5720727015e+01    7.0204989055e-01    1.3440000000e+03    2.7627198412e-02    5.5522879464e-01
        93   -5.9302015105e+00    3.5253445388e+01   -9.8623287554e+00    3.9321272448e+00    8.1073856219e+00    7.0352112605e+00   -2.5661005976e+01    6.5608033852e-01    1.3440000000e+03    2.7609101716e-02    5.5468005952e-01
        94   -5.9149244826e+00    3.5020021477e+01   -9.8883614020e+00    3.9734369194e+00    8.0495584802e+00    7.0352112605e+00   -2.5657659488e+01    6.8452834536e-01    1.3440000000e+03    2.7551771912e-02    5.5511532738e-01
        95   -5.9286128996e+00    3.5317910768e+01   -9.9550178883e+00    4.0264049886e+00    8.0581667154e+00    7.0352112605e+00   -2.5754597347e+01    7.0620148285e-01    1.3440000000e+03    2.7623263300e-02    5.5507440476e-01
        96   -5.9206551149e+00    3.5089247212e+01   -9.8411240949e+00    3.9204689800e+00    8.0173003341e+00    7.0352112605e+00   -2.5568041145e+01    6.7440545540e-01    1.3440000000e+03    2.7575268228e-02    5.5649181548e-01
        97   -5.9266250959e+00    3.5158584674e+01   -9.7779526659e+00    3.8513275700e+00    8.0146555522e+00    7.0352112605e+00   -2.5466497481e+01    6.3867800211e-01    1.3440000000e+03    2.7594745097e-02    5.5677641369e-01
        98   -5.9256272146e+00    3.5153263643e+01   -9.9849721838e+00    4.0593449692e+00    8.0491672624e+00    7.0352112605e+00   -2.5670478494e+01    6.0112778734e-01    1.3440000000e+03    2.7604043639e-02    5.5486793155e-01
        99   -5.9139904484e+00    3.5015206643e+01   -9.8615250352e+00    3.9475345867e+00    8.0338492296e+00    7.0352112605e+00   -2.5646078925e+01    7.1549339957e-01    1.3440000000e+03    2.7581021746e-02    5.5594122024e-01
       100   -5.9182635915e+00    3.5060323589e+01   -9.9890682855e+00    4.0708046940e+00    8.0395488939e+00    7.0352112605e+00   -2.5777636154e+01    7.1380771397e-01    1.3440000000e+03    2.7618883784e-02    5.5531622024e-01
       101   -5.9159428113e+00    3.5046424231e+01   -9.8269292687e+00    3.9109864574e+00    8.0525836628e+00    7.0352112605e+00   -2.5631362554e+01    7.1663836206e-01    1.3440000000e+03    2.7604860358e-02    5.5590215774e-01
       102   -5.9206471443e+00    3.5086296531e+01   -9.9342179556e+00    4.0135708113e+00    8.0776351803e+00    7.0352112605e+00   -2.5790212731e+01    7.4314833455e-01    1.3440000000e+03    2.7632729458e-02    5.5500558036e-01
       103   -5.9266226327e+00    3.5166315029e+01   -9.8236781572e+00    3.8970555245e+00    8.0632924719e+00    7.0352112605e+00   -2.5633880646e+01    7.1169875647e-01    1.3440000000e+03    2.7578097675e-02    5.5452008929e-01
       104   -5.9249737631e+00    3.5137680225e+01   -9.8353753246e+00    3.9104015616e+00    8.0472586693e+00    7.0352112605e+00   -2.5649222451e+01    7.3137719691e-01    1.3440000000e+03    2.7656204786e-02    5.5524181548e-01
       105   -5.9245993927e+00    3.5143392926e+01   -9.8910311422e+00    3.9664317495e+00    8.0617771228e+00    7.0352112605e+00   -2.5639384708e+01    6.5136518217e-01    1.3440000000e+03    2.7606946818e-02    5.5438244048e-01
       106   -5.9283736005e+00    3.5183946104e+01   -9.9469866286e+00    4.0186130281e+00    8.1052521642e+00    7.0352112605e+00   -2.5836538930e+01    7.4908887632e-01    1.3440000000e+03    2.7627043515e-02    5.5470238095e-01
       107   -5.9241711172e+00    3.5149490825e+01   -9.9377928537e+00    4.0136217366e+00    8.0274959954e+00    7.0352112605e+00   -2.5710618901e+01    7.1011879166e-01    1.3440000000e+03    2.7602294178e-02    5.5527157738e-01
       108   -5.9240302815e+00    3.5130917832e+01   -9.7471070139e+00    3.8230767324e+00    8.0096167514e+00    7.0352112605e+00   -2.5513101472e+01    7.2116644656e-01    1.3440000000e+03    2.7595512401e-02    5.5403831845e-01
       109   -5.9209883306e+00    3.5112982270e+01   -9.8476201561e+00    3.9266318255e+00    8.0840266216e+00    7.0352112605e+00   -2.5675579485e+01    7.0872144727e-01    1.3440000000e+03    2.7607582502e-02    5.5598214286e-01
       110   -5.9212248053e+00    3.5099153158e+01   -9.9419251435e+00    4.0207003382e+00    8.0599742181e+00    7.0352112605e+00   -2.5753591308e+01    7.1648068587e-01    1.3440000000e+03    2.7587151226e-02    5.5445312500e-01
       111   -5.9264889352e+00    3.5159299447e+01   -9.9700713587e+00    4.0435824235e+00    8.0764095973e+00    7.0352112605e+00   -2.5741771657e+01    6.6007944073e-01    1.3440000000e+03    2.7595260416e-02    5.5267671131e-01
       112   -5.9176256860e+00    3.5084390428e+01   -9.8186829963e+00    3.9010573102e+00    8.0482645092e+00    7.0352112605e+00   -2.5656205134e+01    7.5404636784e-01    1.3440000000e+03    2.7607036294e-02    5.5410342262e-01
       113   -5.9262573199e+00    3.5160446258e+01   -9.8246720766e+00    3.8984147567e+00    8.0374786245e+00    7.0352112605e+00   -2.5646900902e+01    7.4953894080e-01    1.3440000000e+03    2.7562798058e-02    5.5448474702e-01
       114   -5.9125027893e+00    3.4996223544e+01   -9.8664155498e+00    3.9539127605e+00    8.0711949365e+00    7.0352112605e+00   -2.5735890850e+01    7.6306910270e-01    1.3440000000e+03    2.7598464593e-02    5.5434523810e-01
       115   -5.9175598346e+00    3.5064732611e+01   -9.8984549078e+00    3.9808950732e+00    8.0798171636e+00    7.0352112605e+00   -2.5723926938e+01    7.1044360612e-01    1.3440000000e+03    2.7628066171e-02    5.5553199405e-01
       116   -5.9141564882e+00    3.5014518658e+01   -9.7712229843e+00    3.8570664960e+00    8.0173326052e+00    7.0352112605e+00   -2.5603827566e+01    7.8006071603e-01    1.3440000000e+03    2.7587944884e-02    5.5606398810e-01
       117   -5.9244204155e+00    3.5153400034e+01   -9.7453708091e+00    3.8209503937e+00    8.0568214362e+00    7.0352112605e+00   -2.5533641968e+01    6.9623846262e-01    1.3440000000e+03    2.7599051469e-02    5.5468005952e-01
       118   -5.9285577083e+00    3.5194444288e+01   -9.8258823843e+00    3.8973246761e+00    8.1072425434e+00    7.0352112605e+00   -2.5697034817e+01    7.2869862909e-01    1.3440000000e+03    2.7647216952e-02    5.5510602679e-01
       119   -5.9237162692e+00    3.5132080134e+01   -9.7603065104e+00    3.8365902411e+00    8.0697015447e+00    7.0352112605e+00   -2.5615643821e+01    7.5042450496e-01    1.3440000000e+03    2.7627589412e-02    5.5621279762e-01
       120   -5.9171886133e+00    3.5041429097e+01   -9.8360616012e+00    3.9188729879e+00    8.0307407030e+00    7.0352112605e+00   -2.5557050078e+01    6.5503651316e-01    1.3440000000e+03    2.7603351067e-02    5.5501302083e-01
       121   -5.9252568557e+00    3.5149078578e+01   -9.8368481570e+00    3.9115913013e+00    8.0498893276e+00    7.0352112605e+00   -2.5656332871e+01    7.3438412612e-01    1.3440000000e+03    2.7598321305e-02    5.5574962798e-01
       122   -5.9258428195e+00    3.5151124819e+01   -9.8093105851e+00    3.8834677656e+00    8.0566357266e+00    7.0352112605e+00   -2.5641268755e+01    7.4011118264e-01    1.3440000000e+03    2.7607688763e-02    5.5428757440e-01
       123   -5.9190640396e+00    3.5074774032e+01   -9.8464433599e+00    3.9273793203e+00    8.0496513242e+00    7.0352112605e+00   -2.5632185424e+01    7.0087947929e-01    1.3440000000e+03    2.7616488017e-02    5.5477864583e-01
       124   -5.9268034306e+00    3.5158285602e+01   -9.8529380423e+00    3.9261346116e+00    8.0886954793e+00    7.0352112605e+00   -2.5714943952e+01    7.3809917021e-01    1.3440000000e+03    2.7631758248e-02    5.5410714286e-01
       125   -5.9255090407e+00    3.5148832776e+01   -9.8344413582e+00    3.9089323176e+00    8.0629309687e+00    7.0352112605e+00   -2.5624911149e+01    6.9232756173e-01    1.3440000000e+03    2.7585301138e-02    5.5593005952e-01
       126   -5.9149181426e+00    3.5019758560e+01   -9.9288212613e+00    4.0139031187e+00    8.0615385623e+00    7.0352112605e+00   -2.5766031381e+01    7.4046029700e-01    1.3440000000e+03    2.7625696853e-02    5.5307477679e-01
       127   -5.9283184069e+00    3.5191545861e+01   -9.7391567668e+00    3.8108383600e+00    8.0445557791e+00    7.0352112605e+00   -2.5549102624e+01    7.3017881716e-01    1.3440000000e+03    2.7587039909e-02    5.5488281250e-01
       128   -5.9235198622e+00    3.5139132139e+01   -9.8088459320e+00    3.8853260698e+00    8.0363285127e+00    7.0352112605e+00   -2.5623201665e+01    7.4281596026e-01    1.3440000000e+03    2.7587757839e-02    5.5519159226e-01
       129   -5.9255638108e+00    3.5148531719e+01   -9.9176376310e+00    3.9920738202e+00    8.0808994397e+00    7.0352112605e+00   -2.5719517366e+01    6.8576903491e-01    1.3440000000e+03    2.7598534098e-02    5.5583333333e-01
       130   -5.9237930320e+00    3.5161870934e+01   -9.7623005923e+00    3.8385075603e+00    8.0646859404e+00    7.0352112605e+00   -2.5540211862e+01    6.7801406899e-01    1.3440000000e+03    2.7631702381e-02    5.5656250000e-01
       131   -5.9138354156e+00    3.5011241039e+01   -9.9465765636e+00    4.0327411480e+00    8.0676624069e+00    7.0352112605e+00   -2.5771654699e+01    7.2220446800e-01    1.3440000000e+03    2.7653162368e-02    5.5512276786e-01
       132   -5.9264908618e+00    3.5299406903e+01   -9.7466356103e+00    3.8201447484e+00    8.0542863785e+00    7.0352112605e+00   -2.5635765983e+01    7.9963273418e-01    1.3440000000e+03    2.7598652660e-02    5.5431547619e-01
       133   -5.9285807613e+00    3.5188381947e+01   -9.6770524162e+00    3.7484716549e+00    8.0783261431e+00    7.0352112605e+00   -2.5531067673e+01    7.4047785316e-01    1.3440000000e+03    2.7651194280e-02    5.5552269345e-01
       134   -5.9140072698e+00    3.5008344204e+01   -9.9655163312e+00    4.0515090614e+00    8.0499715560e+00    7.0352112605e+00   -2.5735660025e+01    6.8496087764e-01    1.3440000000e+03    2.7638135752e-02    5.5488095238e-01
       135   -5.9218850356e+00    3.5113952827e+01   -9.9606375529e+00    4.0387525173e+00    8.0527002234e+00    7.0352112605e+00   -2.5732534190e+01    6.8398515353e-01    1.3440000000e+03    2.7604541727e-02    5.5667968750e-01
       136   -5.9233358395e+00    3.5121020356e+01   -9.8922406036e+00    3.9689047642e+00    8.0874986631e+00    7.0352112605e+00   -2.5732363392e+01    7.1741286434e-01    1.3440000000e+03    2.7638996885e-02    5.5489955357e-01
       137   -5.9193921962e+00    3.5083198899e+01   -9.8977686740e+00    3.9783764778e+00    7.9809538172e+00    7.0352112605e+00   -2.5620146900e+01    7.0621314808e-01    1.3440000000e+03    2.7577652736e-02    5.5533482143e-01
       138   -5.9142733225e+00    3.5010061049e+01   -9.8684999302e+00    3.9542266078e+00    8.1131968167e+00    7.0352112605e+00   -2.5703822816e+01    6.8691480907e-01    1.3440000000e+03    2.7667962426e-02    5.5393787202e-01
       139   -5.9268535105e+00    3.5171144700e+01   -9.9064751150e+00    3.9796216045e+00    8.0841101294e+00    7.0352112605e+00   -2.5791399959e+01    7.6560345441e-01    1.3440000000e+03    2.7650270180e-02    5.5586495536e-01
       140   -5.9236379812e+00    3.5131198035e+01   -9.7855904507e+00    3.8619524695e+00    8.0081685329e+00    7.0352112605e+00   -2.5492689976e+01    6.6371973208e-01    1.3440000000e+03    2.7600649805e-02    5.5523995536e-01
       141   -5.9177016563e+00    3.5054942314e+01   -9.8809503886e+00    3.9632487324e+00    8.0392808898e+00    7.0352112605e+00   -2.5632927914e+01    6.7748537485e-01    1.3440000000e+03    2.7640433818e-02    5.5652157738e-01
       142   -5.9322100729e+00    3.5237807620e+01   -9.7786197057e+00    3.8464096329e+00    7.9921814383e+00    7.0352112605e+00   -2.5528692287e+01    7.2267988267e-01    1.3440000000e+03    2.7551738166e-02    5.5470424107e-01
       143   -5.9197504846e+00    3.5084488439e+01   -9.7533360640e+00    3.8335855795e+00    8.0373482281e+00    7.0352112605e+00   -2.5546808557e+01    7.2091300476e-01    1.3440000000e+03    2.7581615145e-02    5.5461867560e-01
       144   -5.9299056479e+00    3.5201730082e+01   -9.9042179009e+00    3.9743122530e+00    8.1115666471e+00    7.0352112605e+00   -2.5748948876e+01    6.9795306774e-01    1.3440000000e+03    2.7629270471e-02    5.5495535714e-01
       145   -5.9159809558e+00    3.5033430871e+01   -9.9191949142e+00    4.0032139584e+00    8.0290900327e+00    7.0352112605e+00   -2.5721781224e+01    7.3828501654e-01    1.3440000000e+03    2.7602234154e-02    5.5427641369e-01
       146   -5.9231987395e+00    3.5120069322e+01   -9.8873448054e+00    3.9641460659e+00    8.0785238338e+00    7.0352112605e+00   -2.5696614894e+01    6.9553499449e-01    1.3440000000e+03    2.7599343663e-02    5.5663132440e-01
       147   -5.9161325585e+00    3.5045810454e+01   -9.9517215972e+00    4.0355890387e+00    8.0537620766e+00    7.0352112605e+00   -2.5788332603e+01    7.4763766825e-01    1.3440000000e+03    2.7608434285e-02    5.5462797619e-01
       148   -5.9258568750e+00    3.5157508854e+01   -9.9110378522e+00    3.9851809772e+00    8.1142268603e+00    7.0352112605e+00   -2.5746781011e+01    6.8630503757e-01    1.3440000000e+03    2.7633920171e-02    5.5497767857e-01
       149   -5.9166763015e+00    3.5039711633e+01   -9.8299058427e+00    3.9132295412e+00    8.0177013840e+00    7.0352112605e+00   -2.5581002537e+01    6.9818404997e-01    1.3440000000e+03    2.7590828476e-02    5.5628906250e-01
       150   -5.9067723392e+00    3.4947687292e+01   -9.8447494326e+00    3.9379770933e+00    8.0579609535e+00    7.0352112605e+00   -2.5737616427e+01    7.9969478056e-01    1.3440000000e+03    2.7602704133e-02    5.5505952381e-01
       151   -5.9142152985e+00    3.5013924110e+01   -9.9616504415e+00    4.0474351429e+00    8.0686593223e+00    7.0352112605e+00   -2.5799734797e+01    7.3421377288e-01    1.3440000000e+03    2.7629155597e-02    5.5416294643e-01
       152   -5.9113475818e+00    3.4978194484e+01   -9.7240715132e+00    3.8127239314e+00    8.0682872143e+00    7.0352112605e+00   -2.5542353467e+01    7.1478347898e-01    1.3440000000e+03    2.7592509989e-02    5.5646949405e-01
       153   -5.9136338889e+00    3.5052352229e+01   -9.9290398332e+00    4.0154059443e+00    8.0652732947e+00    7.0352112605e+00   -2.5680862379e+01    6.5133799018e-01    1.3440000000e+03    2.7569884836e-02    5.5564918155e-01
       154   -5.9209080613e+00    3.5097162549e+01   -9.8395023382e+00    3.9185942769e+00    8.1002597358e+00    7.0352112605e+00   -2.5688806543e+01    7.1383320873e-01    1.3440000000e+03    2.7621507335e-02    5.5416480655e-01
       155   -5.9248430297e+00    3.5154474159e+01   -9.8704799354e+00    3.9456369056e+00    8.0816593008e+00    7.0352112605e+00   -2.5728216760e+01    7.4086626361e-01    1.3440000000e+03    2.7610528661e-02    5.5361793155e-01
       156   -5.9252038007e+00    3.5145515765e+01   -9.8480841682e+00    3.9228803674e+00    8.0469646317e+00    7.0352112605e+00   -2.5600875620e+01    6.7061555926e-01    1.3440000000e+03    2.7617844163e-02    5.5515625000e-01
       157   -5.9135966742e+00    3.5015336176e+01   -9.8549766941e+00    3.9413800199e+00    8.1308834997e+00    7.0352112605e+00   -2.5721014735e+01    6.9994328090e-01    1.3440000000e+03    2.7660872554e-02    5.5646949405e-01
       158   -5.9290576467e+00    3.5193088482e+01   -9.8468489585e+00    3.9177913118e+00    8.1096675816e+00    7.0352112605e+00   -2.5687573841e+01    6.9584604071e-01    1.3440000000e+03    2.7655542531e-02    5.5515811012e-01
       159   -5.9194513818e+00    3.5075989910e+01   -9.7983934547e+00    3.8789420729e+00    8.1147727076e+00    7.0352112605e+00   -2.5693077903e+01    7.4470048043e-01    1.3440000000e+03    2.7623823681e-02    5.5461309524e-01
       160   -5.9246637579e+00    3.5148159846e+01   -9.9276982311e+00    4.0030344732e+00    8.0783775964e+00    7.0352112605e+00   -2.5757576857e+01    7.1628976899e-01    1.3440000000e+03    2.7606377959e-02    5.5560081845e-01
       161   -5.9239292154e+00    3.5149831475e+01   -9.8942350073e+00    3.9703057919e+00    8.1161486020e+00    7.0352112605e+00   -2.5799412583e+01    7.5381771358e-01    1.3440000000e+03    2.7627373727e-02    5.5575706845e-01
       162   -5.9217138747e+00    3.5109013557e+01   -9.7376721590e+00    3.8159582843e+00    8.0603675487e+00    7.0352112605e+00   -2.5552699260e+01    7.1944829194e-01    1.3440000000e+03    2.7616849858e-02    5.5465401786e-01
       163   -5.9294039549e+00    3.5199897155e+01   -9.8524418638e+00    3.9230379088e+00    8.0615792572e+00    7.0352112605e+00   -2.5679293647e+01    7.3006126522e-01    1.3440000000e+03    2.7590121133e-02    5.5529761905e-01
       164   -5.9221392278e+00    3.5104796442e+01   -9.8987747227e+00    3.9766354949e+00    8.0658897784e+00    7.0352112605e+00   -2.5675761584e+01    6.7588582263e-01    1.3440000000e+03    2.7625275324e-02    5.5478422619e-01
       165   -5.9137094519e+00    3.5009177620e+01   -9.8391296139e+00    3.9254201620e+00    8.0203055803e+00    7.0352112605e+00   -2.5565836837e+01    6.7119038257e-01    1.3440000000e+03    2.7630488764e-02    5.5628906250e-01
       166   -5.9209719545e+00    3.5090950869e+01   -9.7687176541e+00    3.8477456996e+00    8.0197686204e+00    7.0352112605e+00   -2.5471213513e+01    6.4751597759e-01    1.3440000000e+03    2.7561459034e-02    5.5404389881e-01
       167   -5.9259505736e+00    3.5153530442e+01   -9.8701111564e+00    3.9441605829e+00    8.0079596470e+00    7.0352112605e+00   -2.5606122143e+01    6.9284007938e-01    1.3440000000e+03    2.7557288040e-02    5.5507440476e-01
       168   -5.9240084675e+00    3.5127632267e+01   -9.8527656939e+00    3.9287572264e+00    8.0553827982e+00    7.0352112605e+00   -2.5626217090e+01    6.8285733761e-01    1.3440000000e+03    2.7569164886e-02    5.5489397321e-01
       169   -5.9154878143e+00    3.5025702156e+01   -9.8943940776e+00    3.9789062633e+00    7.9752164158e+00    7.0352112605e+00   -2.5587237435e+01    6.8241568145e-01    1.3440000000e+03    2.7598741161e-02    5.5549107143e-01
       170   -5.9240483640e+00    3.5129059850e+01   -9.8872118752e+00    3.9631635111e+00    8.0676687748e+00    7.0352112605e+00   -2.5720018239e+01    7.2992632846e-01    1.3440000000e+03    2.7589758787e-02    5.5539062500e-01
       171   -5.9142442019e+00    3.5019107625e+01   -9.9119933956e+00    3.9977491936e+00    8.0693656834e+00    7.0352112605e+00   -2.5772710594e+01    7.5614025440e-01    1.3440000000e+03    2.7590566373e-02    5.5523065476e-01
       172   -5.9182548287e+00    3.5084932930e+01   -9.8107071506e+00    3.8924523219e+00    8.0705290927e+00    7.0352112605e+00   -2.5660251323e+01    7.4380381936e-01    1.3440000000e+03    2.7652587736e-02    5.5581101190e-01
       173   -5.9158105987e+00    3.5038723402e+01   -9.8647244385e+00    3.9489138398e+00    8.0404284556e+00    7.0352112605e+00   -2.5616604366e+01    6.7624021129e-01    1.3440000000e+03    2.7628816149e-02    5.5418712798e-01
       174   -5.9191547375e+00    3.5087025981e+01   -9.7849942394e+00    3.8658395018e+00    8.0510785929e+00    7.0352112605e+00   -2.5632191447e+01    7.6090735381e-01    1.3440000000e+03    2.7573892119e-02    5.5557849702e-01
       175   -5.9233271522e+00    3.5131528895e+01   -9.8645056905e+00    3.9411785383e+00    8.1090881887e+00    7.0352112605e+00   -2.5695295108e+01    6.8648996777e-01    1.3440000000e+03    2.7579018993e-02    5.5650297619e-01
       176   -5.9219295879e+00    3.5104684633e+01   -9.8615656259e+00    3.9396360381e+00    8.1190938444e+00    7.0352112605e+00   -2.5714988906e+01    6.9911817489e-01    1.3440000000e+03    2.7665996916e-02    5.5479352679e-01
       177   -5.9190743248e+00    3.5076485652e+01   -9.8275460471e+00    3.9084717223e+00    8.0445977342e+00    7.0352112605e+00   -2.5581249173e+01    6.7389413169e-01    1.3440000000e+03    2.7633957655e-02    5.5417782738e-01
       178   -5.9250050392e+00    3.5139469775e+01   -9.8728522434e+00    3.9478472042e+00    8.0425733068e+00    7.0352112605e+00   -2.5567398404e+01    6.1676159290e-01    1.3440000000e+03    2.7587965487e-02    5.5535714286e-01
       179   -5.9189969854e+00    3.5083680158e+01   -9.7378311505e+00    3.8188341651e+00    8.0745806863e+00    7.0352112605e+00   -2.5648675259e+01    8.0105216199e-01    1.3440000000e+03    2.7611679940e-02    5.5566778274e-01
       180   -5.9280565554e+00    3.5223082705e+01   -9.7738770590e+00    3.8458205036e+00    8.0859759209e+00    7.0352112605e+00   -2.5564924940e+01    6.6986069987e-01    1.3440000000e+03    2.7619799570e-02    5.5609933036e-01
       181   -5.9210383369e+00    3.5098804881e+01   -9.8298023268e+00    3.9087639899e+00    8.0639107329e+00    7.0352112605e+00   -2.5582858888e+01    6.5393456771e-01    1.3440000000e+03    2.7588409612e-02    5.5595796131e-01
       182   -5.9266346445e+00    3.5162719878e+01   -9.8332070398e+00    3.9065723952e+00    8.1007904608e+00    7.0352112605e+00   -2.5711993010e+01    7.4278424862e-01    1.3440000000e+03    2.7620754260e-02    5.5430803571e-01
       183   -5.9180219731e+00    3.5064902861e+01   -9.8652806333e+00    3.9472586602e+00    8.1295525453e+00    7.0352112605e+00   -2.5780852202e+01    7.5080776309e-01    1.3440000000e+03    2.7645945195e-02    5.5369605655e-01
       184   -5.9223167371e+00    3.5118281331e+01   -9.7667274711e+00    3.8444107341e+00    8.0916868534e+00    7.0352112605e+00   -2.5681145133e+01    7.8751954769e-01    1.3440000000e+03    2.7630714823e-02    5.5504278274e-01
       185   -5.9160518840e+00    3.5033754953e+01   -9.8606306832e+00    3.9445787992e+00    8.0658330337e+00    7.0352112605e+00   -2.5667981676e+01    7.0630669838e-01    1.3440000000e+03    2.7647233975e-02    5.5583705357e-01
       186   -5.9270004888e+00    3.5168624393e+01   -9.8255053526e+00    3.8985048638e+00    8.0152024955e+00    7.0352112605e+00   -2.5583320341e+01    7.0740123217e-01    1.3440000000e+03    2.7605487318e-02    5.5499069940e-01
       187   -5.9104763409e+00    3.4969717201e+01   -9.9881338654e+00    4.0776575245e+00    8.0877097727e+00    7.0352112605e+00   -2.5788898619e+01    6.7784372042e-01    1.3440000000e+03    2.7611659267e-02    5.5480468750e-01
       188   -5.9249759407e+00    3.5142203611e+01   -9.7782936189e+00    3.8533176782e+00    8.0542129474e+00    7.0352112605e+00   -2.5569021427e+01    7.0130360047e-01    1.3440000000e+03    2.7583977344e-02    5.5464657738e-01
       189   -5.9164937085e+00    3.5044257176e+01   -9.7369585695e+00    3.8204648610e+00    8.0201335062e+00    7.0352112605e+00   -2.5527558706e+01    7.3525536932e-01    1.3440000000e+03    2.7575741756e-02    5.5504836310e-01
       190   -5.9166856260e+00    3.5060188081e+01   -9.9051713908e+00    3.9884857648e+00    8.0473534680e+00    7.0352112605e+00   -2.5789019967e+01    8.0128384758e-01    1.3440000000e+03    2.7609541861e-02    5.5563988095e-01
       191   -5.9240975984e+00    3.5132179929e+01   -9.8878059871e+00    3.9637083886e+00    8.1055936300e+00    7.0352112605e+00   -2.5723638008e+01    6.9502713049e-01    1.3440000000e+03    2.7668374480e-02    5.5563988095e-01
       192   -5.9225539148e+00    3.5109923696e+01   -9.7671195408e+00    3.8445656261e+00    8.0414746280e+00    7.0352112605e+00   -2.5538788463e+01    6.9498303386e-01    1.3440000000e+03    2.7580089181e-02    5.5477492560e-01
       193   -5.9251451103e+00    3.5139606777e+01   -9.8588732325e+00    3.9337281222e+00    8.0505531395e+00    7.0352112605e+00   -2.5638153042e+01    6.9351540943e-01    1.3440000000e+03    2.7588274387e-02    5.5467447917e-01
       194   -5.9229161528e+00    3.5120170548e+01   -9.8858032559e+00    3.9628871031e+00    8.0613286946e+00    7.0352112605e+00   -2.5715671867e+01    7.3332865572e-01    1.3440000000e+03    2.7596409823e-02    5.5399553571e-01
       195   -5.9151640436e+00    3.5028076969e+01   -9.7572360145e+00    3.8420719709e+00    7.9965106144e+00    7.0352112605e+00   -2.5447878023e+01    6.5892013314e-01    1.3440000000e+03    2.7573801548e-02    5.5515997024e-01
       196   -5.9229787737e+00    3.5115678239e+01   -9.8816675766e+00    3.9586888029e+00    8.0687228221e+00    7.0352112605e+00   -2.5714685550e+01    7.2908389072e-01    1.3440000000e+03    2.7637152698e-02    5.5448660714e-01
       197   -5.9262063807e+00    3.5177505877e+01   -9.7741201596e+00    3.8479137788e+00    8.0727307174e+00    7.0352112605e+00   -2.5627764681e+01    7.4570254336e-01    1.3440000000e+03    2.7619747848e-02    5.5627046131e-01
       198   -5.9066398177e+00    3.4941413544e+01   -9.8164076784e+00    3.9097678606e+00    8.1101529694e+00    7.0352112605e+00   -2.5776618124e+01    8.1484621613e-01    1.3440000000e+03    2.7660919257e-02    5.5528087798e-01
       199   -5.9182766682e+00    3.5062382242e+01   -9.8383575006e+00    3.9200808324e+00    8.0954182746e+00    7.0352112605e+00   -2.5677564995e+01    7.0857795898e-01    1.3440000000e+03    2.7588364276e-02    5.5512834821e-01
       200   -5.9326683524e+00    3.5231874778e+01   -9.9118096272e+00    3.9791412748e+00    8.0124411657e+00    7.0352112605e+00   -2.5637383563e+01    6.7792150964e-01    1.3440000000e+03    2.7571683024e-02    5.5571428571e-01
       201   -5.9117318212e+00    3.5000529426e+01   -9.8169729049e+00    3.9052410836e+00    8.0261525384e+00    7.0352112605e+00   -2.5616771874e+01    7.3843517070e-01    1.3440000000e+03    2.7576070323e-02    5.5460937500e-01
       202   -5.9251085999e+00    3.5151422522e+01   -9.8761641122e+00    3.9510555123e+00    8.1091193334e+00    7.0352112605e+00   -2.5769479796e+01    7.4898509032e-01    1.3440000000e+03    2.7652949843e-02    5.5523623512e-01
       203   -5.9323228289e+00    3.5267149411e+01   -9.8417954815e+00    3.9094726526e+00    8.0929482178e+00    7.0352112605e+00   -2.5742882135e+01    7.7292717541e-01    1.3440000000e+03    2.7624305295e-02    5.5433035714e-01
       204   -5.9243005195e+00    3.5139414415e+01   -9.7824565297e+00    3.8581560102e+00    8.0343189420e+00    7.0352112605e+00   -2.5616337249e+01    7.6435051671e-01    1.3440000000e+03    2.7638447785e-02    5.5421316964e-01
       205   -5.9237868320e+00    3.5127911213e+01   -9.8965608719e+00    3.9727740399e+00    8.0404762647e+00    7.0352112605e+00   -2.5683180914e+01    7.1093251660e-01    1.3440000000e+03    2.7607559963e-02    5.5635788690e-01
       206   -5.9263187230e+00    3.5170930713e+01   -9.7379935322e+00    3.8116748092e+00    8.0615572396e+00    7.0352112605e+00   -2.5595481476e+01    7.6071944324e-01    1.3440000000e+03    2.7605878004e-02    5.5626860119e-01
       207   -5.9227995427e+00    3.5119193010e+01   -9.7740785181e+00    3.8512789754e+00    8.0259356895e+00    7.0352112605e+00   -2.5542760585e+01    7.0753511669e-01    1.3440000000e+03    2.7556123482e-02    5.5593191964e-01
       208   -5.9216538626e+00    3.5101545646e+01   -9.9023241297e+00    3.9806702672e+00    8.0825648078e+00    7.0352112605e+00   -2.5808030038e+01    7.8792984008e-01    1.3440000000e+03    2.7644511937e-02    5.5510602679e-01
       209   -5.9136055025e+00    3.5005415492e+01   -9.8532168046e+00    3.9396113021e+00    8.0610633765e+00    7.0352112605e+00   -2.5607479898e+01    6.5798845673e-01    1.3440000000e+03    2.7629040297e-02    5.5398065476e-01
       210   -5.9204182793e+00    3.5107372292e+01   -9.8091490220e+00    3.8887307427e+00    8.0656506485e+00    7.0352112605e+00   -2.5613585138e+01    7.0357420685e-01    1.3440000000e+03    2.7631270950e-02    5.5569754464e-01
       211   -5.9263282922e+00    3.5165752905e+01   -9.9081898297e+00    3.9818615375e+00    8.0937941385e+00    7.0352112605e+00   -2.5756785769e+01    7.1959053997e-01    1.3440000000e+03    2.7634313176e-02    5.5560081845e-01
       212   -5.9290587561e+00    3.5185110874e+01   -9.7814541080e+00    3.8523953520e+00    8.0276922677e+00    7.0352112605e+00   -2.5582429411e+01    7.3807177475e-01    1.3440000000e+03    2.7614190858e-02    5.5573846726e-01
       213   -5.9166693860e+00    3.5051382068e+01   -9.8177928025e+00    3.9011234165e+00    7.9799709579e+00    7.0352112605e+00   -2.5541954482e+01    7.0897946144e-01    1.3440000000e+03    2.7551049471e-02    5.5495163690e-01
       214   -5.9311181828e+00    3.5255615940e+01   -9.9279667931e+00    3.9968486103e+00    8.0994062711e+00    7.0352112605e+00   -2.5809249536e+01    7.4666521096e-01    1.3440000000e+03    2.7607777207e-02    5.5577938988e-01
       215   -5.9148916524e+00    3.5029316476e+01   -9.9203616394e+00    4.0054699870e+00    8.0144909936e+00    7.0352112605e+00   -2.5644890791e+01    6.7482689702e-01    1.3440000000e+03    2.7620230502e-02    5.5505022321e-01
       216   -5.9193313090e+00    3.5069857120e+01   -9.7593566528e+00    3.8400253438e+00    8.0457663509e+00    7.0352112605e+00   -2.5502539746e+01    6.6220548174e-01    1.3440000000e+03    2.7581380558e-02    5.5513764881e-01
       217   -5.9217965415e+00    3.5101949666e+01   -9.8386494579e+00    3.9168529164e+00    8.0556945877e+00    7.0352112605e+00   -2.5608973614e+01    6.7941830825e-01    1.3440000000e+03    2.7585001241e-02    5.5498697917e-01
       218   -5.9269661930e+00    3.5167747253e+01   -9.8282060597e+00    3.9012398667e+00    8.0944872052e+00    7.0352112605e+00   -2.5672553473e+01    7.1464894752e-01    1.3440000000e+03    2.7608989012e-02    5.5481026786e-01
       219   -5.9038125748e+00    3.4917507241e+01   -9.8366641509e+00    3.9328515761e+00    8.0531727563e+00    7.0352112605e+00   -2.5684355620e+01    7.5930745195e-01    1.3440000000e+03    2.7586874081e-02    5.5526971726e-01
       220   -5.9223929550e+00    3.5122221517e+01   -9.8298562763e+00    3.9074633212e+00    8.0425502463e+00    7.0352112605e+00   -2.5636875878e+01    7.2925809524e-01    1.3440000000e+03    2.7588406268e-02    5.5456845238e-01
       221   -5.9148139183e+00    3.5026386799e+01   -9.8326616585e+00    3.9178477402e+00    8.1079167508e+00    7.0352112605e+00   -2.5710130414e+01    7.3434074458e-01    1.3440000000e+03    2.7647250080e-02    5.5463355655e-01
       222   -5.9113247541e+00    3.4989724797e+01   -9.8287137425e+00    3.9173889884e+00    8.0891307002e+00    7.0352112605e+00   -2.5761493862e+01    8.0843815922e-01    1.3440000000e+03    2.7653157386e-02    5.5411458333e-01
       223   -5.9220459188e+00    3.5109375977e+01   -1.0045297922e+01    4.1232520031e+00    8.0281889389e+00    7.0352112605e+00   -2.5797594342e+01    6.8889622103e-01    1.3440000000e+03    2.7605786553e-02    5.5426897321e-01
       224   -5.9145636782e+00    3.5064785782e+01   -9.8475884674e+00    3.9330247892e+00    8.0493511180e+00    7.0352112605e+00   -2.5633608987e+01    7.0145814065e-01    1.3440000000e+03    2.7582124930e-02    5.5397507440e-01
       225   -5.9098390651e+00    3.4961350081e+01   -9.9456106934e+00    4.0357716283e+00    8.0328748684e+00    7.0352112605e+00   -2.5730925626e+01    7.1722880354e-01    1.3440000000e+03    2.7602798405e-02    5.5702938988e-01
       226   -5.9203006034e+00    3.5093696511e+01   -9.7672586319e+00    3.8469580285e+00    8.0743054307e+00    7.0352112605e+00   -2.5585182009e+01    7.0840668639e-01    1.3440000000e+03    2.7618784511e-02    5.5547991071e-01
       227   -5.9210359938e+00    3.5097339886e+01   -9.8438482489e+00    3.9228122550e+00    8.0790126028e+00    7.0352112605e+00   -2.5736856700e+01    7.7878458758e-01    1.3440000000e+03    2.7633794165e-02    5.5610305060e-01
       228   -5.9265085590e+00    3.5162818925e+01   -9.8927801666e+00    3.9662716076e+00    8.1037811999e+00    7.0352112605e+00   -2.5802340610e+01    7.7056798277e-01    1.3440000000e+03    2.7643424699e-02    5.5504092262e-01
       229   -5.9149970359e+00    3.5025552919e+01   -9.7704395105e+00    3.8554424746e+00    8.1095256099e+00    7.0352112605e+00   -2.5675993431e+01    7.6081705054e-01    1.3440000000e+03    2.7628023591e-02    5.5491629464e-01
       230   -5.9216257869e+00    3.5097726294e+01   -9.9072178863e+00    3.9855920993e+00    8.0674010241e+00    7.0352112605e+00   -2.5683520002e+01    6.7368983157e-01    1.3440000000e+03    2.7597909609e-02    5.5525483631e-01
       231   -5.9176586386e+00    3.5053860592e+01   -9.8271256619e+00    3.9094670233e+00    8.0673959194e+00    7.0352112605e+00   -2.5651454863e+01    7.2172202079e-01    1.3440000000e+03    2.7632262368e-02    5.5484747024e-01
       232   -5.9263455376e+00    3.5169419404e+01   -9.9563305963e+00    4.0299850587e+00    8.1014973934e+00    7.0352112605e+00   -2.5775864986e+01    6.8282573543e-01    1.3440000000e+03    2.7653744445e-02    5.5582775298e-01
       233   -5.9188652242e+00    3.5064976512e+01   -9.7933749577e+00    3.8745097335e+00    8.0811176742e+00    7.0352112605e+00   -2.5568410183e+01    6.5870629048e-01    1.3440000000e+03    2.7603020313e-02    5.5540178571e-01
       234   -5.9224445093e+00    3.5115294503e+01   -9.8577676959e+00    3.9353231866e+00    8.0916612874e+00    7.0352112605e+00   -2.5755409308e+01    7.7076906373e-01    1.3440000000e+03    2.7640722117e-02    5.5502046131e-01
       235   -5.9138407496e+00    3.5009236396e+01   -9.7005533412e+00    3.7867125916e+00    8.0241531357e+00    7.0352112605e+00   -2.5505810691e+01    7.4589295321e-01    1.3440000000e+03    2.7542682355e-02    5.5336867560e-01
       236   -5.9219737267e+00    3.5113278868e+01   -9.9242196425e+00    4.0022459159e+00    8.0333083481e+00    7.0352112605e+00   -2.5640678745e+01    6.4793949440e-01    1.3440000000e+03    2.7544356890e-02    5.5540550595e-01
       237   -5.9258358347e+00    3.5176697557e+01   -9.8900053760e+00    3.9641695413e+00    8.1055495718e+00    7.0352112605e+00   -2.5791355512e+01    7.6058930414e-01    1.3440000000e+03    2.7603522999e-02    5.5513578869e-01
       238   -5.9196221580e+00    3.5075094968e+01   -9.8463100316e+00    3.9266878736e+00    8.0283971347e+00    7.0352112605e+00   -2.5601144888e+01    6.9122646095e-01    1.3440000000e+03    2.7628845758e-02    5.5697916667e-01
       239   -5.9106560716e+00    3.4969253734e+01   -9.8556744218e+00    3.9450183502e+00    8.0280904537e+00    7.0352112605e+00   -2.5593319188e+01    6.7434305242e-01    1.3440000000e+03    2.7607645082e-02    5.5537388393e-01
       240   -5.9247435794e+00    3.5148250002e+01   -9.9838072573e+00    4.0590636779e+00    8.1074682336e+00    7.0352112605e+00   -2.5860633894e+01    7.3414714306e-01    1.3440000000e+03    2.7624919922e-02    5.5566592262e-01
       241   -5.9189185525e+00    3.5081406048e+01   -9.8927863587e+00    3.9738678062e+00    8.0753865111e+00    7.0352112605e+00   -2.5678768725e+01    6.7538459450e-01    1.3440000000e+03    2.7640306088e-02    5.5458147321e-01
       242   -5.9267048300e+00    3.5166286413e+01   -9.8768536247e+00    3.9501487948e+00    8.0795099458e+00    7.0352112605e+00   -2.5748630759e+01    7.5705592759e-01    1.3440000000e+03    2.7560070443e-02    5.5377976190e-01
       243   -5.9190257485e+00    3.5075995177e+01   -9.8945663888e+00    3.9755406403e+00    8.1113861373e+00    7.0352112605e+00   -2.5706581004e+01    6.6541721777e-01    1.3440000000e+03    2.7641482253e-02    5.5551525298e-01
       244   -5.9195694098e+00    3.5078705473e+01   -9.9042746902e+00    3.9847052803e+00    8.0202244155e+00    7.0352112605e+00   -2.5661949798e+01    7.0223943229e-01    1.3440000000e+03    2.7558569624e-02    5.5495163690e-01
       245   -5.9222220032e+00    3.5135558003e+01   -9.8616434913e+00    3.9394214881e+00    8.0030458568e+00    7.0352112605e+00   -2.5666100226e+01    7.6619961748e-01    1.3440000000e+03    2.7562594325e-02    5.5442150298e-01
       246   -5.9141555308e+00    3.5116817956e+01   -9.7995542774e+00    3.8853987466e+00    8.0444914723e+00    7.0352112605e+00   -2.5627002337e+01    7.4774532680e-01    1.3440000000e+03    2.7591649110e-02    5.5539434524e-01
       247   -5.9196571874e+00    3.5082838337e+01   -9.8210680994e+00    3.9014109120e+00    8.0821678218e+00    7.0352112605e+00   -2.5719921581e+01    7.8147439919e-01    1.3440000000e+03    2.7605282995e-02    5.5511718750e-01
       248   -5.9217671592e+00    3.5101278105e+01   -9.8875181639e+00    3.9657510047e+00    8.0426544311e+00    7.0352112605e+00   -2.5652253523e+01    6.8686966709e-01    1.3440000000e+03    2.7614803853e-02    5.5544270833e-01
       249   -5.9219538520e+00    3.5111319881e+01   -9.9104162291e+00    3.9884623771e+00    8.0863357773e+00    7.0352112605e+00   -2.5787774808e+01    7.5581154139e-01    1.3440000000e+03    2.7636896524e-02    5.5597098214e-01
       250   -5.9268084981e+00    3.5169948810e+01   -9.8637283244e+00    3.9369198263e+00    8.0265586722e+00    7.0352112605e+00   -2.5696801413e+01    7.7130315544e-01    1.3440000000e+03    2.7622633222e-02    5.5419270833e-01
       251   -5.9173356643e+00    3.5049257997e+01   -9.8963896021e+00    3.9790539378e+00    8.1381955389e+00    7.0352112605e+00   -2.5814359150e+01    7.4456274847e-01    1.3440000000e+03    2.7646910934e-02    5.5456473214e-01
       252   -5.9071222125e+00    3.4966951867e+01   -9.8138005898e+00    3.9066783772e+00    8.0571335650e+00    7.0352112605e+00   -2.5672016191e+01    7.6587077537e-01    1.3440000000e+03    2.7607687043e-02    5.5652715774e-01
       253   -5.9086461018e+00    3.4959040601e+01   -9.8726668642e+00    3.9640207624e+00    7.9894151913e+00    7.0352112605e+00   -2.5585239402e+01    6.8794608587e-01    1.3440000000e+03    2.7554773744e-02    5.5472656250e-01
       254   -5.9249945686e+00    3.5141071398e+01   -9.9191783537e+00    3.9941837851e+00    8.0462976821e+00    7.0352112605e+00   -2.5739256591e+01    7.3856929425e-01    1.3440000000e+03    2.7635512931e-02    5.5416852679e-01
       255   -5.9208147332e+00    3.5092746515e+01   -9.9085013112e+00    3.9876865779e+00    8.0964841035e+00    7.0352112605e+00   -2.5731374543e+01    6.9117786817e-01    1.3440000000e+03    2.7645905554e-02    5.5435825893e-01
       256   -5.9207404721e+00    3.5085450878e+01   -9.8715592792e+00    3.9508188071e+00    8.0060382094e+00    7.0352112605e+00   -2.5586912371e+01    6.7410362200e-01    1.3440000000e+03    2.7603011746e-02    5.5606026786e-01
       257   -5.9266896927e+00    3.5188430258e+01   -9.9527792793e+00    4.0260895866e+00    8.0617110351e+00    7.0352112605e+00   -2.5783282337e+01    7.3358076219e-01    1.3440000000e+03    2.7628424587e-02    5.5544270833e-01
       258   -5.9247751433e+00    3.5145540354e+01   -9.9117755509e+00    3.9870004076e+00    8.0452348778e+00    7.0352112605e+00   -2.5726564194e+01    7.3434250517e-01    1.3440000000e+03    2.7664418863e-02    5.5560453869e-01
       259   -5.9232110478e+00    3.5125625853e+01   -9.7577807198e+00    3.8345696720e+00    8.0197819458e+00    7.0352112605e+00   -2.5545979733e+01    7.3320580713e-01    1.3440000000e+03    2.7584638905e-02    5.5559523810e-01
       260   -5.9217621201e+00    3.5096075866e+01   -9.9322374093e+00    4.0104752891e+00    8.0889250138e+00    7.0352112605e+00   -2.5789069513e+01    7.3269582939e-01    1.3440000000e+03    2.7628283567e-02    5.5516369048e-01
       261   -5.9147929023e+00    3.5022974965e+01   -9.7921050877e+00    3.8773121855e+00    8.0037011430e+00    7.0352112605e+00   -2.5534064246e+01    7.0304675455e-01    1.3440000000e+03    2.7583801393e-02    5.5518601190e-01
       262   -5.9239599742e+00    3.5132123161e+01   -9.8191202322e+00    3.8951602581e+00    8.0291835796e+00    7.0352112605e+00   -2.5574680575e+01    6.9116550299e-01    1.3440000000e+03    2.7600760675e-02    5.5613839286e-01
       263   -5.9212960656e+00    3.5100277974e+01   -9.9056542886e+00    3.9843582230e+00    8.0432798374e+00    7.0352112605e+00   -2.5681358224e+01    6.9721283745e-01    1.3440000000e+03    2.7565714187e-02    5.5363839286e-01
       264   -5.9241751821e+00    3.5143738921e+01   -9.7595726561e+00    3.8353974740e+00    8.0695054417e+00    7.0352112605e+00   -2.5690413200e+01    8.2612384224e-01    1.3440000000e+03    2.7633583933e-02    5.5544456845e-01
       265   -5.9226323076e+00    3.5116903098e+01   -9.8609466116e+00    3.9383143041e+00    8.0113069392e+00    7.0352112605e+00   -2.5570088866e+01    6.6262405499e-01    1.3440000000e+03    2.7589054168e-02    5.5437127976e-01
       266   -5.9306722964e+00    3.5209048019e+01   -9.7761649083e+00    3.8454926120e+00    8.0801443154e+00    7.0352112605e+00   -2.5619015618e+01    7.2749513400e-01    1.3440000000e+03    2.7590893448e-02    5.5541666667e-01
       267   -5.9101476611e+00    3.5003428239e+01   -9.9002557757e+00    3.9901081147e+00    8.0943139864e+00    7.0352112605e+00   -2.5805071513e+01    7.7529049036e-01    1.3440000000e+03    2.7619414264e-02    5.5486421131e-01
       268   -5.9332196904e+00    3.5245498787e+01   -9.8629987341e+00    3.9297790437e+00    8.1134773550e+00    7.0352112605e+00   -2.5728083627e+01    7.1639627747e-01    1.3440000000e+03    2.7631278628e-02    5.5416294643e-01
       269   -5.9180065821e+00    3.5066411102e+01   -9.8388742746e+00    3.9208676925e+00    8.1196249152e+00    7.0352112605e+00   -2.5682178435e+01    6.8846798491e-01    1.3440000000e+03    2.7603251504e-02    5.5515252976e-01
       270   -5.9219801569e+00    3.5100100868e+01   -9.8547899227e+00    3.9328097658e+00    8.0696173492e+00    7.0352112605e+00   -2.5610460285e+01    6.5084175226e-01    1.3440000000e+03    2.7622180092e-02    5.5593563988e-01
       271   -5.9258401727e+00    3.5165805638e+01   -9.8963262672e+00    3.9704860945e+00    8.0799231375e+00    7.0352112605e+00   -2.5672219077e+01    6.6075841224e-01    1.3440000000e+03    2.7616850863e-02    5.5602306548e-01
       272   -5.9215784319e+00    3.5101140007e+01   -9.8683135380e+00    3.9467351062e+00    8.0671829832e+00    7.0352112605e+00   -2.5671037666e+01    7.0032988384e-01    1.3440000000e+03    2.7620143051e-02    5.5463913690e-01
       273   -5.9254525755e+00    3.5151719882e+01   -9.8518406392e+00    3.9263880637e+00    8.0559285667e+00    7.0352112605e+00   -2.5676856251e+01    7.3387578490e-01    1.3440000000e+03    2.7650522946e-02    5.5449404762e-01
       274   -5.9189953564e+00    3.5073943480e+01   -9.8954997561e+00    3.9765043997e+00    8.0675459747e+00    7.0352112605e+00   -2.5715530665e+01    7.1727367405e-01    1.3440000000e+03    2.7607932654e-02    5.5613839286e-01
       275   -5.9297006149e+00    3.5214063974e+01   -9.8076676903e+00    3.8779670753e+00    8.0682350307e+00    7.0352112605e+00   -2.5630547105e+01    7.1943312375e-01    1.3440000000e+03    2.7594669154e-02    5.5532924107e-01
       276   -5.9126933581e+00    3.4994879810e+01   -9.8075559247e+00    3.8948625666e+00    8.0657473013e+00    7.0352112605e+00   -2.5582596283e+01    6.7408179658e-01    1.3440000000e+03    2.7602906681e-02    5.5541294643e-01
       277   -5.9200499660e+00    3.5089092739e+01   -9.9208293507e+00    4.0007793847e+00    8.0607431084e+00    7.0352112605e+00   -2.5722110471e+01    7.0532675110e-01    1.3440000000e+03    2.7644921162e-02    5.5469494048e-01
       278   -5.9190069468e+00    3.5072113418e+01   -9.9179761739e+00    3.9989692272e+00    8.0769734837e+00    7.0352112605e+00   -2.5724341438e+01    6.9418052033e-01    1.3440000000e+03    2.7650243535e-02    5.5466703869e-01
       279   -5.9152125000e+00    3.5032182016e+01   -9.7806644394e+00    3.8654519394e+00    8.0887954938e+00    7.0352112605e+00   -2.5644918922e+01    7.4024772862e-01    1.3440000000e+03    2.7640164120e-02    5.5561755952e-01
       280   -5.9331912359e+00    3.5238473944e+01   -9.8283474452e+00    3.8951562094e+00    8.0341906674e+00    7.0352112605e+00   -2.5616669108e+01    7.1891973464e-01    1.3440000000e+03    2.7632866283e-02    5.5580357143e-01
       281   -5.9183753109e+00    3.5068035124e+01   -9.7889851928e+00    3.8706098819e+00    8.0860428555e+00    7.0352112605e+00   -2.5627168496e+01    7.1692918765e-01    1.3440000000e+03    2.7610106274e-02    5.5490141369e-01
       282   -5.9207754199e+00    3.5088749477e+01   -9.9392849126e+00    4.0185094927e+00    8.0534310200e+00    7.0352112605e+00   -2.5780929779e+01    7.5300258613e-01    1.3440000000e+03    2.7632009222e-02    5.5662574405e-01
       283   -5.9180377885e+00    3.5061626568e+01   -9.8909830327e+00    3.9729452442e+00    8.0547708418e+00    7.0352112605e+00   -2.5651816784e+01    6.7085164913e-01    1.3440000000e+03    2.7620392582e-02    5.5419084821e-01
       284   -5.9175362035e+00    3.5050609808e+01   -9.8111552200e+00    3.8936190165e+00    8.0349979990e+00    7.0352112605e+00   -2.5583885937e+01    7.0252145772e-01    1.3440000000e+03    2.7584902822e-02    5.5481398810e-01
       285   -5.9174867636e+00    3.5052536779e+01   -9.9190916432e+00    4.0016048796e+00    8.0458497469e+00    7.0352112605e+00   -2.5710551403e+01    7.1039875253e-01    1.3440000000e+03    2.7590481124e-02    5.5613653274e-01
       286   -5.9289827713e+00    3.5187570240e+01   -9.8244858128e+00    3.8955030414e+00    8.0724404986e+00    7.0352112605e+00   -2.5655839912e+01    7.2370233988e-01    1.3440000000e+03    2.7606748706e-02    5.5481398810e-01
       287   -5.9178098541e+00    3.5063549759e+01   -9.7887165566e+00    3.8709067024e+00    8.0178861003e+00    7.0352112605e+00   -2.5652132700e+01    8.1031878248e-01    1.3440000000e+03    2.7597263879e-02    5.5537388393e-01
       288   -5.9219408518e+00    3.5111933979e+01   -9.8554056298e+00    3.9334647780e+00    8.0557588908e+00    7.0352112605e+00   -2.5640754128e+01    6.9437834644e-01    1.3440000000e+03    2.7612612964e-02    5.5553571429e-01
       289   -5.9200601533e+00    3.5079529520e+01   -9.8654001939e+00    3.9453400406e+00    8.0099791470e+00    7.0352112605e+00   -2.5577405640e+01    6.6681503820e-01    1.3440000000e+03    2.7560808501e-02    5.5539434524e-01
       290   -5.9273693942e+00    3.5169085621e+01   -9.8276448560e+00    3.9002754618e+00    8.1070383732e+00    7.0352112605e+00   -2.5657206699e+01    6.8731220906e-01    1.3440000000e+03    2.7643286816e-02    5.5519717262e-01
       291   -5.9080692248e+00    3.4970961997e+01   -9.8571778120e+00    3.9491085872e+00    8.0481756880e+00    7.0352112605e+00   -2.5677756571e+01    7.3719181050e-01    1.3440000000e+03    2.7621148577e-02    5.5348400298e-01
       292   -5.9145257655e+00    3.5020368650e+01   -9.8176479469e+00    3.9031221815e+00    8.0274534944e+00    7.0352112605e+00   -2.5618811525e+01    7.3849882287e-01    1.3440000000e+03    2.7578875969e-02    5.5544084821e-01
       293   -5.9168017629e+00    3.5043959764e+01   -9.8682084890e+00    3.9514067261e+00    8.0755475616e+00    7.0352112605e+00   -2.5727931345e+01    7.4896403430e-01    1.3440000000e+03    2.7603184768e-02    5.5475446429e-01
       294   -5.9296336038e+00    3.5218305101e+01   -9.9334006886e+00    4.0037670847e+00    8.0770760636e+00    7.0352112605e+00   -2.5779161260e+01    7.3347324732e-01    1.3440000000e+03    2.7624674559e-02    5.5568452381e-01
       295   -5.9175464993e+00    3.5059322584e+01   -9.9395057308e+00    4.0219592315e+00    8.0426239395e+00    7.0352112605e+00   -2.5701551993e+01    6.8421106231e-01    1.3440000000e+03    2.7590371992e-02    5.5485491071e-01
       296   -5.9213353597e+00    3.5105925717e+01   -9.8904820023e+00    3.9691466426e+00    8.0652500544e+00    7.0352112605e+00   -2.5725035183e+01    7.3409186537e-01    1.3440000000e+03    2.7647838622e-02    5.5505766369e-01
       297   -5.9198084674e+00    3.5083231059e+01   -9.8563834161e+00    3.9365749487e+00    8.0734571539e+00    7.0352112605e+00   -2.5681249873e+01    7.1619804220e-01    1.3440000000e+03    2.7639136737e-02    5.5542596726e-01
       298   -5.9192442528e+00    3.5076972846e+01   -9.8929336072e+00    3.9736893544e+00    8.0526236219e+00    7.0352112605e+00   -2.5662102459e+01    6.8133396938e-01    1.3440000000e+03    2.7628242730e-02    5.5431361607e-01
       299   -5.9227083098e+00    3.5126308625e+01   -9.8512003247e+00    3.9284920149e+00    8.0478809571e+00    7.0352112605e+00   -2.5616775485e+01    6.8248294232e-01    1.3440000000e+03    2.7585777430e-02    5.5532738095e-01
       300   -5.9138355825e+00    3.5019789199e+01   -9.8288616965e+00    3.9150261140e+00    8.1035724071e+00    7.0352112605e+00   -2.5833864096e+01    8.6621873199e-01    1.3440000000e+03    2.7630125849e-02    5.5479538690e-01
       301   -5.9119569294e+00    3.4987596120e+01   -9.9621767864e+00    4.0502198571e+00    8.0791333406e+00    7.0352112605e+00   -2.5761314076e+01    6.8479268832e-01    1.3440000000e+03    2.7617971014e-02    5.5499627976e-01
       302   -5.9110433168e+00    3.4983430336e+01   -9.8042018871e+00    3.8931585703e+00    8.0985049524e+00    7.0352112605e+00   -2.5718640544e+01    7.8072244405e-01    1.3440000000e+03    2.7635110811e-02    5.5559895833e-01
       303   -5.9149287115e+00    3.5017937516e+01   -9.9370163723e+00    4.0220876608e+00    8.0661664881e+00    7.0352112605e+00   -2.5727019217e+01    6.8862509568e-01    1.3440000000e+03    2.7648028730e-02    5.5542782738e-01
       304   -5.9298650370e+00    3.5199782008e+01   -9.8511004449e+00    3.9212354079e+00    8.0167344841e+00    7.0352112605e+00   -2.5561010137e+01    6.5796394787e-01    1.3440000000e+03    2.7550609916e-02    5.5499627976e-01
       305   -5.9202710902e+00    3.5085259655e+01   -9.8799424050e+00    3.9596713148e+00    8.1049309930e+00    7.0352112605e+00   -2.5733973528e+01    7.1388886999e-01    1.3440000000e+03    2.7638987889e-02    5.5403459821e-01
       306   -5.9195577178e+00    3.5083936851e+01   -9.8474248447e+00    3.9278671269e+00    8.0656099267e+00    7.0352112605e+00   -2.5600503257e+01    6.5225722494e-01    1.3440000000e+03    2.7640588730e-02    5.5534598214e-01
       307   -5.9131980473e+00    3.5050625665e+01   -9.7707884789e+00    3.8575904316e+00    8.0693035420e+00    7.0352112605e+00   -2.5665373741e+01    7.9007045961e-01    1.3440000000e+03    2.7600699409e-02    5.5569196429e-01
       308   -5.9286028071e+00    3.5181083631e+01   -9.7804426791e+00    3.8518398720e+00    8.0461326163e+00    7.0352112605e+00   -2.5600586596e+01    7.3880003979e-01    1.3440000000e+03    2.7640491511e-02    5.5575334821e-01
       309   -5.9198005720e+00    3.5084733903e+01   -9.8085713064e+00    3.8887707345e+00    8.0577692841e+00    7.0352112605e+00   -2.5643486546e+01    7.4193469531e-01    1.3440000000e+03    2.7611504646e-02    5.5509858631e-01
       310   -5.9200323854e+00    3.5089672441e+01   -9.8530789716e+00    3.9330465862e+00    8.0532908803e+00    7.0352112605e+00   -2.5658174318e+01    7.1659320563e-01    1.3440000000e+03    2.7607571801e-02    5.5542224702e-01
       311   -5.9236004943e+00    3.5125232238e+01   -9.8442163694e+00    3.9206158750e+00    8.0257285989e+00    7.0352112605e+00   -2.5645336750e+01    7.4018052133e-01    1.3440000000e+03    2.7623521013e-02    5.5443080357e-01
       312   -5.9132161582e+00    3.5008174552e+01   -9.8444032421e+00    3.9311870838e+00    8.0612759930e+00    7.0352112605e+00   -2.5752819470e+01    8.1192897399e-01    1.3440000000e+03    2.7606296811e-02    5.5547433036e-01
       313   -5.9163497954e+00    3.5041337057e+01   -9.8577731491e+00    3.9414233537e+00    8.0561233893e+00    7.0352112605e+00   -2.5631709731e+01    6.8260193181e-01    1.3440000000e+03    2.7625542613e-02    5.5546875000e-01
       314   -5.9290851781e+00    3.5215365666e+01   -9.8788960643e+00    3.9498108862e+00    8.0340547962e+00    7.0352112605e+00   -2.5666425049e+01    7.1826292786e-01    1.3440000000e+03    2.7610246016e-02    5.5513206845e-01
       315   -5.9157681107e+00    3.5037211192e+01   -9.7433019017e+00    3.8275337910e+00    8.0756130365e+00    7.0352112605e+00   -2.5635811521e+01    7.8168532279e-01    1.3440000000e+03    2.7619510443e-02    5.5507254464e-01
       316   -5.9083374789e+00    3.4943939730e+01   -9.8540492523e+00    3.9457117734e+00    8.0091917558e+00    7.0352112605e+00   -2.5574493471e+01    6.7604120234e-01    1.3440000000e+03    2.7572433134e-02    5.5644159226e-01
       317   -5.9168909998e+00    3.5059451684e+01   -9.8004357320e+00    3.8835447323e+00    8.0098856672e+00    7.0352112605e+00   -2.5568747692e+01    7.2321503248e-01    1.3440000000e+03    2.7529642249e-02    5.5576450893e-01
       318   -5.9404332644e+00    3.5350768405e+01   -9.8622277507e+00    3.9217944863e+00    8.0721996589e+00    7.0352112605e+00   -2.5652015685e+01    6.8237701482e-01    1.3440000000e+03    2.7604341243e-02    5.5650669643e-01
       319   -5.9215253349e+00    3.5103278615e+01   -9.8192966700e+00    3.8977713351e+00    7.9890388820e+00    7.0352112605e+00   -2.5550846980e+01    7.0730016710e-01    1.3440000000e+03    2.7559253901e-02    5.5601190476e-01
       320   -5.9268905511e+00    3.5163968849e+01   -9.7871326899e+00    3.8602421389e+00    8.0483050964e+00    7.0352112605e+00   -2.5550478391e+01    6.7982934427e-01    1.3440000000e+03    2.7602567901e-02    5.5572544643e-01
       321   -5.9199607766e+00    3.5086404746e+01   -9.9100032805e+00    3.9900425038e+00    8.1528960171e+00    7.0352112605e+00   -2.5945997543e+01    8.4788698503e-01    1.3440000000e+03    2.7618712292e-02    5.5484375000e-01
       322   -5.9254348887e+00    3.5145067833e+01   -9.8615497791e+00    3.9361148904e+00    8.0875502653e+00    7.0352112605e+00   -2.5692828270e+01    7.0851696562e-01    1.3440000000e+03    2.7643947376e-02    5.5485863095e-01
       323   -5.9247787306e+00    3.5138717671e+01   -9.9143541744e+00    3.9895754437e+00    8.0473196196e+00    7.0352112605e+00   -2.5715584822e+01    7.1869976715e-01    1.3440000000e+03    2.7597686973e-02    5.5579055060e-01
       324   -5.9209696632e+00    3.5088226549e+01   -9.8995997726e+00    3.9786301094e+00    8.0364582238e+00    7.0352112605e+00   -2.5633592579e+01    6.6232332243e-01    1.3440000000e+03    2.7600414729e-02    5.5494419643e-01
       325   -5.9231969267e+00    3.5128448542e+01   -9.8018232695e+00    3.8786263428e+00    8.0599580731e+00    7.0352112605e+00   -2.5701930639e+01    8.0493803546e-01    1.3440000000e+03    2.7601280719e-02    5.5635416667e-01
       326   -5.9108852949e+00    3.5117186130e+01   -9.8264608935e+00    3.9155755986e+00    8.0373061609e+00    7.0352112605e+00   -2.5615360386e+01    7.1638207109e-01    1.3440000000e+03    2.7545480797e-02    5.5594680060e-01
       327   -5.9268913232e+00    3.5166180332e+01   -9.8547647316e+00    3.9278734084e+00    8.0337016689e+00    7.0352112605e+00   -2.5739476288e+01    8.1579862750e-01    1.3440000000e+03    2.7643019921e-02    5.5555989583e-01
       328   -5.9270482377e+00    3.5166454544e+01   -9.9342117933e+00    4.0071635556e+00    8.0334944430e+00    7.0352112605e+00   -2.5755976320e+01    7.5305882318e-01    1.3440000000e+03    2.7626587334e-02    5.5603608631e-01
       329   -5.9231791482e+00    3.5140627682e+01   -9.9115177925e+00    3.9883386442e+00    8.0978182296e+00    7.0352112605e+00   -2.5793339376e+01    7.4879209365e-01    1.3440000000e+03    2.7617186880e-02    5.5515811012e-01
       330   -5.9134585466e+00    3.5014274858e+01   -9.7267521429e+00    3.8132935963e+00    8.0534334156e+00    7.0352112605e+00   -2.5586900113e+01    7.7150329371e-01    1.3440000000e+03    2.7601086124e-02    5.5512276786e-01
       331   -5.9160139648e+00    3.5046579233e+01   -9.7050424699e+00    3.7890285051e+00    8.0464835511e+00    7.0352112605e+00   -2.5582938174e+01    7.9620089240e-01    1.3440000000e+03    2.7620335271e-02    5.5612537202e-01
       332   -5.9303869667e+00    3.5213100578e+01   -9.8857651081e+00    3.9553781413e+00    8.0756418544e+00    7.0352112605e+00   -2.5803124003e+01    8.0650577972e-01    1.3440000000e+03    2.7653614369e-02    5.5482886905e-01
       333   -5.9156260922e+00    3.5071341130e+01   -9.8787640511e+00    3.9631379588e+00    8.0455769762e+00    7.0352112605e+00   -2.5673917200e+01    7.1436491200e-01    1.3440000000e+03    2.7607200814e-02    5.5540550595e-01
       334   -5.9226901123e+00    3.5125345356e+01   -9.9643557265e+00    4.0416656142e+00    8.0900494826e+00    7.0352112605e+00   -2.5794445769e+01    7.0482929901e-01    1.3440000000e+03    2.7597837806e-02    5.5704985119e-01
       335   -5.9183544026e+00    3.5080454015e+01   -9.8132425067e+00    3.8948881042e+00    8.0364963436e+00    7.0352112605e+00   -2.5622474453e+01    7.3752434237e-01    1.3440000000e+03    2.7599315951e-02    5.5441778274e-01
       336   -5.9116021310e+00    3.4989012111e+01   -9.8274357810e+00    3.9158336499e+00    8.1106879431e+00    7.0352112605e+00   -2.5794953180e+01    8.2161819499e-01    1.3440000000e+03    2.7615547292e-02    5.5553943452e-01
       337   -5.9251696748e+00    3.5157127152e+01   -9.8438651154e+00    3.9186954406e+00    8.0581669275e+00    7.0352112605e+00   -2.5625177475e+01    6.8793417136e-01    1.3440000000e+03    2.7615549563e-02    5.5555617560e-01
       338   -5.9193047284e+00    3.5071823073e+01   -9.8996174164e+00    3.9803126879e+00    8.0040431019e+00    7.0352112605e+00   -2.5667892949e+01    7.2902117016e-01    1.3440000000e+03    2.7569234492e-02    5.5326822917e-01
       339   -5.9269173740e+00    3.5169326883e+01   -9.9066479812e+00    3.9797306072e+00    8.0872019787e+00    7.0352112605e+00   -2.5717171435e+01    6.8811021484e-01    1.3440000000e+03    2.7615223715e-02    5.5444754464e-01
       340   -5.9263937736e+00    3.5171229795e+01   -9.8686134212e+00    3.9422196476e+00    8.0647072937e+00    7.0352112605e+00   -2.5796645954e+01    8.2811397883e-01    1.3440000000e+03    2.7593643785e-02    5.5387462798e-01
       341   -5.9195460450e+00    3.5087587246e+01   -9.8254739894e+00    3.9059279444e+00    8.0862414864e+00    7.0352112605e+00   -2.5702091370e+01    7.5516463328e-01    1.3440000000e+03    2.7599239151e-02    5.5398251488e-01
       342   -5.9274090287e+00    3.5171160029e+01   -9.8988906096e+00    3.9714815809e+00    8.0081378645e+00    7.0352112605e+00   -2.5594024866e+01    6.5178513129e-01    1.3440000000e+03    2.7583726948e-02    5.5487723214e-01
       343   -5.9303951836e+00    3.5210806040e+01   -9.8530345724e+00    3.9226393889e+00    7.9924439773e+00    7.0352112605e+00   -2.5597989537e+01    7.1729972649e-01    1.3440000000e+03    2.7589689452e-02    5.5588541667e-01
       344   -5.9223651002e+00    3.5115807888e+01   -9.8860191581e+00    3.9636540578e+00    8.0268823126e+00    7.0352112605e+00   -2.5697819275e+01    7.4970654385e-01    1.3440000000e+03    2.7593476266e-02    5.5583147321e-01
       345   -5.9129334878e+00    3.5004345707e+01   -9.9007897500e+00    3.9878562622e+00    8.0416925987e+00    7.0352112605e+00   -2.5744624952e+01    7.6693134237e-01    1.3440000000e+03    2.7563792329e-02    5.5411644345e-01
       346   -5.9248528240e+00    3.5146449917e+01   -9.8507734114e+00    3.9259205874e+00    8.0934971775e+00    7.0352112605e+00   -2.5732621693e+01    7.5313984363e-01    1.3440000000e+03    2.7636357895e-02    5.5485491071e-01
       347   -5.9267057504e+00    3.5163150113e+01   -9.7707641432e+00    3.8440583929e+00    8.0847689841e+00    7.0352112605e+00   -2.5566832428e+01    6.7608804026e-01    1.3440000000e+03    2.7599990980e-02    5.5468936012e-01
       348   -5.9216938133e+00    3.5107344839e+01   -9.8419166303e+00    3.9202228170e+00    8.0076586491e+00    7.0352112605e+00   -2.5613057094e+01    7.2827055419e-01    1.3440000000e+03    2.7560926312e-02    5.5619605655e-01
       349   -5.9179015941e+00    3.5061401063e+01   -9.8345969286e+00    3.9166953344e+00    8.0512719732e+00    7.0352112605e+00   -2.5660804335e+01    7.3972417279e-01    1.3440000000e+03    2.7614932345e-02    5.5432105655e-01
       350   -5.9221597880e+00    3.5106874910e+01   -9.8405358703e+00    3.9183760823e+00    8.0506344700e+00    7.0352112605e+00   -2.5575070568e+01    6.4868896763e-01    1.3440000000e+03    2.7591357559e-02    5.5548363095e-01
       351   -5.9216736198e+00    3.5099885295e+01   -9.8145091824e+00    3.8928355625e+00    8.1160775047e+00    7.0352112605e+00   -2.5716174103e+01    7.5037615523e-01    1.3440000000e+03    2.7598448273e-02    5.5413690476e-01
       352   -5.9223158662e+00    3.5110353227e+01   -9.9091367634e+00    3.9868208972e+00    8.0310782900e+00    7.0352112605e+00   -2.5690478459e+01    7.1505214478e-01    1.3440000000e+03    2.7583629956e-02    5.5439174107e-01
       353   -5.9047798195e+00    3.4922053439e+01   -9.8540692263e+00    3.9492894069e+00    8.0148913867e+00    7.0352112605e+00   -2.5676910360e+01    7.7273848616e-01    1.3440000000e+03    2.7570111377e-02    5.5557477679e-01
       354   -5.9163633984e+00    3.5044770675e+01   -9.8963866213e+00    3.9800232228e+00    8.0775339583e+00    7.0352112605e+00   -2.5662056787e+01    6.5292494648e-01    1.3440000000e+03    2.7602419611e-02    5.5472656250e-01
       355   -5.9191235313e+00    3.5079132450e+01   -9.7475441917e+00    3.8284206605e+00    7.9825150846e+00    7.0352112605e+00   -2.5476372611e+01    7.1110207406e-01    1.3440000000e+03    2.7541045833e-02    5.5470238095e-01
       356   -5.9201863995e+00    3.5086469684e+01   -9.8984802531e+00    3.9782938536e+00    8.0776116936e+00    7.0352112605e+00   -2.5729983744e+01    7.1868053647e-01    1.3440000000e+03    2.7598786179e-02    5.5480840774e-01
       357   -5.9194980870e+00    3.5080642251e+01   -9.9088116922e+00    3.9893136052e+00    8.0591511854e+00    7.0352112605e+00   -2.5762060848e+01    7.5888670953e-01    1.3440000000e+03    2.7632537720e-02    5.5509858631e-01
       358   -5.9101523816e+00    3.4966536281e+01   -9.8055592954e+00    3.8954069138e+00    8.0708352366e+00    7.0352112605e+00   -2.5551368113e+01    6.3976232045e-01    1.3440000000e+03    2.7622733099e-02    5.5473586310e-01
       359   -5.9266731875e+00    3.5165752308e+01   -9.8845047254e+00    3.9578315379e+00    8.0752045940e+00    7.0352112605e+00   -2.5783804950e+01    7.8888437057e-01    1.3440000000e+03    2.7601137468e-02    5.5469308036e-01
       360   -5.9224977506e+00    3.5112765106e+01   -9.8884391621e+00    3.9659414115e+00    8.0528853668e+00    7.0352112605e+00   -2.5715147906e+01    7.3861211638e-01    1.3440000000e+03    2.7619572658e-02    5.5562686012e-01
       361   -5.9318176810e+00    3.5221410735e+01   -9.9051299760e+00    3.9733122949e+00    8.0517938614e+00    7.0352112605e+00   -2.5682095546e+01    6.8996044807e-01    1.3440000000e+03    2.7602783108e-02    5.5571428571e-01
       362   -5.9150539832e+00    3.5033421735e+01   -9.8664051490e+00    3.9513511658e+00    8.0621557733e+00    7.0352112605e+00   -2.5731374310e+01    7.6760212728e-01    1.3440000000e+03    2.7624022454e-02    5.5506324405e-01
       363   -5.9171497020e+00    3.5048289023e+01   -9.9143357485e+00    3.9971860465e+00    8.0248687643e+00    7.0352112605e+00   -2.5659074330e+01    6.8465855711e-01    1.3440000000e+03    2.7598894532e-02    5.5544270833e-01
       364   -5.9240500852e+00    3.5139670620e+01   -9.8457425906e+00    3.9216925054e+00    8.0591281915e+00    7.0352112605e+00   -2.5643153675e+01    7.0307163280e-01    1.3440000000e+03    2.7578669073e-02    5.5403087798e-01
       365   -5.9214302886e+00    3.5123433757e+01   -9.8609749413e+00    3.9395446527e+00    8.0842302607e+00    7.0352112605e+00   -2.5759885758e+01    7.7946929528e-01    1.3440000000e+03    2.7607451123e-02    5.5574032738e-01
       366   -5.9167787075e+00    3.5048572873e+01   -9.9043881738e+00    3.9876094663e+00    8.0550376663e+00    7.0352112605e+00   -2.5739254202e+01    7.4461710191e-01    1.3440000000e+03    2.7619986419e-02    5.5528831845e-01
       367   -5.9308905475e+00    3.5211126726e+01   -9.9007470878e+00    3.9698565403e+00    8.0176822141e+00    7.0352112605e+00   -2.5640082125e+01    6.8644156256e-01    1.3440000000e+03    2.7595597443e-02    5.5508370536e-01
       368   -5.9224566311e+00    3.5125819733e+01   -9.7721640230e+00    3.8497073919e+00    8.0305776844e+00    7.0352112605e+00   -2.5533353476e+01    6.9540050771e-01    1.3440000000e+03    2.7586709076e-02    5.5581845238e-01
       369   -5.9237846165e+00    3.5158626333e+01   -9.8148509318e+00    3.8910663153e+00    8.0069827467e+00    7.0352112605e+00   -2.5671650090e+01    8.1460515070e-01    1.3440000000e+03    2.7600830742e-02    5.5491257440e-01
       370   -5.9264816696e+00    3.5168338894e+01   -9.8972794127e+00    3.9707977431e+00    8.0740092550e+00    7.0352112605e+00   -2.5713194072e+01    7.0669414418e-01    1.3440000000e+03    2.7620954200e-02    5.5586123512e-01
       371   -5.9229770567e+00    3.5164047362e+01   -9.8335954034e+00    3.9106183468e+00    8.0213307980e+00    7.0352112605e+00   -2.5653025691e+01    7.6288822925e-01    1.3440000000e+03    2.7574200506e-02    5.5649181548e-01
       372   -5.9220934185e+00    3.5104833071e+01   -9.8974613622e+00    3.9753679437e+00    8.0678167694e+00    7.0352112605e+00   -2.5637112483e+01    6.3662309134e-01    1.3440000000e+03    2.7599283162e-02    5.5499255952e-01
       373   -5.9161784429e+00    3.5041159385e+01   -9.7772638234e+00    3.8610853805e+00    8.0590130028e+00    7.0352112605e+00   -2.5669258566e+01    7.9777047905e-01    1.3440000000e+03    2.7596285700e-02    5.5576450893e-01
       374   -5.9100310586e+00    3.5000176652e+01   -9.8099699125e+00    3.8999388539e+00    8.0421134519e+00    7.0352112605e+00   -2.5594841522e+01    7.0754689757e-01    1.3440000000e+03    2.7587624081e-02    5.5529389881e-01
       375   -5.9180780272e+00    3.5073232996e+01   -9.9280667441e+00    4.0099887169e+00    8.0013744177e+00    7.0352112605e+00   -2.5748115614e+01    7.8346319153e-01    1.3440000000e+03    2.7560870547e-02    5.5510788690e-01
       376   -5.9204142481e+00    3.5093386437e+01   -9.7944957825e+00    3.8740815344e+00    8.1169788737e+00    7.0352112605e+00   -2.5639440189e+01    6.9275427241e-01    1.3440000000e+03    2.7663495329e-02    5.5525855655e-01
       377   -5.9306559588e+00    3.5208159617e+01   -9.8519107847e+00    3.9212548258e+00    8.0512891172e+00    7.0352112605e+00   -2.5588210582e+01    6.4979941997e-01    1.3440000000e+03    2.7644417182e-02    5.5564732143e-01
       378   -5.9235016878e+00    3.5125045232e+01   -9.9063460817e+00    3.9828443939e+00    8.0321755108e+00    7.0352112605e+00   -2.5631017246e+01    6.5728439277e-01    1.3440000000e+03    2.7596666478e-02    5.5482328869e-01
       379   -5.9236094915e+00    3.5131100702e+01   -9.8095949029e+00    3.8859854114e+00    8.0533046043e+00    7.0352112605e+00   -2.5573218081e+01    6.7510731335e-01    1.3440000000e+03    2.7611580417e-02    5.5508928571e-01
       380   -5.9213188529e+00    3.5097338750e+01   -9.9099228503e+00    3.9886039974e+00    8.0124650239e+00    7.0352112605e+00   -2.5676870865e+01    7.1927173044e-01    1.3440000000e+03    2.7550053822e-02    5.5503720238e-01
       381   -5.9157807030e+00    3.5038045981e+01   -9.9323958772e+00    4.0166151742e+00    8.0374953461e+00    7.0352112605e+00   -2.5677298916e+01    6.7219643224e-01    1.3440000000e+03    2.7588619315e-02    5.5487537202e-01
       382   -5.9101753219e+00    3.4981332430e+01   -9.8883382491e+00    3.9781629272e+00    8.0767754981e+00    7.0352112605e+00   -2.5688392823e+01    6.8806781541e-01    1.3440000000e+03    2.7615544981e-02    5.5521949405e-01
       383   -5.9190453803e+00    3.5084343505e+01   -9.9193624201e+00    4.0003170398e+00    8.0872878830e+00    7.0352112605e+00   -2.5766404199e+01    7.2454263547e-01    1.3440000000e+03    2.7633229132e-02    5.5572916667e-01
       384   -5.9101436897e+00    3.4973642090e+01   -9.8599752318e+00    3.9498315421e+00    8.0486041700e+00    7.0352112605e+00   -2.5676421109e+01    7.3263044706e-01    1.3440000000e+03    2.7636706567e-02    5.5456287202e-01
       385   -5.9164109243e+00    3.5042662729e+01   -9.8900725056e+00    3.9736615813e+00    8.0764669675e+00    7.0352112605e+00   -2.5672278172e+01    6.7052743812e-01    1.3440000000e+03    2.7657514641e-02    5.5449404762e-01
       386   -5.9392611451e+00    3.5325237626e+01   -9.8397505320e+00    3.9004893869e+00    8.0740672939e+00    7.0352112605e+00   -2.5674168406e+01    7.2513931976e-01    1.3440000000e+03    2.7634312755e-02    5.5465587798e-01
       387   -5.9168650781e+00    3.5042716266e+01   -9.9158753934e+00    3.9990103153e+00    8.0643649034e+00    7.0352112605e+00   -2.5669335242e+01    6.5388368448e-01    1.3440000000e+03    2.7604322926e-02    5.5566778274e-01
       388   -5.9075340095e+00    3.5065383544e+01   -9.8157030349e+00    3.9081690254e+00    8.0784468612e+00    7.0352112605e+00   -2.5681728581e+01    7.5236742384e-01    1.3440000000e+03    2.7622447908e-02    5.5512648810e-01
       389   -5.9173554184e+00    3.5057188820e+01   -9.8156770870e+00    3.8983216686e+00    8.0174213919e+00    7.0352112605e+00   -2.5613460803e+01    7.4515106363e-01    1.3440000000e+03    2.7561806457e-02    5.5592447917e-01
       390   -5.9261600217e+00    3.5171363600e+01   -9.8277818744e+00    3.9016218527e+00    8.0285221736e+00    7.0352112605e+00   -2.5589610753e+01    6.9809544482e-01    1.3440000000e+03    2.7584520944e-02    5.5460379464e-01
       391   -5.9233351254e+00    3.5122218035e+01   -9.8329057671e+00    3.9095706417e+00    8.0933288771e+00    7.0352112605e+00   -2.5692889365e+01    7.3144346079e-01    1.3440000000e+03    2.7617590145e-02    5.5365699405e-01
       392   -5.9187598922e+00    3.5074315092e+01   -9.8440216350e+00    3.9252617427e+00    8.0524734177e+00    7.0352112605e+00   -2.5745222669e+01    8.1351635577e-01    1.3440000000e+03    2.7612031021e-02    5.5507440476e-01
       393   -5.9156664573e+00    3.5035116255e+01   -9.8256601184e+00    3.9099936612e+00    8.0992647277e+00    7.0352112605e+00   -2.5745735557e+01    7.8559945008e-01    1.3440000000e+03    2.7650817171e-02    5.5521763393e-01
       394   -5.9161909025e+00    3.5034427125e+01   -9.9851448484e+00    4.0689539459e+00    8.0342340601e+00    7.0352112605e+00   -2.5788687659e+01    7.3409748963e-01    1.3440000000e+03    2.7578632519e-02    5.5586309524e-01
       395   -5.9141535889e+00    3.5024971985e+01   -9.7984958597e+00    3.8843422708e+00    8.0398451182e+00    7.0352112605e+00   -2.5608754987e+01    7.3520274858e-01    1.3440000000e+03    2.7553291452e-02    5.5528273810e-01
       396   -5.9262032565e+00    3.5153196546e+01   -9.7979570748e+00    3.8717538183e+00    8.0199169590e+00    7.0352112605e+00   -2.5523240248e+01    6.7015495346e-01    1.3440000000e+03    2.7576268676e-02    5.5412574405e-01
       397   -5.9112975527e+00    3.4980150685e+01   -9.9726864721e+00    4.0613889193e+00    8.0265332666e+00    7.0352112605e+00   -2.5710059354e+01    6.7562835468e-01    1.3440000000e+03    2.7604137867e-02    5.5529017857e-01
       398   -5.9191613655e+00    3.5111658859e+01   -9.8058122463e+00    3.8866508809e+00    8.0929299377e+00    7.0352112605e+00   -2.5697441363e+01    7.6348791833e-01    1.3440000000e+03    2.7608154158e-02    5.5617559524e-01
       399   -5.9172741994e+00    3.5057469691e+01   -9.8695077286e+00    3.9522335292e+00    8.1085861766e+00    7.0352112605e+00   -2.5772583926e+01    7.5927876039e-01    1.3440000000e+03    2.7630942988e-02    5.5300967262e-01
