#   index    LocalEnergy         LocalEnergy_sq      LocalPotential      Kinetic             ElecElec            IonIon              LocalECP            NonLocalECP         BlockWeight         BlockCPU            AcceptRatio         
         0   -5.9235249408e+00    3.5133944676e+01   -9.8201137629e+00    3.8965888221e+00    8.0500747081e+00    7.0352112605e+00   -2.5622908365e+01    7.1750863295e-01    2.5241280000e+06    2.1636010599e+01    9.9996313176e-01
         1   -5.9296866867e+00    3.5210612724e+01   -9.8561307186e+00    3.9264440319e+00    8.0462495524e+00    7.0352112605e+00   -2.5638100981e+01    7.0050944989e-01    2.5221770000e+06    2.1214046599e+01    9.9996278526e-01
         2   -5.9354303891e+00    3.5271979590e+01   -9.8520243353e+00    3.9165939463e+00    8.0458564552e+00    7.0352112605e+00   -2.5672215535e+01    7.3912348357e-01    2.5300370000e+06    2.1335456794e+01    9.9996288708e-01
         3   -5.9309887273e+00    3.5220736719e+01   -9.8193990425e+00    3.8884103152e+00    8.0703963055e+00    7.0352112605e+00   -2.5676133643e+01    7.5112703453e-01    2.5291460000e+06    2.1482360173e+01    9.9996388002e-01
         4   -5.9316431149e+00    3.5226075800e+01   -9.8872144485e+00    3.9555713337e+00    8.0616114858e+00    7.0352112605e+00   -2.5692899994e+01    7.0886279916e-01    2.5293600000e+06    2.1146009675e+01    9.9995934948e-01
         5   -5.9326459719e+00    3.5247378086e+01   -9.8034195869e+00    3.8707736150e+00    8.0594929241e+00    7.0352112605e+00   -2.5654522877e+01    7.5639910590e-01    2.5171990000e+06    2.1137711510e+01    9.9995734555e-01
         6   -5.9297804720e+00    3.5205906667e+01   -9.8510443723e+00    3.9212639003e+00    8.0448283642e+00    7.0352112605e+00   -2.5653025372e+01    7.2194137519e-01    2.5130770000e+06    2.0923435864e+01    9.9996299251e-01
         7   -5.9312669206e+00    3.5228552444e+01   -9.8913116054e+00    3.9600446848e+00    8.0314489093e+00    7.0352112605e+00   -2.5673057133e+01    7.1508535803e-01    2.5038970000e+06    2.1081665266e+01    9.9996084722e-01
         8   -5.9327779450e+00    3.5239042812e+01   -9.8264313670e+00    3.8936534220e+00    8.0311658974e+00    7.0352112605e+00   -2.5590920231e+01    6.9811170645e-01    2.4871030000e+06    2.1062189340e+01    9.9995993795e-01
         9   -5.9326275603e+00    3.5240731692e+01   -9.8731003689e+00    3.9404728086e+00    8.0477443306e+00    7.0352112605e+00   -2.5642617042e+01    6.8656108205e-01    2.5017910000e+06    2.1273973512e+01    9.9996093361e-01
        10   -5.9267954356e+00    3.5170810586e+01   -9.8870638405e+00    3.9602684049e+00    8.0611940602e+00    7.0352112605e+00   -2.5692745592e+01    7.0927643090e-01    2.5141070000e+06    2.1199434633e+01    9.9996436502e-01
        11   -5.9290805393e+00    3.5196418114e+01   -9.8322470171e+00    3.9031664778e+00    8.0482734132e+00    7.0352112605e+00   -2.5656894678e+01    7.4116298757e-01    2.5223280000e+06    2.1149494339e+01    9.9996008205e-01
        12   -5.9311817817e+00    3.5223691014e+01   -9.8670696299e+00    3.9358878482e+00    8.0506953978e+00    7.0352112605e+00   -2.5666305183e+01    7.1332889506e-01    2.5160450000e+06    2.1080406813e+01    9.9996123766e-01
        13   -5.9330601585e+00    3.5245112952e+01   -9.9052015770e+00    3.9721414184e+00    8.0653849260e+00    7.0352112605e+00   -2.5715962305e+01    7.1016454167e-01    2.5196330000e+06    2.1589521468e+01    9.9996212410e-01
        14   -5.9332590349e+00    3.5258002266e+01   -9.8725446357e+00    3.9392856007e+00    8.0723981034e+00    7.0352112605e+00   -2.5711766680e+01    7.3161268089e-01    2.5288160000e+06    2.1149587632e+01    9.9995772975e-01
        15   -5.9303743810e+00    3.5213982956e+01   -9.8737926285e+00    3.9434182474e+00    8.0683547051e+00    7.0352112605e+00   -2.5689902719e+01    7.1254412499e-01    2.5355280000e+06    2.1072989451e+01    9.9996199025e-01
        16   -5.9340200379e+00    3.5258818510e+01   -9.8397957970e+00    3.9057757591e+00    8.0869535712e+00    7.0352112605e+00   -2.5683515680e+01    7.2155505083e-01    2.5256590000e+06    2.1507597676e+01    9.9996169659e-01
        17   -5.9272243866e+00    3.5181341043e+01   -9.8469455718e+00    3.9197211853e+00    8.0696358502e+00    7.0352112605e+00   -2.5674628145e+01    7.2283546271e-01    2.5254210000e+06    2.0982086821e+01    9.9996175653e-01
        18   -5.9314117758e+00    3.5224037135e+01   -9.8641436686e+00    3.9327318929e+00    8.0676736437e+00    7.0352112605e+00   -2.5662593477e+01    6.9556490444e-01    2.5267700000e+06    2.1090422631e+01    9.9995917220e-01
        19   -5.9333598573e+00    3.5248487440e+01   -9.8559387107e+00    3.9225788534e+00    8.0814172055e+00    7.0352112605e+00   -2.5696084751e+01    7.2351757473e-01    2.5148270000e+06    2.1177339472e+01    9.9996094900e-01
        20   -5.9308040662e+00    3.5217464183e+01   -9.8712249406e+00    3.9404208744e+00    8.0845595370e+00    7.0352112605e+00   -2.5712505710e+01    7.2150997163e-01    2.5200380000e+06    2.1487382598e+01    9.9996191251e-01
        21   -5.9305030728e+00    3.5213971521e+01   -9.9314194347e+00    4.0009163619e+00    8.1022720717e+00    7.0352112605e+00   -2.5811465053e+01    7.4256228563e-01    2.5230420000e+06    2.0992191402e+01    9.9996044211e-01
        22   -5.9306543237e+00    3.5222415805e+01   -9.8868179363e+00    3.9561636125e+00    8.1029540467e+00    7.0352112605e+00   -2.5760145118e+01    7.3516187470e-01    2.5266260000e+06    2.1293404441e+01    9.9995888253e-01
        23   -5.9295866594e+00    3.5201586657e+01   -9.8348317118e+00    3.9052450524e+00    8.0641462002e+00    7.0352112605e+00   -2.5664269637e+01    7.3008046467e-01    2.5298000000e+06    2.1009779265e+01    9.9996009054e-01
        24   -5.9309646620e+00    3.5222194781e+01   -9.8953781878e+00    3.9644135258e+00    8.0868301931e+00    7.0352112605e+00   -2.5744407997e+01    7.2698835576e-01    2.5206060000e+06    2.1517745302e+01    9.9995963966e-01
        25   -5.9327266587e+00    3.5241598214e+01   -9.8667553090e+00    3.9340286504e+00    8.0839280344e+00    7.0352112605e+00   -2.5707435997e+01    7.2154139328e-01    2.5220960000e+06    2.1497440206e+01    9.9996099095e-01
        26   -5.9320844112e+00    3.5231725463e+01   -9.8783074455e+00    3.9462230343e+00    8.0791633083e+00    7.0352112605e+00   -2.5719771897e+01    7.2708988304e-01    2.5388540000e+06    2.1402182760e+01    9.9995904690e-01
        27   -5.9302832308e+00    3.5217211835e+01   -9.8853480840e+00    3.9550648532e+00    8.0888579843e+00    7.0352112605e+00   -2.5761773523e+01    7.5235619454e-01    2.5343320000e+06    2.1794006859e+01    9.9996103997e-01
        28   -5.9317935493e+00    3.5230947290e+01   -9.8819679207e+00    3.9501743714e+00    8.0848761372e+00    7.0352112605e+00   -2.5735331362e+01    7.3327604404e-01    2.5299680000e+06    2.1612250747e+01    9.9996018581e-01
        29   -5.9305419621e+00    3.5216300037e+01   -9.8416792841e+00    3.9111373221e+00    8.0911261783e+00    7.0352112605e+00   -2.5696645570e+01    7.2862884724e-01    2.5309100000e+06    2.1375000274e+01    9.9996194335e-01
        30   -5.9320772524e+00    3.5235374622e+01   -9.8404017435e+00    3.9083244910e+00    8.1040248702e+00    7.0352112605e+00   -2.5700593793e+01    7.2095591901e-01    2.5262800000e+06    2.1129638963e+01    9.9995902274e-01
        31   -5.9325312961e+00    3.5240438121e+01   -9.8483440960e+00    3.9158127999e+00    8.0809914782e+00    7.0352112605e+00   -2.5691082538e+01    7.2653570353e-01    2.5321730000e+06    2.1264688787e+01    9.9996452087e-01
        32   -5.9310536200e+00    3.5220393080e+01   -9.8490888591e+00    3.9180352391e+00    8.0693882515e+00    7.0352112605e+00   -2.5659209678e+01    7.0552130720e-01    2.5262670000e+06    2.1193422866e+01    9.9996042638e-01
        33   -5.9306314750e+00    3.5221575346e+01   -9.8597038309e+00    3.9290723559e+00    8.0435897057e+00    7.0352112605e+00   -2.5653874226e+01    7.1536942913e-01    2.5122540000e+06    2.1373313964e+01    9.9995980655e-01
        34   -5.9271052774e+00    3.5174004891e+01   -9.9067636662e+00    3.9796583888e+00    8.0532374303e+00    7.0352112605e+00   -2.5699749142e+01    7.0453678500e-01    2.4977560000e+06    2.1687539800e+01    9.9995991125e-01
        35   -5.9275313571e+00    3.5175532663e+01   -9.8439982230e+00    3.9164668659e+00    8.0338172386e+00    7.0352112605e+00   -2.5613774139e+01    7.0074741676e-01    2.4970850000e+06    2.1195365832e+01    9.9996335400e-01
        36   -5.9326338343e+00    3.5238086537e+01   -9.8445475141e+00    3.9119136797e+00    8.0392670115e+00    7.0352112605e+00   -2.5647319537e+01    7.2829375052e-01    2.5099980000e+06    2.1043507088e+01    9.9996269673e-01
        37   -5.9327908603e+00    3.5243260818e+01   -9.8832060991e+00    3.9504152388e+00    8.0777340330e+00    7.0352112605e+00   -2.5703340974e+01    7.0718958174e-01    2.5215060000e+06    2.1748469740e+01    9.9996184159e-01
        38   -5.9333950063e+00    3.5250412145e+01   -9.8876877311e+00    3.9542927248e+00    8.0590745104e+00    7.0352112605e+00   -2.5681890564e+01    6.9991706157e-01    2.4997560000e+06    2.1188936455e+01    9.9996199118e-01
        39   -5.9342847708e+00    3.5260179402e+01   -9.8323120735e+00    3.8980273026e+00    8.0555242347e+00    7.0352112605e+00   -2.5638191625e+01    7.1514405623e-01    2.5111180000e+06    2.1211545029e+01    9.9996138459e-01
        40   -5.9304090109e+00    3.5209484325e+01   -9.8964486496e+00    3.9660396388e+00    8.0695132650e+00    7.0352112605e+00   -2.5708055147e+01    7.0688197147e-01    2.5105000000e+06    2.1200810338e+01    9.9995992003e-01
        41   -5.9303641683e+00    3.5209141926e+01   -9.8818788443e+00    3.9515146759e+00    8.0855412196e+00    7.0352112605e+00   -2.5687426619e+01    6.8479529496e-01    2.5254660000e+06    2.1527197732e+01    9.9996183641e-01
        42   -5.9327193816e+00    3.5239695874e+01   -9.9112853017e+00    3.9785659201e+00    8.0951618509e+00    7.0352112605e+00   -2.5766490275e+01    7.2483186169e-01    2.5088430000e+06    2.1126488920e+01    9.9996209480e-01
        43   -5.9312203705e+00    3.5221792148e+01   -9.8973021722e+00    3.9660818018e+00    8.0769800621e+00    7.0352112605e+00   -2.5719558122e+01    7.1006462751e-01    2.5188040000e+06    2.1152125718e+01    9.9996165097e-01
        44   -5.9321096978e+00    3.5232870524e+01   -9.8853544780e+00    3.9532447802e+00    8.0647621830e+00    7.0352112605e+00   -2.5721790287e+01    7.3646236577e-01    2.5168700000e+06    2.1288484863e+01    9.9996101018e-01
        45   -5.9314994738e+00    3.5228060083e+01   -9.8439094837e+00    3.9124100099e+00    8.0495877718e+00    7.0352112605e+00   -2.5649747910e+01    7.2103939378e-01    2.5118550000e+06    2.0986444091e+01    9.9995822102e-01
        46   -5.9308518388e+00    3.5217818286e+01   -9.8573531575e+00    3.9265013187e+00    8.0569924615e+00    7.0352112605e+00   -2.5679703845e+01    7.3014696535e-01    2.5171820000e+06    2.1137183900e+01    9.9996293417e-01
        47   -5.9335980519e+00    3.5253809387e+01   -9.9014135862e+00    3.9678155343e+00    8.0379887430e+00    7.0352112605e+00   -2.5703450698e+01    7.2883710818e-01    2.5246660000e+06    2.1689482930e+01    9.9996036764e-01
        48   -5.9347381011e+00    3.5266878843e+01   -9.8946410825e+00    3.9599029814e+00    8.0439718097e+00    7.0352112605e+00   -2.5718789527e+01    7.4496537399e-01    2.5259330000e+06    2.1266838395e+01    9.9996358180e-01
        49   -5.9328884765e+00    3.5241993912e+01   -9.8623121684e+00    3.9294236919e+00    8.0417733131e+00    7.0352112605e+00   -2.5662894481e+01    7.2359773911e-01    2.5185960000e+06    2.0978687164e+01    9.9996308497e-01
        50   -5.9328376337e+00    3.5242355492e+01   -9.9243379194e+00    3.9915002856e+00    8.0523382200e+00    7.0352112605e+00   -2.5745771347e+01    7.3388394764e-01    2.5293120000e+06    2.1449852561e+01    9.9996073785e-01
        51   -5.9319569790e+00    3.5228652385e+01   -9.9015399608e+00    3.9695829818e+00    8.0450129606e+00    7.0352112605e+00   -2.5698556147e+01    7.1679196561e-01    2.5289910000e+06    2.0984919843e+01    9.9996176849e-01
        52   -5.9319987144e+00    3.5232846882e+01   -9.8526611721e+00    3.9206624577e+00    8.0142225159e+00    7.0352112605e+00   -2.5615169333e+01    7.1307438412e-01    2.5184240000e+06    2.1247970064e+01    9.9996276453e-01
        53   -5.9330992155e+00    3.5241836152e+01   -9.8629636681e+00    3.9298644526e+00    8.0022308906e+00    7.0352112605e+00   -2.5616688511e+01    7.1628269184e-01    2.5188890000e+06    2.1082469739e+01    9.9996404913e-01
        54   -5.9333770049e+00    3.5248165747e+01   -9.8566212318e+00    3.9232442269e+00    8.0251886848e+00    7.0352112605e+00   -2.5657223197e+01    7.4020201969e-01    2.5155060000e+06    2.1154889053e+01    9.9996575646e-01
        55   -5.9282687903e+00    3.5190381990e+01   -9.8813125229e+00    3.9530437326e+00    8.0192350121e+00    7.0352112605e+00   -2.5661695466e+01    7.2593667073e-01    2.5252450000e+06    2.1051138969e+01    9.9996163936e-01
        56   -5.9296550962e+00    3.5208670150e+01   -9.8870308934e+00    3.9573757972e+00    8.0643616114e+00    7.0352112605e+00   -2.5713840591e+01    7.2723682519e-01    2.5277380000e+06    2.1504186055e+01    9.9996148417e-01
        57   -5.9275140153e+00    3.5176162633e+01   -9.9427209624e+00    4.0152069471e+00    8.0622029071e+00    7.0352112605e+00   -2.5746027870e+01    7.0589273961e-01    2.5155030000e+06    2.1065618501e+01    9.9996436802e-01
        58   -5.9333697331e+00    3.5249404122e+01   -9.8576451260e+00    3.9242753929e+00    8.0820370111e+00    7.0352112605e+00   -2.5669782976e+01    6.9488957866e-01    2.5090940000e+06    2.1312732836e+01    9.9996092658e-01
        59   -5.9292716762e+00    3.5199809968e+01   -9.8660051222e+00    3.9367334461e+00    8.0789306689e+00    7.0352112605e+00   -2.5691824040e+01    7.1167698796e-01    2.5090980000e+06    2.1182964116e+01    9.9996144076e-01
        60   -5.9294658896e+00    3.5198595400e+01   -9.8791662032e+00    3.9497003135e+00    8.0664398930e+00    7.0352112605e+00   -2.5679059192e+01    6.9824183530e-01    2.5201080000e+06    2.0985621893e+01    9.9996148726e-01
        61   -5.9311035490e+00    3.5228001138e+01   -9.8815558231e+00    3.9504522741e+00    8.0341912876e+00    7.0352112605e+00   -2.5639406109e+01    6.8844773742e-01    2.5147770000e+06    2.1450997303e+01    9.9995983156e-01
        62   -5.9332637890e+00    3.5245945519e+01   -9.9057513209e+00    3.9724875318e+00    8.0452145811e+00    7.0352112605e+00   -2.5710637418e+01    7.2446025601e-01    2.5096620000e+06    2.1587305341e+01    9.9996215521e-01
        63   -5.9304805560e+00    3.5211242624e+01   -9.8773459382e+00    3.9468653821e+00    8.0450898575e+00    7.0352112605e+00   -2.5685627252e+01    7.2798019545e-01    2.5141500000e+06    2.1098821586e+01    9.9996096531e-01
        64   -5.9319835342e+00    3.5232181920e+01   -9.9054450282e+00    3.9734614940e+00    8.0533937301e+00    7.0352112605e+00   -2.5704370350e+01    7.1032033145e-01    2.5039080000e+06    2.1327304345e+01    9.9996108003e-01
        65   -5.9322711294e+00    3.5239845258e+01   -9.8658861127e+00    3.9336149833e+00    8.0275545671e+00    7.0352112605e+00   -2.5651499559e+01    7.2284761902e-01    2.5017950000e+06    2.1375274284e+01    9.9996232591e-01
        66   -5.9283835518e+00    3.5188482250e+01   -9.8668012324e+00    3.9384176806e+00    8.0133103889e+00    7.0352112605e+00   -2.5634202302e+01    7.1887942000e-01    2.5088410000e+06    2.1253939435e+01    9.9996060764e-01
        67   -5.9310476015e+00    3.5220767307e+01   -9.8505911784e+00    3.9195435769e+00    8.0090639031e+00    7.0352112605e+00   -2.5586654135e+01    6.9178779295e-01    2.5030310000e+06    2.1095526923e+01    9.9996077842e-01
        68   -5.9321049021e+00    3.5237893950e+01   -9.8296586043e+00    3.8975537021e+00    8.0272770614e+00    7.0352112605e+00   -2.5613514517e+01    7.2136759050e-01    2.5158700000e+06    2.1288460437e+01    9.9996497704e-01
        69   -5.9311581923e+00    3.5223057723e+01   -9.8562521937e+00    3.9250940014e+00    8.0480852658e+00    7.0352112605e+00   -2.5674991171e+01    7.3544245119e-01    2.5189330000e+06    2.1215768627e+01    9.9996103795e-01
        70   -5.9322091646e+00    3.5237355649e+01   -9.8256809605e+00    3.8934717959e+00    8.0514466805e+00    7.0352112605e+00   -2.5621495025e+01    7.0915612385e-01    2.5160480000e+06    2.1085662756e+01    9.9996198229e-01
        71   -5.9354291752e+00    3.5278043093e+01   -9.8546231585e+00    3.9191939833e+00    8.0313330634e+00    7.0352112605e+00   -2.5632002234e+01    7.1083475163e-01    2.5249220000e+06    2.1192239344e+01    9.9996292203e-01
        72   -5.9348457784e+00    3.5264104788e+01   -9.8680145072e+00    3.9331687288e+00    8.0413466308e+00    7.0352112605e+00   -2.5659191233e+01    7.1461883475e-01    2.5172890000e+06    2.1229088734e+01    9.9995867388e-01
        73   -5.9329911254e+00    3.5257198255e+01   -9.8916631409e+00    3.9586720155e+00    8.0352405923e+00    7.0352112605e+00   -2.5669587044e+01    7.0747205050e-01    2.5368730000e+06    2.0933148395e+01    9.9996236065e-01
        74   -5.9300403339e+00    3.5206022864e+01   -9.8698567119e+00    3.9398163781e+00    8.0362899549e+00    7.0352112605e+00   -2.5654773998e+01    7.1341607043e-01    2.5244340000e+06    2.1280150095e+01    9.9996303457e-01
        75   -5.9279927123e+00    3.5183808506e+01   -9.8962480711e+00    3.9682553588e+00    8.0576390230e+00    7.0352112605e+00   -2.5710372251e+01    7.2127389686e-01    2.5289220000e+06    2.0843751652e+01    9.9996246969e-01
        76   -5.9282583459e+00    3.5188024133e+01   -9.9386995581e+00    4.0104412121e+00    8.0493066713e+00    7.0352112605e+00   -2.5731546194e+01    7.0832870378e-01    2.5205440000e+06    2.1303050074e+01    9.9996233592e-01
        77   -5.9289727806e+00    3.5200000268e+01   -9.8558704092e+00    3.9268976286e+00    8.0436715742e+00    7.0352112605e+00   -2.5665408223e+01    7.3065497910e-01    2.5241870000e+06    2.1261821244e+01    9.9996174492e-01
        78   -5.9322506839e+00    3.5238595899e+01   -9.8580123342e+00    3.9257616503e+00    8.0442341006e+00    7.0352112605e+00   -2.5708820387e+01    7.7136269127e-01    2.5135570000e+06    2.1844322943e+01    9.9996092087e-01
        79   -5.9336645649e+00    3.5252547720e+01   -9.8643675778e+00    3.9307030129e+00    8.0636247866e+00    7.0352112605e+00   -2.5696966734e+01    7.3376310960e-01    2.5038950000e+06    2.1544394257e+01    9.9995960803e-01
        80   -5.9337947270e+00    3.5252464914e+01   -9.8839081250e+00    3.9501133981e+00    8.0632760635e+00    7.0352112605e+00   -2.5696222072e+01    7.1382662272e-01    2.5175660000e+06    2.1271922044e+01    9.9996204288e-01
        81   -5.9299900416e+00    3.5205051477e+01   -9.8999180987e+00    3.9699280572e+00    8.0418473747e+00    7.0352112605e+00   -2.5662646374e+01    6.8566964027e-01    2.5126380000e+06    2.1313391845e+01    9.9996208684e-01
        82   -5.9305200364e+00    3.5215880519e+01   -9.8467836617e+00    3.9162636252e+00    8.0503082089e+00    7.0352112605e+00   -2.5653049890e+01    7.2074675913e-01    2.5189310000e+06    2.1119526070e+01    9.9995956672e-01
        83   -5.9315829046e+00    3.5226547311e+01   -9.8886631121e+00    3.9570802075e+00    8.0680761833e+00    7.0352112605e+00   -2.5735469939e+01    7.4351938292e-01    2.5254850000e+06    2.1285155965e+01    9.9995807823e-01
        84   -5.9333444035e+00    3.5249550923e+01   -9.8957071376e+00    3.9623627340e+00    8.0843123609e+00    7.0352112605e+00   -2.5763879830e+01    7.4864907093e-01    2.5309810000e+06    2.1319770635e+01    9.9996215005e-01
        85   -5.9339318070e+00    3.5252524079e+01   -9.9272887658e+00    3.9933569588e+00    8.0534455514e+00    7.0352112605e+00   -2.5716179291e+01    7.0023371303e-01    2.5241830000e+06    2.1755874669e+01    9.9996373313e-01
        86   -5.9367308831e+00    3.5286558417e+01   -9.9118999172e+00    3.9751690341e+00    8.0531463232e+00    7.0352112605e+00   -2.5736414316e+01    7.3615681542e-01    2.5283550000e+06    2.1252828429e+01    9.9996226968e-01
        87   -5.9333829063e+00    3.5249852100e+01   -9.8974053123e+00    3.9640224060e+00    8.0722509092e+00    7.0352112605e+00   -2.5710753765e+01    7.0588628285e-01    2.5365260000e+06    2.1360719479e+01    9.9996275099e-01
        88   -5.9304453460e+00    3.5220057656e+01   -9.8834416779e+00    3.9529963318e+00    8.0947053481e+00    7.0352112605e+00   -2.5768350131e+01    7.5499184439e-01    2.5343460000e+06    2.1067111332e+01    9.9996229547e-01
        89   -5.9325690789e+00    3.5242701720e+01   -9.9424594126e+00    4.0098903337e+00    8.0880165123e+00    7.0352112605e+00   -2.5785130508e+01    7.1944332278e-01    2.5342140000e+06    2.1205611238e+01    9.9995997387e-01
        90   -5.9338851244e+00    3.5252840607e+01   -9.8338881430e+00    3.9000030185e+00    8.0598241012e+00    7.0352112605e+00   -2.5679992984e+01    7.5106947960e-01    2.5493840000e+06    2.1265327798e+01    9.9996185210e-01
        91   -5.9340187190e+00    3.5259023784e+01   -9.8956757221e+00    3.9616570031e+00    8.0668953390e+00    7.0352112605e+00   -2.5728791956e+01    7.3100963458e-01    2.5343320000e+06    2.1197920161e+01    9.9995922476e-01
        92   -5.9354554234e+00    3.5273133520e+01   -9.8921254826e+00    3.9566700592e+00    8.0753467906e+00    7.0352112605e+00   -2.5706374079e+01    7.0369054518e-01    2.5211000000e+06    2.1390178038e+01    9.9996258538e-01
        93   -5.9331770507e+00    3.5251514361e+01   -9.8697873805e+00    3.9366103298e+00    8.0618078649e+00    7.0352112605e+00   -2.5680319075e+01    7.1351256907e-01    2.5269150000e+06    2.1314775892e+01    9.9996188049e-01
        94   -5.9308567351e+00    3.5218647821e+01   -9.8788746931e+00    3.9480179581e+00    8.0514113368e+00    7.0352112605e+00   -2.5669064757e+01    7.0356746672e-01    2.5349500000e+06    2.1043853082e+01    9.9995908521e-01
        95   -5.9308239355e+00    3.5220261491e+01   -9.9188974955e+00    3.9880735600e+00    8.0569955054e+00    7.0352112605e+00   -2.5712994912e+01    7.0189065103e-01    2.5306810000e+06    2.0932014424e+01    9.9996073817e-01
        96   -5.9348890521e+00    3.5261102972e+01   -9.8804739227e+00    3.9455848705e+00    8.0369149079e+00    7.0352112605e+00   -2.5637756960e+01    6.8515686903e-01    2.5134120000e+06    2.1102827982e+01    9.9996234364e-01
        97   -5.9321621121e+00    3.5235326872e+01   -9.8480793068e+00    3.9159171947e+00    8.0601208918e+00    7.0352112605e+00   -2.5661359701e+01    7.1794824208e-01    2.5093980000e+06    2.0902687432e+01    9.9996218916e-01
        98   -5.9303775093e+00    3.5215783988e+01   -9.8836780507e+00    3.9533005413e+00    8.0757614557e+00    7.0352112605e+00   -2.5751545689e+01    7.5689492226e-01    2.5060790000e+06    2.0927348362e+01    9.9995929654e-01
        99   -5.9329116716e+00    3.5244874590e+01   -9.8671067543e+00    3.9341950828e+00    8.0704648395e+00    7.0352112605e+00   -2.5700812080e+01    7.2802922542e-01    2.5034370000e+06    2.1420513120e+01    9.9996015855e-01
       100   -5.9347867127e+00    3.5266104461e+01   -9.9161694974e+00    3.9813827848e+00    8.0524601816e+00    7.0352112605e+00   -2.5713477356e+01    7.0963641678e-01    2.5263890000e+06    2.1208491412e+01    9.9996181424e-01
       101   -5.9353639243e+00    3.5270811848e+01   -9.9109169032e+00    3.9755529789e+00    8.0576400118e+00    7.0352112605e+00   -2.5722547215e+01    7.1877903982e-01    2.5373520000e+06    2.1367213651e+01    9.9996016861e-01
       102   -5.9337392913e+00    3.5249424564e+01   -9.9171082404e+00    3.9833689491e+00    8.0579564824e+00    7.0352112605e+00   -2.5716710304e+01    7.0643432025e-01    2.5313390000e+06    2.1267074530e+01    9.9996181323e-01
       103   -5.9310853501e+00    3.5217276956e+01   -9.8736117391e+00    3.9425263889e+00    8.0482222154e+00    7.0352112605e+00   -2.5671824798e+01    7.1477958320e-01    2.5382010000e+06    2.1177779796e+01    9.9996064647e-01
       104   -5.9368234926e+00    3.5296894095e+01   -9.8400396977e+00    3.9032162051e+00    8.0453234838e+00    7.0352112605e+00   -2.5650776549e+01    7.3020210752e-01    2.5422170000e+06    2.1335057256e+01    9.9996194745e-01
       105   -5.9352750417e+00    3.5270814354e+01   -9.8769884924e+00    3.9417134508e+00    8.0721259115e+00    7.0352112605e+00   -2.5728494274e+01    7.4416860925e-01    2.5394340000e+06    2.1497752353e+01    9.9996124940e-01
       106   -5.9324837771e+00    3.5236216238e+01   -9.9199588811e+00    3.9874751040e+00    8.0786958748e+00    7.0352112605e+00   -2.5735207478e+01    7.0134146142e-01    2.5288800000e+06    2.1426635222e+01    9.9996258636e-01
       107   -5.9333720602e+00    3.5246791192e+01   -9.9334883709e+00    4.0001163106e+00    8.1000297959e+00    7.0352112605e+00   -2.5796150036e+01    7.2742060888e-01    2.5209670000e+06    2.1285209171e+01    9.9995689240e-01
       108   -5.9316363432e+00    3.5228899124e+01   -9.9046182569e+00    3.9729819137e+00    8.0909011019e+00    7.0352112605e+00   -2.5779511127e+01    7.4878050792e-01    2.5142090000e+06    2.1193664307e+01    9.9995987944e-01
       109   -5.9324337189e+00    3.5234274042e+01   -9.8820707212e+00    3.9496370023e+00    8.0736029531e+00    7.0352112605e+00   -2.5719301612e+01    7.2841667699e-01    2.5212490000e+06    2.1356433297e+01    9.9996325555e-01
       110   -5.9336291394e+00    3.5251193182e+01   -9.8816383840e+00    3.9480092447e+00    8.0690215002e+00    7.0352112605e+00   -2.5722387163e+01    7.3651601798e-01    2.5340390000e+06    2.1222096561e+01    9.9996412175e-01
       111   -5.9301918837e+00    3.5216573186e+01   -9.8243342458e+00    3.8941423621e+00    8.0529488146e+00    7.0352112605e+00   -2.5656345228e+01    7.4385090721e-01    2.5169980000e+06    2.1085565196e+01    9.9996106675e-01
       112   -5.9310363156e+00    3.5221064853e+01   -9.8520679585e+00    3.9210316429e+00    8.0746324390e+00    7.0352112605e+00   -2.5677461609e+01    7.1554995065e-01    2.5059530000e+06    2.1200214751e+01    9.9996288241e-01
       113   -5.9294240058e+00    3.5201631893e+01   -9.8712626721e+00    3.9418386663e+00    8.0490263810e+00    7.0352112605e+00   -2.5652222314e+01    6.9672200028e-01    2.5211320000e+06    2.1350746957e+01    9.9996023252e-01
       114   -5.9293941411e+00    3.5202089033e+01   -9.8769923852e+00    3.9475982440e+00    8.0488392274e+00    7.0352112605e+00   -2.5673456995e+01    7.1241412216e-01    2.5149040000e+06    2.1394400296e+01    9.9995961894e-01
       115   -5.9311718303e+00    3.5222517119e+01   -9.8872993592e+00    3.9561275289e+00    8.0677220621e+00    7.0352112605e+00   -2.5712174878e+01    7.2194219627e-01    2.5147930000e+06    2.1054076589e+01    9.9995986775e-01
       116   -5.9291352142e+00    3.5199860614e+01   -9.8966729509e+00    3.9675377367e+00    8.0818374284e+00    7.0352112605e+00   -2.5747830219e+01    7.3410857915e-01    2.4973340000e+06    2.1086802889e+01    9.9996025347e-01
       117   -5.9297573465e+00    3.5203745617e+01   -9.9028182648e+00    3.9730609183e+00    8.0817284236e+00    7.0352112605e+00   -2.5747836128e+01    7.2807817933e-01    2.4900460000e+06    2.0998057176e+01    9.9996230442e-01
       118   -5.9323565869e+00    3.5244751771e+01   -9.8508525541e+00    3.9184959671e+00    8.0696766580e+00    7.0352112605e+00   -2.5663898726e+01    7.0815825379e-01    2.4948610000e+06    2.1320162999e+01    9.9996341696e-01
       119   -5.9319918942e+00    3.5232710933e+01   -9.8319982615e+00    3.9000063673e+00    8.0630789298e+00    7.0352112605e+00   -2.5676010413e+01    7.4572196070e-01    2.5112990000e+06    2.1135261528e+01    9.9996168731e-01
       120   -5.9325827251e+00    3.5239166490e+01   -9.8666618449e+00    3.9340791198e+00    8.0445075374e+00    7.0352112605e+00   -2.5684671572e+01    7.3829092967e-01    2.4937350000e+06    2.1281737209e+01    9.9996051031e-01
       121   -5.9322600581e+00    3.5233853635e+01   -9.8426575583e+00    3.9103975003e+00    8.0346615886e+00    7.0352112605e+00   -2.5619243778e+01    7.0671337080e-01    2.4990100000e+06    2.1688759198e+01    9.9996273100e-01
       122   -5.9311651960e+00    3.5220518382e+01   -9.8620967473e+00    3.9309315513e+00    8.0529811721e+00    7.0352112605e+00   -2.5686734888e+01    7.3644570824e-01    2.5014610000e+06    2.1443601914e+01    9.9996211426e-01
       123   -5.9288704073e+00    3.5201050241e+01   -9.8951419002e+00    3.9662714929e+00    8.0609508132e+00    7.0352112605e+00   -2.5722176735e+01    7.3087276110e-01    2.5061580000e+06    2.1171551208e+01    9.9996048837e-01
       124   -5.9323721462e+00    3.5240853799e+01   -9.8772923614e+00    3.9449202152e+00    8.0484949093e+00    7.0352112605e+00   -2.5688991915e+01    7.2799338325e-01    2.5124650000e+06    2.1039870618e+01    9.9996114329e-01
       125   -5.9330494623e+00    3.5244066254e+01   -9.8803693400e+00    3.9473198777e+00    8.0555744455e+00    7.0352112605e+00   -2.5666465505e+01    6.9531045878e-01    2.5144150000e+06    2.1468743313e+01    9.9995948929e-01
       126   -5.9335902880e+00    3.5251911606e+01   -9.8517434258e+00    3.9181531379e+00    8.0592727752e+00    7.0352112605e+00   -2.5657952862e+01    7.1172540064e-01    2.5052240000e+06    2.0884262646e+01    9.9996310929e-01
       127   -5.9306583102e+00    3.5215741965e+01   -9.8279083810e+00    3.8972500708e+00    8.0518893010e+00    7.0352112605e+00   -2.5641513995e+01    7.2650505214e-01    2.5243330000e+06    2.1266288897e+01    9.9995940224e-01
       128   -5.9267336070e+00    3.5167677094e+01   -9.8414114895e+00    3.9146778825e+00    8.0262158022e+00    7.0352112605e+00   -2.5624281086e+01    7.2144253379e-01    2.5202860000e+06    2.1172051687e+01    9.9996037819e-01
       129   -5.9326121637e+00    3.5238578339e+01   -9.8594933261e+00    3.9268811624e+00    8.0358823530e+00    7.0352112605e+00   -2.5649092914e+01    7.1850597485e-01    2.5168560000e+06    2.1766562428e+01    9.9996374058e-01
       130   -5.9299710478e+00    3.5205174092e+01   -9.8830154366e+00    3.9530443887e+00    8.0163255703e+00    7.0352112605e+00   -2.5648758051e+01    7.1420578369e-01    2.5169580000e+06    2.1318943754e+01    9.9996207192e-01
       131   -5.9341164320e+00    3.5257661986e+01   -9.8458769567e+00    3.9117605247e+00    8.0436955077e+00    7.0352112605e+00   -2.5630534974e+01    7.0575124945e-01    2.5242070000e+06    2.1305746846e+01    9.9995950766e-01
       132   -5.9307993210e+00    3.5220553783e+01   -9.8272387804e+00    3.8964394594e+00    8.0591905476e+00    7.0352112605e+00   -2.5664033217e+01    7.4239262823e-01    2.5369610000e+06    2.1288209094e+01    9.9995862139e-01
       133   -5.9317982716e+00    3.5225803447e+01   -9.8372679340e+00    3.9054696624e+00    8.0486221707e+00    7.0352112605e+00   -2.5637569149e+01    7.1646778364e-01    2.5168190000e+06    2.1147121998e+01    9.9996253049e-01
       134   -5.9307669357e+00    3.5221490768e+01   -9.8317504183e+00    3.9009834826e+00    8.0392897061e+00    7.0352112605e+00   -2.5639412106e+01    7.3316072086e-01    2.5225170000e+06    2.1042918816e+01    9.9996308407e-01
       135   -5.9313986710e+00    3.5224692196e+01   -9.8495427567e+00    3.9181440858e+00    8.0583409224e+00    7.0352112605e+00   -2.5662756848e+01    7.1966190822e-01    2.5419090000e+06    2.1319974477e+01    9.9995956958e-01
       136   -5.9284068441e+00    3.5192866880e+01   -9.8267237720e+00    3.8983169279e+00    8.0381472671e+00    7.0352112605e+00   -2.5627481685e+01    7.2739938503e-01    2.5310330000e+06    2.1708913013e+01    9.9996434904e-01
       137   -5.9353395027e+00    3.5273110794e+01   -9.7983663328e+00    3.8630268301e+00    8.0336630092e+00    7.0352112605e+00   -2.5610346524e+01    7.4310592165e-01    2.5248160000e+06    2.1005096627e+01    9.9996345714e-01
       138   -5.9283409562e+00    3.5192129635e+01   -9.8269957032e+00    3.8986547470e+00    8.0455707514e+00    7.0352112605e+00   -2.5672007945e+01    7.6423022950e-01    2.5190190000e+06    2.1302104113e+01    9.9996261852e-01
       139   -5.9322659667e+00    3.5234985156e+01   -9.8745860209e+00    3.9423200542e+00    8.0396660109e+00    7.0352112605e+00   -2.5686643235e+01    7.3717994318e-01    2.5238490000e+06    2.1351782970e+01    9.9996374926e-01
       140   -5.9326466427e+00    3.5240079700e+01   -9.8636185413e+00    3.9309718986e+00    8.0552503892e+00    7.0352112605e+00   -2.5685876788e+01    7.3179659708e-01    2.5194290000e+06    2.1373797072e+01    9.9996347681e-01
       141   -5.9319396280e+00    3.5227335164e+01   -9.8518296595e+00    3.9198900315e+00    8.0537315045e+00    7.0352112605e+00   -2.5634510429e+01    6.9373800468e-01    2.5081510000e+06    2.1235504402e+01    9.9996173122e-01
       142   -5.9285662149e+00    3.5190632633e+01   -9.8753563108e+00    3.9467900958e+00    8.0330020458e+00    7.0352112605e+00   -2.5624610038e+01    6.8104042120e-01    2.5135600000e+06    2.1618518184e+01    9.9996255567e-01
       143   -5.9341301769e+00    3.5256395939e+01   -9.9041476582e+00    3.9700174813e+00    8.0373567421e+00    7.0352112605e+00   -2.5666970677e+01    6.9025501659e-01    2.5087510000e+06    2.1674406742e+01    9.9996004221e-01
       144   -5.9333407245e+00    3.5245622432e+01   -9.8258797492e+00    3.8925390247e+00    8.0417325818e+00    7.0352112605e+00   -2.5624239278e+01    7.2141568642e-01    2.5266430000e+06    2.1294431432e+01    9.9996246065e-01
       145   -5.9312293029e+00    3.5221538934e+01   -9.8842375174e+00    3.9530082146e+00    8.0531577994e+00    7.0352112605e+00   -2.5688739472e+01    7.1613289441e-01    2.5278550000e+06    2.1147797069e+01    9.9996008175e-01
       146   -5.9312243888e+00    3.5225216797e+01   -9.8278595467e+00    3.8966351579e+00    8.0792839337e+00    7.0352112605e+00   -2.5691213297e+01    7.4885855560e-01    2.5212390000e+06    2.1511007569e+01    9.9996070167e-01
       147   -5.9308868748e+00    3.5222829067e+01   -9.8662453180e+00    3.9353584432e+00    8.0498168883e+00    7.0352112605e+00   -2.5683926655e+01    7.3265318774e-01    2.5277950000e+06    2.1252315482e+01    9.9996083609e-01
       148   -5.9272601121e+00    3.5174745277e+01   -9.8409473692e+00    3.9136872572e+00    8.0602465466e+00    7.0352112605e+00   -2.5675747586e+01    7.3934240928e-01    2.5214920000e+06    2.1327470725e+01    9.9996048593e-01
       149   -5.9307858421e+00    3.5219710819e+01   -9.8371920542e+00    3.9064062121e+00    8.0560569053e+00    7.0352112605e+00   -2.5684291897e+01    7.5583167673e-01    2.5233410000e+06    2.1165287272e+01    9.9996196184e-01
       150   -5.9311448918e+00    3.5227869114e+01   -9.8538361220e+00    3.9226912303e+00    8.0519090016e+00    7.0352112605e+00   -2.5697090226e+01    7.5613384166e-01    2.5341550000e+06    2.1161240444e+01    9.9996211288e-01
       151   -5.9351236016e+00    3.5270599825e+01   -9.8583076918e+00    3.9231840902e+00    8.0425357908e+00    7.0352112605e+00   -2.5667838139e+01    7.3178339586e-01    2.5281730000e+06    2.1331660679e+01    9.9996170220e-01
       152   -5.9325222608e+00    3.5237057715e+01   -9.8784206236e+00    3.9458983629e+00    8.0531264904e+00    7.0352112605e+00   -2.5712598613e+01    7.4584023825e-01    2.5381280000e+06    2.1689465536e+01    9.9996132478e-01
       153   -5.9347865742e+00    3.5263889374e+01   -9.8817306008e+00    3.9469440265e+00    8.0547018793e+00    7.0352112605e+00   -2.5729037030e+01    7.5739328938e-01    2.5406150000e+06    2.1511779779e+01    9.9996139714e-01
       154   -5.9329161823e+00    3.5244124421e+01   -9.8740334355e+00    3.9411172532e+00    8.0542584644e+00    7.0352112605e+00   -2.5707853541e+01    7.4435038044e-01    2.5312240000e+06    2.1073197544e+01    9.9995868448e-01
       155   -5.9329881104e+00    3.5243746146e+01   -9.8942509697e+00    3.9612628594e+00    8.0829264515e+00    7.0352112605e+00   -2.5717185762e+01    7.0479707977e-01    2.5088630000e+06    2.1314773697e+01    9.9996147914e-01
       156   -5.9340092380e+00    3.5256090898e+01   -9.9202292970e+00    3.9862200590e+00    8.0889375371e+00    7.0352112605e+00   -2.5776370411e+01    7.3199231667e-01    2.5146000000e+06    2.1116247441e+01    9.9996127544e-01
       157   -5.9316693125e+00    3.5231755603e+01   -9.8907016007e+00    3.9590322882e+00    8.0726105990e+00    7.0352112605e+00   -2.5719571399e+01    7.2104793834e-01    2.5064920000e+06    2.1431374704e+01    9.9996314618e-01
       158   -5.9325301306e+00    3.5239666826e+01   -9.9000705724e+00    3.9675404418e+00    8.0667623802e+00    7.0352112605e+00   -2.5714845030e+01    7.1280081674e-01    2.5213710000e+06    2.1238710506e+01    9.9996164611e-01
       159   -5.9309776972e+00    3.5218226072e+01   -9.9192315121e+00    3.9882538149e+00    8.0706474812e+00    7.0352112605e+00   -2.5724003275e+01    6.9891302130e-01    2.5205180000e+06    2.1025264341e+01    9.9996098541e-01
       160   -5.9317770817e+00    3.5229330264e+01   -9.8845235234e+00    3.9527464417e+00    8.0510694012e+00    7.0352112605e+00   -2.5671136970e+01    7.0033278498e-01    2.5208600000e+06    2.1378188783e+01    9.9996329989e-01
       161   -5.9307164733e+00    3.5214008675e+01   -9.8788250798e+00    3.9481086065e+00    8.0752526958e+00    7.0352112605e+00   -2.5689512563e+01    7.0022352692e-01    2.5214400000e+06    2.1452631658e+01    9.9996342099e-01
       162   -5.9322135723e+00    3.5233305459e+01   -9.8774914917e+00    3.9452779194e+00    8.0788175882e+00    7.0352112605e+00   -2.5701100067e+01    7.0957972643e-01    2.5386310000e+06    2.1758873684e+01    9.9996216247e-01
       163   -5.9324673459e+00    3.5237877426e+01   -9.9257890937e+00    3.9933217478e+00    8.0989198857e+00    7.0352112605e+00   -2.5806062936e+01    7.4614269637e-01    2.5347350000e+06    2.1112977329e+01    9.9996060862e-01
       164   -5.9352017669e+00    3.5286843427e+01   -9.9016672283e+00    3.9664654614e+00    8.0781010710e+00    7.0352112605e+00   -2.5746711478e+01    7.3173191771e-01    2.5320740000e+06    2.1556121955e+01    9.9996055531e-01
       165   -5.9342478538e+00    3.5257637261e+01   -9.9027525340e+00    3.9685046802e+00    8.0683980281e+00    7.0352112605e+00   -2.5718157268e+01    7.1179544567e-01    2.5280620000e+06    2.1417665829e+01    9.9996084808e-01
       166   -5.9332804169e+00    3.5245389863e+01   -9.9410468148e+00    4.0077663979e+00    8.0675828546e+00    7.0352112605e+00   -2.5762542254e+01    7.1870132424e-01    2.5271240000e+06    2.1226652212e+01    9.9995988373e-01
       167   -5.9315148248e+00    3.5226705418e+01   -9.8905987836e+00    3.9590839588e+00    8.0552135837e+00    7.0352112605e+00   -2.5684534534e+01    7.0351090580e-01    2.5190730000e+06    2.0961137269e+01    9.9996300154e-01
       168   -5.9327807512e+00    3.5240344782e+01   -9.9102437716e+00    3.9774630204e+00    8.0428867070e+00    7.0352112605e+00   -2.5705793992e+01    7.1745225321e-01    2.5104950000e+06    2.1227876259e+01    9.9996270249e-01
       169   -5.9312482302e+00    3.5218098465e+01   -9.8943284023e+00    3.9630801721e+00    8.0358688138e+00    7.0352112605e+00   -2.5681513595e+01    7.1610511826e-01    2.5103370000e+06    2.0933181739e+01    9.9995945548e-01
       170   -5.9358248273e+00    3.5275654125e+01   -9.9044860699e+00    3.9686612425e+00    8.0393820586e+00    7.0352112605e+00   -2.5707523357e+01    7.2844396780e-01    2.5018590000e+06    2.1571911603e+01    9.9995944526e-01
       171   -5.9336431358e+00    3.5253621622e+01   -9.8484338665e+00    3.9147907308e+00    8.0574725810e+00    7.0352112605e+00   -2.5672381074e+01    7.3126336581e-01    2.5191440000e+06    2.1167305185e+01    9.9996089639e-01
       172   -5.9302302826e+00    3.5214218422e+01   -9.8528095999e+00    3.9225793173e+00    8.0594052386e+00    7.0352112605e+00   -2.5677444188e+01    7.3001808902e-01    2.5077680000e+06    2.1104667939e+01    9.9995926861e-01
       173   -5.9297156230e+00    3.5205646232e+01   -9.8878474941e+00    3.9581318711e+00    8.0493890971e+00    7.0352112605e+00   -2.5683540848e+01    7.1109299619e-01    2.5143190000e+06    2.1259237774e+01    9.9996011281e-01
       174   -5.9309258117e+00    3.5218590736e+01   -9.8671526132e+00    3.9362268015e+00    8.0425566924e+00    7.0352112605e+00   -2.5681790757e+01    7.3687019089e-01    2.5142170000e+06    2.1006353351e+01    9.9995955643e-01
       175   -5.9327500481e+00    3.5245198992e+01   -9.8560256583e+00    3.9232756102e+00    8.0632764386e+00    7.0352112605e+00   -2.5695795528e+01    7.4128217101e-01    2.5160970000e+06    2.1469364958e+01    9.9996359737e-01
       176   -5.9337845439e+00    3.5255310548e+01   -9.8947625687e+00    3.9609780248e+00    8.0838017641e+00    7.0352112605e+00   -2.5754723940e+01    7.4094834674e-01    2.5239000000e+06    2.1523299993e+01    9.9996363847e-01
       177   -5.9299998490e+00    3.5210455808e+01   -9.8891672462e+00    3.9591673972e+00    8.0873339599e+00    7.0352112605e+00   -2.5748800146e+01    7.3708767912e-01    2.5240480000e+06    2.1442183513e+01    9.9996088978e-01
       178   -5.9299525697e+00    3.5209895026e+01   -9.9028340572e+00    3.9728814874e+00    8.0670359134e+00    7.0352112605e+00   -2.5713287448e+01    7.0820621700e-01    2.5104220000e+06    2.1388762025e+01    9.9996184881e-01
       179   -5.9346181712e+00    3.5266870412e+01   -9.9102438566e+00    3.9756256854e+00    8.0686829411e+00    7.0352112605e+00   -2.5759451029e+01    7.4531297109e-01    2.5254760000e+06    2.1225818054e+01    9.9995969373e-01
       180   -5.9319919793e+00    3.5231550325e+01   -9.9342257004e+00    4.0022337211e+00    8.0851305979e+00    7.0352112605e+00   -2.5815050114e+01    7.6048255568e-01    2.5380690000e+06    2.1105171654e+01    9.9995917314e-01
       181   -5.9335587008e+00    3.5254291550e+01   -9.8794976334e+00    3.9459389325e+00    8.0743245190e+00    7.0352112605e+00   -2.5714234176e+01    7.2520076305e-01    2.5348480000e+06    2.1625746139e+01    9.9996231849e-01
       182   -5.9331845214e+00    3.5243991992e+01   -9.9071574276e+00    3.9739729061e+00    8.0521807937e+00    7.0352112605e+00   -2.5700866047e+01    7.0631656501e-01    2.5377460000e+06    2.1765747849e+01    9.9996383045e-01
       183   -5.9360659788e+00    3.5282734503e+01   -9.8887816461e+00    3.9527156674e+00    8.0498538750e+00    7.0352112605e+00   -2.5677066426e+01    7.0321964456e-01    2.5419050000e+06    2.1230975801e+01    9.9996251302e-01
       184   -5.9325630927e+00    3.5235281208e+01   -9.8480771221e+00    3.9155140294e+00    8.0483682551e+00    7.0352112605e+00   -2.5637083029e+01    7.0542639110e-01    2.5377710000e+06    2.1546457498e+01    9.9996183410e-01
       185   -5.9313359254e+00    3.5227326815e+01   -9.8901698137e+00    3.9588338883e+00    8.0597526348e+00    7.0352112605e+00   -2.5693842563e+01    7.0870885398e-01    2.5425620000e+06    2.1181694983e+01    9.9996107243e-01
       186   -5.9328663375e+00    3.5242587018e+01   -9.8874335166e+00    3.9545671792e+00    8.0607192341e+00    7.0352112605e+00   -2.5698001501e+01    7.1463749006e-01    2.5166210000e+06    2.1188734589e+01    9.9996101139e-01
       187   -5.9291146431e+00    3.5192214703e+01   -9.8710328549e+00    3.9419182117e+00    8.0548185930e+00    7.0352112605e+00   -2.5646765460e+01    6.8570275127e-01    2.5225800000e+06    2.1063456881e+01    9.9996263336e-01
       188   -5.9295527654e+00    3.5203133326e+01   -9.8706627041e+00    3.9411099387e+00    8.0591201846e+00    7.0352112605e+00   -2.5672778192e+01    7.0778404319e-01    2.5205450000e+06    2.1523176611e+01    9.9996098999e-01
       189   -5.9333254573e+00    3.5248813563e+01   -9.8217294374e+00    3.8884039801e+00    8.0610931287e+00    7.0352112605e+00   -2.5660827513e+01    7.4279368677e-01    2.5254410000e+06    2.1040721505e+01    9.9996407052e-01
       190   -5.9323940189e+00    3.5233281767e+01   -9.8213463424e+00    3.8889523235e+00    8.0370912355e+00    7.0352112605e+00   -2.5588007028e+01    6.9435818963e-01    2.5338710000e+06    2.1107370862e+01    9.9996290215e-01
       191   -5.9373532387e+00    3.5294273777e+01   -9.8648656472e+00    3.9275124084e+00    8.0377129468e+00    7.0352112605e+00   -2.5621265635e+01    6.8347578024e-01    2.5345490000e+06    2.1363341653e+01    9.9995800437e-01
       192   -5.9336280131e+00    3.5253841039e+01   -9.8857723559e+00    3.9521443428e+00    8.0313525571e+00    7.0352112605e+00   -2.5672998242e+01    7.2066206835e-01    2.5389710000e+06    2.0902544797e+01    9.9996100635e-01
       193   -5.9322847453e+00    3.5235509389e+01   -9.8548603684e+00    3.9225756232e+00    8.0677381811e+00    7.0352112605e+00   -2.5682114240e+01    7.2430443037e-01    2.5336660000e+06    2.1431192355e+01    9.9996162981e-01
       194   -5.9339513705e+00    3.5255379821e+01   -9.8223487821e+00    3.8883974116e+00    8.0693931713e+00    7.0352112605e+00   -2.5650740338e+01    7.2378712452e-01    2.5351770000e+06    2.1517168847e+01    9.9996174675e-01
       195   -5.9328714882e+00    3.5244752606e+01   -9.9001194446e+00    3.9672479564e+00    8.0653316563e+00    7.0352112605e+00   -2.5693640653e+01    6.9297829167e-01    2.5513200000e+06    2.1247297725e+01    9.9996242248e-01
       196   -5.9306233657e+00    3.5216101113e+01   -9.9029381726e+00    3.9723148069e+00    8.0583089273e+00    7.0352112605e+00   -2.5720848256e+01    7.2438989537e-01    2.5180690000e+06    2.1170682804e+01    9.9996424050e-01
       197   -5.9295904982e+00    3.5211946735e+01   -9.8657991794e+00    3.9362086813e+00    8.0652500068e+00    7.0352112605e+00   -2.5683991166e+01    7.1773071944e-01    2.5177220000e+06    2.1266534445e+01    9.9996146802e-01
       198   -5.9290112338e+00    3.5196991708e+01   -9.8857824799e+00    3.9567712460e+00    8.0803388206e+00    7.0352112605e+00   -2.5703092580e+01    7.0176001941e-01    2.5353060000e+06    2.1506640666e+01    9.9996011998e-01
       199   -5.9299256509e+00    3.5207225871e+01   -9.8528446692e+00    3.9229190183e+00    8.0747208022e+00    7.0352112605e+00   -2.5676410340e+01    7.1363360838e-01    2.5268100000e+06    2.1017030675e+01    9.9996197242e-01
       200   -5.9346149113e+00    3.5264117859e+01   -9.8794966408e+00    3.9448817295e+00    8.0592288571e+00    7.0352112605e+00   -2.5704399731e+01    7.3046297269e-01    2.5165660000e+06    2.1554524992e+01    9.9996085415e-01
       201   -5.9319368847e+00    3.5228781177e+01   -9.8137351240e+00    3.8817982393e+00    8.0457572037e+00    7.0352112605e+00   -2.5623081682e+01    7.2837809432e-01    2.5117420000e+06    2.1263820705e+01    9.9996158207e-01
       202   -5.9326012540e+00    3.5242367626e+01   -9.8855058633e+00    3.9529046093e+00    8.0522181613e+00    7.0352112605e+00   -2.5685545934e+01    7.1261064928e-01    2.5078690000e+06    2.1197607252e+01    9.9996072488e-01
       203   -5.9335040274e+00    3.5250917369e+01   -9.8784332732e+00    3.9449292458e+00    8.0442593523e+00    7.0352112605e+00   -2.5657567502e+01    6.9966361623e-01    2.4917790000e+06    2.0852160709e+01    9.9996498363e-01
       204   -5.9319850346e+00    3.5238301045e+01   -9.9064600067e+00    3.9744749722e+00    8.0432444913e+00    7.0352112605e+00   -2.5717374835e+01    7.3245907666e-01    2.5102600000e+06    2.1382726862e+01    9.9996188022e-01
       205   -5.9310402322e+00    3.5221045448e+01   -9.8942696356e+00    3.9632294035e+00    8.0490762186e+00    7.0352112605e+00   -2.5691321216e+01    7.1276410116e-01    2.5179630000e+06    2.1029815844e+01    9.9996255453e-01
       206   -5.9314149134e+00    3.5219871719e+01   -9.8760964070e+00    3.9446814936e+00    8.0357088309e+00    7.0352112605e+00   -2.5607104583e+01    6.6008808482e-01    2.5331290000e+06    2.1005596600e+01    9.9996520763e-01
       207   -5.9286960095e+00    3.5192350470e+01   -9.8997985178e+00    3.9711025082e+00    8.0472055355e+00    7.0352112605e+00   -2.5677070649e+01    6.9485533529e-01    2.5166730000e+06    2.1361395066e+01    9.9996143693e-01
       208   -5.9318227664e+00    3.5230151439e+01   -9.8747133520e+00    3.9428905856e+00    8.0508249974e+00    7.0352112605e+00   -2.5688363103e+01    7.2761349273e-01    2.5078730000e+06    2.1462578358e+01    9.9996155610e-01
       209   -5.9303040091e+00    3.5211860084e+01   -9.8941488670e+00    3.9638448578e+00    8.0802876613e+00    7.0352112605e+00   -2.5745633498e+01    7.3598570891e-01    2.5175410000e+06    2.1379504152e+01    9.9996135825e-01
       210   -5.9288813328e+00    3.5192999545e+01   -9.8681968355e+00    3.9393155027e+00    8.0712616684e+00    7.0352112605e+00   -2.5673276330e+01    6.9860656533e-01    2.5265720000e+06    2.1117778523e+01    9.9996436636e-01
       211   -5.9311172288e+00    3.5223331644e+01   -9.8834775689e+00    3.9523603401e+00    8.0682796851e+00    7.0352112605e+00   -2.5703449111e+01    7.1648059604e-01    2.5170350000e+06    2.1198411913e+01    9.9996152287e-01
       212   -5.9328022312e+00    3.5243271466e+01   -9.9098243213e+00    3.9770220901e+00    8.0632153278e+00    7.0352112605e+00   -2.5739496596e+01    7.3124568631e-01    2.5071110000e+06    2.1290555397e+01    9.9996118140e-01
       213   -5.9280913542e+00    3.5188777650e+01   -9.8743777672e+00    3.9462864130e+00    8.0571514918e+00    7.0352112605e+00   -2.5692897536e+01    7.2615701662e-01    2.5257840000e+06    2.1074653874e+01    9.9996283914e-01
       214   -5.9320030325e+00    3.5230125999e+01   -9.8613382287e+00    3.9293351962e+00    8.0249847817e+00    7.0352112605e+00   -2.5624571480e+01    7.0303720887e-01    2.5265390000e+06    2.1299853822e+01    9.9996238765e-01
       215   -5.9334878877e+00    3.5254564555e+01   -9.8731854760e+00    3.9396975883e+00    8.0425000124e+00    7.0352112605e+00   -2.5662667685e+01    7.1177093574e-01    2.5363510000e+06    2.0904959357e+01    9.9996017648e-01
       216   -5.9327832923e+00    3.5242087456e+01   -9.8728142237e+00    3.9400309315e+00    8.0418880227e+00    7.0352112605e+00   -2.5668613316e+01    7.1869980866e-01    2.5261000000e+06    2.1164327050e+01    9.9996062521e-01
       217   -5.9338586449e+00    3.5253621604e+01   -9.8906390658e+00    3.9567804209e+00    8.0628997092e+00    7.0352112605e+00   -2.5727660351e+01    7.3891031500e-01    2.5150920000e+06    2.1144325639e+01    9.9996323150e-01
       218   -5.9322197374e+00    3.5230440043e+01   -9.9188088096e+00    3.9865890721e+00    8.0576196312e+00    7.0352112605e+00   -2.5729505516e+01    7.1786581429e-01    2.5153270000e+06    2.1125644859e+01    9.9996231624e-01
       219   -5.9325327243e+00    3.5237580136e+01   -9.9289505424e+00    3.9964178181e+00    8.0712938560e+00    7.0352112605e+00   -2.5736662273e+01    7.0120661443e-01    2.5058400000e+06    2.0963144500e+01    9.9996151197e-01
       220   -5.9314641223e+00    3.5226370501e+01   -9.9152281514e+00    3.9837640291e+00    8.0660106975e+00    7.0352112605e+00   -2.5738443198e+01    7.2199308907e-01    2.5145530000e+06    2.1254073478e+01    9.9995859631e-01
       221   -5.9346349781e+00    3.5261388674e+01   -9.8569810517e+00    3.9223460736e+00    8.0747416877e+00    7.0352112605e+00   -2.5691860056e+01    7.2492605589e-01    2.4980600000e+06    2.1257140413e+01    9.9996302151e-01
       222   -5.9324392189e+00    3.5238402636e+01   -9.8799050965e+00    3.9474658776e+00    8.0686434147e+00    7.0352112605e+00   -2.5696698143e+01    7.1293837108e-01    2.5086630000e+06    2.1310662559e+01    9.9995963293e-01
       223   -5.9336447331e+00    3.5254651047e+01   -9.8716203172e+00    3.9379755841e+00    8.0781851770e+00    7.0352112605e+00   -2.5713399475e+01    7.2838272056e-01    2.5058130000e+06    2.1085189939e+01    9.9996309597e-01
       224   -5.9298469117e+00    3.5209650292e+01   -9.9194025843e+00    3.9895556726e+00    8.0877894095e+00    7.0352112605e+00   -2.5785563987e+01    7.4316073261e-01    2.5136570000e+06    2.0807796235e+01    9.9995825765e-01
       225   -5.9348523420e+00    3.5268897978e+01   -9.9198813783e+00    3.9850290362e+00    8.0705725349e+00    7.0352112605e+00   -2.5755804007e+01    7.3013883336e-01    2.5259800000e+06    2.1044766700e+01    9.9996123146e-01
       226   -5.9308051652e+00    3.5216721570e+01   -9.9018170574e+00    3.9710118922e+00    8.0902699106e+00    7.0352112605e+00   -2.5768195877e+01    7.4089764839e-01    2.5405650000e+06    2.1730962863e+01    9.9996198453e-01
       227   -5.9283635457e+00    3.5194234896e+01   -9.8117179283e+00    3.8833543826e+00    8.0793587801e+00    7.0352112605e+00   -2.5672235245e+01    7.4594727623e-01    2.5364130000e+06    2.1109189357e+01    9.9996041317e-01
       228   -5.9291390718e+00    3.5200975219e+01   -9.8395607383e+00    3.9104216666e+00    8.0430989269e+00    7.0352112605e+00   -2.5605131178e+01    6.8726025232e-01    2.5194270000e+06    2.1000056916e+01    9.9996035039e-01
       229   -5.9345423536e+00    3.5259815206e+01   -9.8503785363e+00    3.9158361828e+00    8.0227997642e+00    7.0352112605e+00   -2.5602606903e+01    6.9421734152e-01    2.5139790000e+06    2.1035644793e+01    9.9996099407e-01
       230   -5.9376565349e+00    3.5296284045e+01   -9.8679151365e+00    3.9302586015e+00    8.0441395959e+00    7.0352112605e+00   -2.5666928283e+01    7.1966228974e-01    2.5198430000e+06    2.1307200869e+01    9.9996286737e-01
       231   -5.9340691613e+00    3.5258204449e+01   -9.8684572678e+00    3.9343881065e+00    8.0577953148e+00    7.0352112605e+00   -2.5692719925e+01    7.3125608227e-01    2.5291910000e+06    2.1478232060e+01    9.9996271567e-01
       232   -5.9333690065e+00    3.5254139854e+01   -9.8706018663e+00    3.9372328598e+00    8.0454509459e+00    7.0352112605e+00   -2.5692907991e+01    7.4164391785e-01    2.5297040000e+06    2.1325953641e+01    9.9996350661e-01
       233   -5.9359939401e+00    3.5280369496e+01   -9.9125355748e+00    3.9765416347e+00    8.0425957813e+00    7.0352112605e+00   -2.5710318852e+01    7.1997623512e-01    2.5303780000e+06    2.1074772660e+01    9.9996168416e-01
       234   -5.9323396860e+00    3.5234411382e+01   -9.8594413726e+00    3.9271016865e+00    8.0718113661e+00    7.0352112605e+00   -2.5677759906e+01    7.1129590645e-01    2.5214840000e+06    2.1315039214e+01    9.9996327248e-01
       235   -5.9273076377e+00    3.5215567201e+01   -9.8549416183e+00    3.9276339806e+00    8.0747746433e+00    7.0352112605e+00   -2.5680671158e+01    7.1574363596e-01    2.5051830000e+06    2.1554995990e+01    9.9996332815e-01
       236   -5.9293107421e+00    3.5199000155e+01   -9.8543037655e+00    3.9249930233e+00    8.0820439750e+00    7.0352112605e+00   -2.5655734248e+01    6.8417524735e-01    2.5022340000e+06    2.1549100049e+01    9.9996188340e-01
       237   -5.9301855624e+00    3.5208321817e+01   -9.8846879335e+00    3.9545023711e+00    8.0809138119e+00    7.0352112605e+00   -2.5723179581e+01    7.2236657504e-01    2.5240600000e+06    2.1376125261e+01    9.9996160634e-01
       238   -5.9304857278e+00    3.5213916472e+01   -9.9060416697e+00    3.9755559419e+00    8.0616480369e+00    7.0352112605e+00   -2.5731024827e+01    7.2812386013e-01    2.5339670000e+06    2.1236524881e+01    9.9996261372e-01
       239   -5.9318815728e+00    3.5233482673e+01   -9.8637359070e+00    3.9318543342e+00    8.0306682926e+00    7.0352112605e+00   -2.5650587487e+01    7.2097202728e-01    2.5325760000e+06    2.1381928641e+01    9.9996224713e-01
       240   -5.9279708838e+00    3.5208679421e+01   -9.8660083700e+00    3.9380374862e+00    8.0398186010e+00    7.0352112605e+00   -2.5649290693e+01    7.0825246150e-01    2.5188860000e+06    2.1166888697e+01    9.9996053755e-01
       241   -5.9283385403e+00    3.5192020948e+01   -9.8736681017e+00    3.9453295614e+00    8.0733808197e+00    7.0352112605e+00   -2.5720401042e+01    7.3814086017e-01    2.5097140000e+06    2.0998515130e+01    9.9995929254e-01
       242   -5.9322085146e+00    3.5234799589e+01   -9.8973538785e+00    3.9651453639e+00    8.1054989299e+00    7.0352112605e+00   -2.5796058694e+01    7.5799462544e-01    2.5140470000e+06    2.1071345837e+01    9.9996154720e-01
       243   -5.9288425439e+00    3.5195173105e+01   -9.9120810329e+00    3.9832384890e+00    8.1194130467e+00    7.0352112605e+00   -2.5797281130e+01    7.3057578985e-01    2.5132060000e+06    2.1286944605e+01    9.9996182323e-01
       244   -5.9332669071e+00    3.5244650609e+01   -9.9142642278e+00    3.9809973207e+00    8.0965824934e+00    7.0352112605e+00   -2.5770284091e+01    7.2422610893e-01    2.5191690000e+06    2.1249057395e+01    9.9996034338e-01
       245   -5.9346734011e+00    3.5264464482e+01   -9.9010195578e+00    3.9663461568e+00    8.0636134737e+00    7.0352112605e+00   -2.5744485850e+01    7.4464155808e-01    2.5368010000e+06    2.1111631746e+01    9.9995969538e-01
       246   -5.9328584332e+00    3.5239752438e+01   -9.8603499111e+00    3.9274914779e+00    8.0390630473e+00    7.0352112605e+00   -2.5639250173e+01    7.0462595416e-01    2.5465880000e+06    2.1108282455e+01    9.9996289587e-01
       247   -5.9306144919e+00    3.5216254538e+01   -9.8256172534e+00    3.8950027615e+00    8.0365933554e+00    7.0352112605e+00   -2.5618730760e+01    7.2130889079e-01    2.5301880000e+06    2.1918637349e+01    9.9996094772e-01
       248   -5.9334879662e+00    3.5249535860e+01   -9.8656869242e+00    3.9321989581e+00    8.0422703554e+00    7.0352112605e+00   -2.5650773179e+01    7.0760463920e-01    2.5397410000e+06    2.1578284582e+01    9.9996231877e-01
       249   -5.9304665975e+00    3.5213094856e+01   -9.8876935784e+00    3.9572269809e+00    8.0594807552e+00    7.0352112605e+00   -2.5724412880e+01    7.4202728578e-01    2.5294860000e+06    2.1340154536e+01    9.9995986263e-01
       250   -5.9343827616e+00    3.5256739999e+01   -9.8874314015e+00    3.9530486399e+00    8.0580369333e+00    7.0352112605e+00   -2.5675202607e+01    6.9452301145e-01    2.5405770000e+06    2.1232316027e+01    9.9996425767e-01
       251   -5.9305679633e+00    3.5217565079e+01   -9.8785955370e+00    3.9480275738e+00    8.0733876922e+00    7.0352112605e+00   -2.5732124556e+01    7.4493006601e-01    2.5417450000e+06    2.1356897881e+01    9.9996205192e-01
       252   -5.9336629330e+00    3.5249805346e+01   -9.8906118630e+00    3.9569489300e+00    8.0649247749e+00    7.0352112605e+00   -2.5722176054e+01    7.3142815514e-01    2.5337610000e+06    2.1421607889e+01    9.9996408266e-01
       253   -5.9291195439e+00    3.5200052038e+01   -9.8617593289e+00    3.9326397850e+00    8.0510099299e+00    7.0352112605e+00   -2.5667944939e+01    7.1996441979e-01    2.5163750000e+06    2.1137000127e+01    9.9996065277e-01
       254   -5.9310968228e+00    3.5220585377e+01   -9.8619648560e+00    3.9308680332e+00    8.0550588276e+00    7.0352112605e+00   -2.5673047455e+01    7.2081251112e-01    2.5081710000e+06    2.1470970697e+01    9.9996176925e-01
       255   -5.9288960403e+00    3.5196285684e+01   -9.8588782232e+00    3.9299821829e+00    8.0788107775e+00    7.0352112605e+00   -2.5722610132e+01    7.4970987125e-01    2.5140640000e+06    2.1359346089e+01    9.9996266907e-01
       256   -5.9351623629e+00    3.5272417151e+01   -9.8595667443e+00    3.9244043814e+00    8.0479539423e+00    7.0352112605e+00   -2.5669419653e+01    7.2668770548e-01    2.5157230000e+06    2.0925903447e+01    9.9995953225e-01
       257   -5.9332071020e+00    3.5243290104e+01   -9.8626048200e+00    3.9293977180e+00    8.0303926950e+00    7.0352112605e+00   -2.5630220286e+01    7.0201151023e-01    2.5291640000e+06    2.1251413252e+01    9.9996074612e-01
       258   -5.9344968334e+00    3.5264789990e+01   -9.8634402882e+00    3.9289434548e+00    8.0395620713e+00    7.0352112605e+00   -2.5652218940e+01    7.1400531960e-01    2.5376510000e+06    2.1367396565e+01    9.9996171068e-01
       259   -5.9319895812e+00    3.5235406059e+01   -9.8335870496e+00    3.9015974684e+00    8.0473585357e+00    7.0352112605e+00   -2.5655600515e+01    7.3944366930e-01    2.5161920000e+06    2.1216234505e+01    9.9996253042e-01
       260   -5.9297870281e+00    3.5204858201e+01   -9.8779071784e+00    3.9481201503e+00    8.0609807009e+00    7.0352112605e+00   -2.5678608369e+01    7.0450922964e-01    2.4968770000e+06    2.1379610699e+01    9.9996281109e-01
       261   -5.9306820114e+00    3.5220346000e+01   -9.8728938353e+00    3.9422118239e+00    8.0753056165e+00    7.0352112605e+00   -2.5694970525e+01    7.1155981311e-01    2.5111960000e+06    2.0967709297e+01    9.9996035033e-01
       262   -5.9373110938e+00    3.5295822774e+01   -9.9216689859e+00    3.9843578921e+00    8.0677513555e+00    7.0352112605e+00   -2.5747992007e+01    7.2336040485e-01    2.5101010000e+06    2.0852387395e+01    9.9996209422e-01
       263   -5.9339267807e+00    3.5257890596e+01   -9.9020062036e+00    3.9680794229e+00    8.0643083621e+00    7.0352112605e+00   -2.5751108759e+01    7.4958293239e-01    2.5244610000e+06    2.1016383528e+01    9.9996232753e-01
       264   -5.9320353818e+00    3.5231053632e+01   -9.8522870311e+00    3.9202516492e+00    8.0557600224e+00    7.0352112605e+00   -2.5642123603e+01    6.9886528912e-01    2.5159040000e+06    2.1262077991e+01    9.9996178714e-01
       265   -5.9319827446e+00    3.5234189265e+01   -9.8178991528e+00    3.8859164082e+00    8.0448988407e+00    7.0352112605e+00   -2.5589730209e+01    6.9172095524e-01    2.5096870000e+06    2.1074112909e+01    9.9996365061e-01
       266   -5.9314270652e+00    3.5223767987e+01   -9.8547043941e+00    3.9232773288e+00    8.0535781011e+00    7.0352112605e+00   -2.5658649474e+01    7.1515571857e-01    2.5044340000e+06    2.1441479971e+01    9.9996292777e-01
       267   -5.9326931924e+00    3.5244783762e+01   -9.8608631668e+00    3.9281699744e+00    8.0497110972e+00    7.0352112605e+00   -2.5642973939e+01    6.9718841495e-01    2.4969640000e+06    2.1404432557e+01    9.9996155599e-01
       268   -5.9316067147e+00    3.5228292844e+01   -9.8525749570e+00    3.9209682423e+00    8.0351087654e+00    7.0352112605e+00   -2.5631922498e+01    7.0902751487e-01    2.5177410000e+06    2.0869673375e+01    9.9996300657e-01
       269   -5.9320822035e+00    3.5235581868e+01   -9.8508394289e+00    3.9187572254e+00    8.0259869197e+00    7.0352112605e+00   -2.5648373076e+01    7.3633546647e-01    2.5254440000e+06    2.1229272051e+01    9.9996174042e-01
       270   -5.9345052382e+00    3.5268570643e+01   -9.8648680793e+00    3.9303628411e+00    8.0475560000e+00    7.0352112605e+00   -2.5709023699e+01    7.6138835899e-01    2.5269320000e+06    2.1808468244e+01    9.9996153115e-01
       271   -5.9352511740e+00    3.5278799900e+01   -9.8841959648e+00    3.9489447908e+00    8.0471741096e+00    7.0352112605e+00   -2.5666424346e+01    6.9984301072e-01    2.5180760000e+06    2.1040282640e+01    9.9996013933e-01
       272   -5.9307521777e+00    3.5220046417e+01   -9.8965667009e+00    3.9658145232e+00    8.0571796420e+00    7.0352112605e+00   -2.5707030480e+01    7.1807287658e-01    2.5204270000e+06    2.1394931167e+01    9.9995842860e-01
       273   -5.9337832062e+00    3.5253327231e+01   -9.8854923447e+00    3.9517091385e+00    8.0425923475e+00    7.0352112605e+00   -2.5708584934e+01    7.4528898108e-01    2.5168260000e+06    2.1042294661e+01    9.9996195703e-01
       274   -5.9325975150e+00    3.5244385306e+01   -9.8385908620e+00    3.9059933470e+00    8.0365757893e+00    7.0352112605e+00   -2.5647171581e+01    7.3679366933e-01    2.5147940000e+06    2.1059612717e+01    9.9996185200e-01
       275   -5.9338661702e+00    3.5255347703e+01   -9.8428851545e+00    3.9090189842e+00    8.0243611394e+00    7.0352112605e+00   -2.5625644625e+01    7.2318707025e-01    2.5182960000e+06    2.1065960236e+01    9.9995929321e-01
       276   -5.9293068411e+00    3.5200794626e+01   -9.8451922976e+00    3.9158854565e+00    8.0269924465e+00    7.0352112605e+00   -2.5615560928e+01    7.0816492364e-01    2.5114050000e+06    2.2036413082e+01    9.9996147052e-01
       277   -5.9310526076e+00    3.5222074591e+01   -9.8054497539e+00    3.8743971463e+00    8.0403011401e+00    7.0352112605e+00   -2.5611787143e+01    7.3082498825e-01    2.5093320000e+06    2.1607205551e+01    9.9996108846e-01
       278   -5.9317212416e+00    3.5223486745e+01   -9.8775589814e+00    3.9458377398e+00    8.0724641490e+00    7.0352112605e+00   -2.5698315307e+01    7.1308091585e-01    2.5109920000e+06    2.1019155702e+01    9.9996411542e-01
       279   -5.9319484006e+00    3.5240512137e+01   -9.8857052477e+00    3.9537568470e+00    8.0583399355e+00    7.0352112605e+00   -2.5705700089e+01    7.2644364509e-01    2.5231130000e+06    2.1378977689e+01    9.9996085501e-01
       280   -5.9330122815e+00    3.5249950151e+01   -9.8831992883e+00    3.9501870068e+00    8.0371029837e+00    7.0352112605e+00   -2.5705942758e+01    7.5042922587e-01    2.5352770000e+06    2.1777100858e+01    9.9995837634e-01
       281   -5.9346459561e+00    3.5263508643e+01   -9.8231495588e+00    3.8885036026e+00    8.0316228688e+00    7.0352112605e+00   -2.5605581839e+01    7.1559815062e-01    2.5149230000e+06    2.1491064753e+01    9.9996338417e-01
       282   -5.9326332184e+00    3.5239956617e+01   -9.8583171955e+00    3.9256839771e+00    8.0502231508e+00    7.0352112605e+00   -2.5656131706e+01    7.1238009947e-01    2.5288960000e+06    2.1335197076e+01    9.9996186675e-01
       283   -5.9301434580e+00    3.5211211534e+01   -9.8627755544e+00    3.9326320963e+00    8.0789866256e+00    7.0352112605e+00   -2.5694771460e+01    7.1779801950e-01    2.5383010000e+06    2.1200224650e+01    9.9995952076e-01
       284   -5.9321959225e+00    3.5232262572e+01   -9.9385702733e+00    4.0063743508e+00    8.1067296488e+00    7.0352112605e+00   -2.5788581065e+01    7.0806988200e-01    2.5240130000e+06    2.1516717131e+01    9.9996344549e-01
       285   -5.9316480628e+00    3.5227310705e+01   -9.9076742967e+00    3.9760262339e+00    8.0989208344e+00    7.0352112605e+00   -2.5782054328e+01    7.4024793628e-01    2.5289750000e+06    2.1583818881e+01    9.9996199053e-01
       286   -5.9325787544e+00    3.5243058829e+01   -9.9318520335e+00    3.9992732790e+00    8.0939364966e+00    7.0352112605e+00   -2.5803427659e+01    7.4242786883e-01    2.5329730000e+06    2.1163308051e+01    9.9995829305e-01
       287   -5.9298345416e+00    3.5205765033e+01   -9.8973520248e+00    3.9675174833e+00    8.0724073513e+00    7.0352112605e+00   -2.5740206308e+01    7.3523567139e-01    2.5255040000e+06    2.1361676883e+01    9.9996293334e-01
       288   -5.9292670680e+00    3.5201557289e+01   -9.8902583922e+00    3.9609913242e+00    8.0580929421e+00    7.0352112605e+00   -2.5739111514e+01    7.5554891918e-01    2.5143690000e+06    2.1657381600e+01    9.9996068046e-01
       289   -5.9361064175e+00    3.5283231452e+01   -9.9377171629e+00    4.0016107454e+00    8.0871820545e+00    7.0352112605e+00   -2.5779452703e+01    7.1934222462e-01    2.5217410000e+06    2.1007155278e+01    9.9996629601e-01
       290   -5.9363553050e+00    3.5288114381e+01   -9.8885607330e+00    3.9522054279e+00    8.0818894921e+00    7.0352112605e+00   -2.5753908730e+01    7.4824724413e-01    2.5242220000e+06    2.1163110635e+01    9.9996108816e-01
       291   -5.9290643202e+00    3.5199247590e+01   -9.8796134350e+00    3.9505491148e+00    8.0703418778e+00    7.0352112605e+00   -2.5731663444e+01    7.4649687056e-01    2.5384970000e+06    2.1435743965e+01    9.9996049883e-01
       292   -5.9282657518e+00    3.5188621395e+01   -9.8711051297e+00    3.9428393778e+00    8.0404853510e+00    7.0352112605e+00   -2.5655496822e+01    7.0869508115e-01    2.5362760000e+06    2.1482599731e+01    9.9995959093e-01
       293   -5.9322949843e+00    3.5236430249e+01   -9.8417896868e+00    3.9094947025e+00    8.0611308272e+00    7.0352112605e+00   -2.5688468339e+01    7.5033656431e-01    2.5172060000e+06    2.1697957002e+01    9.9995872518e-01
       294   -5.9299101590e+00    3.5207764452e+01   -9.8680509574e+00    3.9381407983e+00    8.0390792867e+00    7.0352112605e+00   -2.5664425031e+01    7.2208352673e-01    2.5168350000e+06    2.1522605984e+01    9.9995984734e-01
       295   -5.9283331564e+00    3.5187008895e+01   -9.8993646267e+00    3.9710314703e+00    8.0450602729e+00    7.0352112605e+00   -2.5649105634e+01    6.6946947438e-01    2.5190000000e+06    2.1287358670e+01    9.9996082611e-01
       296   -5.9341632191e+00    3.5254525247e+01   -9.8685326023e+00    3.9343693832e+00    8.0661327468e+00    7.0352112605e+00   -2.5689144604e+01    7.1926799461e-01    2.5193710000e+06    2.0990145181e+01    9.9996334213e-01
       297   -5.9331415337e+00    3.5251476035e+01   -9.8392875788e+00    3.9061460450e+00    8.0608912765e+00    7.0352112605e+00   -2.5652656487e+01    7.1726637116e-01    2.5175520000e+06    2.1040916314e+01    9.9996197224e-01
       298   -5.9353081416e+00    3.5271545399e+01   -9.9110529196e+00    3.9757447781e+00    8.0660208061e+00    7.0352112605e+00   -2.5727551781e+01    7.1526679516e-01    2.5092370000e+06    2.1188741874e+01    9.9996082709e-01
       299   -5.9306585907e+00    3.5212888696e+01   -9.9253710335e+00    3.9947124428e+00    8.0864472123e+00    7.0352112605e+00   -2.5760077306e+01    7.1304779986e-01    2.5076740000e+06    2.1311423971e+01    9.9996121433e-01
       300   -5.9321657542e+00    3.5235316508e+01   -9.9152855145e+00    3.9831197603e+00    8.0821155572e+00    7.0352112605e+00   -2.5732989372e+01    7.0037703998e-01    2.5393760000e+06    2.1185394440e+01    9.9996264242e-01
       301   -5.9306385993e+00    3.5216862252e+01   -9.8964716641e+00    3.9658330648e+00    8.0607608710e+00    7.0352112605e+00   -2.5727211058e+01    7.3476726255e-01    2.5338360000e+06    2.1408149506e+01    9.9996390365e-01
       302   -5.9313110312e+00    3.5223088937e+01   -9.8805229117e+00    3.9492118806e+00    8.0759882944e+00    7.0352112605e+00   -2.5708417224e+01    7.1669475692e-01    2.5322910000e+06    2.1239391556e+01    9.9996011276e-01
       303   -5.9334237716e+00    3.5250461890e+01   -9.9111263289e+00    3.9777025573e+00    8.0640213747e+00    7.0352112605e+00   -2.5731227527e+01    7.2086856258e-01    2.5376150000e+06    2.1289587926e+01    9.9995965525e-01
       304   -5.9339892167e+00    3.5253825202e+01   -9.8622548129e+00    3.9282655961e+00    8.0364266458e+00    7.0352112605e+00   -2.5673635727e+01    7.3974300751e-01    2.5290640000e+06    2.1251054270e+01    9.9996133863e-01
       305   -5.9326284703e+00    3.5240194029e+01   -9.8746461635e+00    3.9420176932e+00    8.0563986097e+00    7.0352112605e+00   -2.5697582385e+01    7.3132635162e-01    2.4950460000e+06    2.1133123726e+01    9.9996157848e-01
       306   -5.9345135625e+00    3.5262941406e+01   -9.8888865578e+00    3.9543729954e+00    8.0934982816e+00    7.0352112605e+00   -2.5776958593e+01    7.5936249316e-01    2.5040930000e+06    2.1087185523e+01    9.9996549655e-01
       307   -5.9360186134e+00    3.5278979110e+01   -9.9284602456e+00    3.9924416322e+00    8.0618822383e+00    7.0352112605e+00   -2.5726094602e+01    7.0054085763e-01    2.5195820000e+06    2.1455857789e+01    9.9996000432e-01
       308   -5.9295588806e+00    3.5204605147e+01   -9.8401170954e+00    3.9105582149e+00    8.0627680283e+00    7.0352112605e+00   -2.5646337460e+01    7.0824107540e-01    2.5185920000e+06    2.1102662832e+01    9.9996100042e-01
       309   -5.9348986506e+00    3.5264810133e+01   -9.8763961778e+00    3.9414975271e+00    8.0803298745e+00    7.0352112605e+00   -2.5693571686e+01    7.0163437279e-01    2.5133040000e+06    2.1438284603e+01    9.9996329876e-01
       310   -5.9363351695e+00    3.5285444958e+01   -9.8911445154e+00    3.9548093459e+00    8.0741731649e+00    7.0352112605e+00   -2.5708291009e+01    7.0776206867e-01    2.5081080000e+06    2.1322617681e+01    9.9996062308e-01
       311   -5.9336342805e+00    3.5247789623e+01   -9.9183538722e+00    3.9847195917e+00    8.0558132351e+00    7.0352112605e+00   -2.5698790329e+01    6.8941196121e-01    2.5149450000e+06    2.1219920160e+01    9.9996357444e-01
       312   -5.9342914689e+00    3.5260252542e+01   -9.8880233193e+00    3.9537318504e+00    8.0701958940e+00    7.0352112605e+00   -2.5716564362e+01    7.2313388856e-01    2.5243830000e+06    2.1618447623e+01    9.9996202805e-01
       313   -5.9312037480e+00    3.5223659912e+01   -9.8568662973e+00    3.9256625493e+00    8.0803500130e+00    7.0352112605e+00   -2.5698341046e+01    7.2591347517e-01    2.5121970000e+06    2.1447969582e+01    9.9995929760e-01
       314   -5.9328098848e+00    3.5242795169e+01   -9.8737465577e+00    3.9409366729e+00    8.0520864508e+00    7.0352112605e+00   -2.5664900966e+01    7.0385669664e-01    2.5132060000e+06    2.1226055829e+01    9.9996045743e-01
       315   -5.9310311264e+00    3.5222654529e+01   -9.8440031329e+00    3.9129720065e+00    8.0184630147e+00    7.0352112605e+00   -2.5613836911e+01    7.1615950301e-01    2.5415090000e+06    2.0833582855e+01    9.9996164015e-01
       316   -5.9296380529e+00    3.5205206257e+01   -9.8501485097e+00    3.9205104568e+00    8.0349329336e+00    7.0352112605e+00   -2.5631776079e+01    7.1148337536e-01    2.5382440000e+06    2.1116658910e+01    9.9996064935e-01
       317   -5.9315316162e+00    3.5233043120e+01   -9.8618547944e+00    3.9303231782e+00    8.0336333822e+00    7.0352112605e+00   -2.5647775592e+01    7.1707615465e-01    2.5329240000e+06    2.1053459292e+01    9.9995975950e-01
       318   -5.9300641841e+00    3.5211203265e+01   -9.8492064379e+00    3.9191422538e+00    8.0341020183e+00    7.0352112605e+00   -2.5626562008e+01    7.0804229178e-01    2.5175540000e+06    2.0984518488e+01    9.9996140197e-01
       319   -5.9316048786e+00    3.5229561285e+01   -9.8419414629e+00    3.9103365844e+00    8.0482034531e+00    7.0352112605e+00   -2.5645984777e+01    7.2062860031e-01    2.5096470000e+06    2.1163435908e+01    9.9996281651e-01
       320   -5.9335457543e+00    3.5251285090e+01   -9.8459852876e+00    3.9124395333e+00    8.0175086739e+00    7.0352112605e+00   -2.5613214971e+01    7.1450974867e-01    2.5140410000e+06    2.1299990901e+01    9.9996203475e-01
       321   -5.9330299967e+00    3.5242881434e+01   -9.8678067790e+00    3.9347767823e+00    8.0111264738e+00    7.0352112605e+00   -2.5601677115e+01    6.8753260146e-01    2.5117490000e+06    2.1063637042e+01    9.9996368828e-01
       322   -5.9305721735e+00    3.5210773599e+01   -9.8818549510e+00    3.9512827776e+00    8.0428868980e+00    7.0352112605e+00   -2.5639260743e+01    6.7930763311e-01    2.4947390000e+06    2.1226320555e+01    9.9996236237e-01
       323   -5.9299966092e+00    3.5206540758e+01   -9.8747696753e+00    3.9447730662e+00    8.0341630432e+00    7.0352112605e+00   -2.5660993440e+01    7.1684946120e-01    2.4959810000e+06    2.0958935447e+01    9.9996208401e-01
       324   -5.9331487237e+00    3.5242387974e+01   -9.8685297858e+00    3.9353810621e+00    8.0214984028e+00    7.0352112605e+00   -2.5607059334e+01    6.8181988526e-01    2.4980870000e+06    2.0900364955e+01    9.9996417500e-01
       325   -5.9341291704e+00    3.5255747688e+01   -9.8551071414e+00    3.9209779709e+00    8.0249505182e+00    7.0352112605e+00   -2.5618122435e+01    7.0285351463e-01    2.5297980000e+06    2.1099465032e+01    9.9996327430e-01
       326   -5.9328581383e+00    3.5241355513e+01   -9.8477375368e+00    3.9148793985e+00    8.0354866591e+00    7.0352112605e+00   -2.5637706583e+01    7.1927112712e-01    2.5320370000e+06    2.0968213338e+01    9.9996083710e-01
       327   -5.9331562759e+00    3.5246992783e+01   -9.8906953475e+00    3.9575390716e+00    8.0561869341e+00    7.0352112605e+00   -2.5720448692e+01    7.3835514950e-01    2.5200630000e+06    2.1465587273e+01    9.9996131739e-01
       328   -5.9314194738e+00    3.5222837107e+01   -9.9133577789e+00    3.9819383051e+00    8.0598427261e+00    7.0352112605e+00   -2.5741602509e+01    7.3319074342e-01    2.5158730000e+06    2.1219997669e+01    9.9996110406e-01
       329   -5.9302134642e+00    3.5218483694e+01   -9.8885181881e+00    3.9583047239e+00    8.0647323338e+00    7.0352112605e+00   -2.5712216477e+01    7.2375469421e-01    2.5105470000e+06    2.1042222174e+01    9.9996064119e-01
       330   -5.9302584272e+00    3.5214714701e+01   -9.8590814251e+00    3.9288229978e+00    8.0478564990e+00    7.0352112605e+00   -2.5657928302e+01    7.1577911789e-01    2.5042130000e+06    2.1192228148e+01    9.9996186749e-01
       331   -5.9305869590e+00    3.5214375625e+01   -9.8660883624e+00    3.9355014034e+00    8.0298420174e+00    7.0352112605e+00   -2.5634201758e+01    7.0306011822e-01    2.4982650000e+06    2.1497305601e+01    9.9996006722e-01
       332   -5.9262139144e+00    3.5163379689e+01   -9.8761837232e+00    3.9499698088e+00    8.0581291320e+00    7.0352112605e+00   -2.5679909786e+01    7.1038567047e-01    2.5138560000e+06    2.0892016893e+01    9.9996254434e-01
       333   -5.9304684961e+00    3.5212237669e+01   -9.8971849073e+00    3.9667164113e+00    8.0818970519e+00    7.0352112605e+00   -2.5733176532e+01    7.1888331199e-01    2.5258370000e+06    2.1248427664e+01    9.9996386220e-01
