  #              1               2               3               4
    1    0.6007754810   -0.0005024115   -0.7175135674    0.0044821891
    2   -0.0056389926   -0.0000090460    0.0053831750    0.0088827284
    3   -0.0435219489    0.0000704340   -0.0413742446   -0.0265376201
    4   -0.0961060539    0.0001964935   -0.0014887197   -0.0807481953
    5    0.0009243081    0.0000235698    0.0235999699   -0.0149145103
    6   -0.1784961527    0.2245870450   -0.4656486430    0.0574957065
    7    0.0000002687   -0.0000017616   -0.0000084855    0.4095989026
    8    0.1727576991    0.2324572783    0.4497828430   -0.0537285453
    9    0.0088133562   -0.0167382725    0.0007973026    0.0036482321
   10    0.0000000189   -0.0000000988   -0.0000005935   -0.0528134810
   11   -0.0085390171   -0.0173036215   -0.0007678039   -0.0033354231
   12   -0.0254378691    0.0565434390   -0.0040245909   -0.0134288181
   13   -0.0000000818    0.0000003728    0.0000025778    0.1693322361
   14    0.0246587561    0.0584571542    0.0038788337    0.0118704217
   15   -0.0267805496    0.0529618124    0.0137898673   -0.0109773552
   16    0.0000000088    0.0000003783   -0.0000003018    0.4636449731
   17    0.0259504656    0.0547517830   -0.0133287150    0.0100744497
   18    0.0049597043   -0.0056405307    0.0039856750   -0.0009501157
   19   -0.0000000148    0.0000001412    0.0000004654   -0.0126229384
   20   -0.0047995337   -0.0058350504   -0.0038491981    0.0008635186
   21    0.0055598994   -0.0251502050    0.0049947142   -0.0001742220
   22   -0.0000000016   -0.0000000202    0.0000000664    0.0350682734
   23   -0.0000026408   -0.0010053794   -0.0005807259   -0.0000136785
   24   -0.0111576133    0.0000073369   -0.0099517038    0.0003158754
   25    0.0000000024   -0.0000000539   -0.0000000745   -0.0337431353
   26    0.0055977139    0.0251428681    0.0049569896   -0.0001416534
   27    0.0114751905   -0.0478451819    0.0122768030   -0.0012781249
   28   -0.0000000229    0.0000001790    0.0000007753    0.1119598265
   29    0.0027935343   -0.0019155290   -0.0038252701    0.0003460746
   30   -0.0231901231    0.0000113860   -0.0243174318    0.0031013090
   31    0.0000000253    0.0000000935   -0.0000007980   -0.1091361955
   32    0.0117149326    0.0478337959    0.0120406288   -0.0018231841
   33    0.0145719176   -0.0350712095    0.0194026417   -0.0063571212
   34   -0.0000000921   -0.0000006296    0.0000028988    0.1187006728
   35    0.0054705728   -0.0014076670   -0.0097943366    0.0005365228
   36   -0.0295237340    0.0000015554   -0.0382149469    0.0119725780
   37    0.0000000860   -0.0000010219   -0.0000027701   -0.1110899908
   38    0.0149518164    0.0350696541    0.0188123052   -0.0056154568
   39    0.0052284020   -0.0117625691    0.0072298134   -0.0014115501
   40   -0.0000000060   -0.0000000236    0.0000001755    0.0032182335
   41    0.0029657968   -0.0004729468   -0.0045282073    0.0001407209
   42   -0.0106520303    0.0000030839   -0.0141872065    0.0026533020
   43    0.0000000065   -0.0000000789   -0.0000002103   -0.0032353644
   44    0.0054236283    0.0117594852    0.0069573931   -0.0012417518
   45   -0.0060113234    0.0064633237   -0.0009622569    0.0001281750
   46   -0.0000000024    0.0000002663    0.0000000768    0.0145703639
   47   -0.0058563916   -0.0048207572   -0.0025605649    0.0004925681
   48    0.0028881687   -0.0031961281   -0.0010516987    0.0000191129
   49   -0.0000000048    0.0000000720    0.0000001527   -0.0159866986
   50    0.0051768679   -0.0054753306    0.0023427018   -0.0001910778
   51    0.0000000010   -0.0000000333   -0.0000000307   -0.0211932864
   52   -0.0027947250   -0.0033043412    0.0010165318    0.0001078128
   53    0.0000000010   -0.0000002216   -0.0000000357    0.0138634136
   54    0.0064481616    0.0060560908    0.0011508543   -0.0004474975
   55   -0.0091183465    0.0018281725    0.0005345843    0.0036292388
   56    0.0000000774    0.0000000119   -0.0000024283    0.0262565498
   57   -0.0083154604   -0.0038286992   -0.0032538912    0.0020540224
   58    0.0049038911    0.0017368379   -0.0037721141   -0.0030713350
   59    0.0000000068   -0.0000009631   -0.0000002343   -0.0412787991
   60    0.0073296544   -0.0041895888    0.0030548940   -0.0017977998
   61   -0.0000001197    0.0000007461    0.0000038018   -0.0391223806
   62   -0.0047342496    0.0017962735    0.0036437168    0.0030257493
   63    0.0000000832   -0.0000010129   -0.0000026723    0.0262316317
   64    0.0097266796    0.0015148807   -0.0002905588   -0.0037862383
   65   -0.0040850314    0.0028849543   -0.0001795027    0.0013421492
   66    0.0000000127    0.0000002232   -0.0000003967   -0.0034844839
   67   -0.0051295940   -0.0016383325   -0.0003597768    0.0009160855
   68    0.0008891191   -0.0019744224   -0.0000863718   -0.0009848021
   69    0.0000000016   -0.0000002314   -0.0000000600   -0.0124003451
   70    0.0045915257   -0.0018961500    0.0003272000   -0.0008158800
   71   -0.0000000211    0.0000001364    0.0000006755    0.0051945622
   72   -0.0008617714   -0.0020455733    0.0000835452    0.0008898595
   73    0.0000000156   -0.0000004062   -0.0000005096   -0.0034847526
   74    0.0044657000    0.0027458213    0.0002058909   -0.0013460720
   75    0.0031066118   -0.0007376320    0.0002794190   -0.0003732214
   76   -0.0000000017   -0.0000000626    0.0000000452   -0.0022434041
   77    0.0004234591    0.0007934447    0.0001590876   -0.0002182225
   78   -0.0010174765    0.0012275797    0.0003789092    0.0003046192
   79    0.0000000045   -0.0000000366   -0.0000001424   -0.0009439964
   80   -0.0044396603    0.0000681595   -0.0008697423    0.0003509890
   81    0.0000000041   -0.0000000322   -0.0000001252    0.0019966031
   82   -0.0003824943    0.0000493606   -0.0003035241   -0.0000133197
   83   -0.0000000033    0.0000001271    0.0000001074    0.0003311184
   84   -0.0001383647   -0.0008302360    0.0000671459    0.0002281504
   85    0.0011725511   -0.0000005210   -0.0004209673   -0.0002579845
   86   -0.0000000048    0.0000000092    0.0000001542   -0.0018247724
   87   -0.0010422504   -0.0012266645    0.0003605705    0.0001485615
   88    0.0000000015    0.0000000181   -0.0000000480    0.0025283858
   89    0.0031207150    0.0006595080    0.0002898588   -0.0002843817
   90    0.0023261699    0.0007772592   -0.0009625173   -0.0013471720
   91   -0.0000000488    0.0000003919    0.0000015510   -0.0049013331
   92    0.0004070744    0.0009235788   -0.0004650522    0.0000815030
   93   -0.0005210213   -0.0014383167    0.0008891046    0.0008185542
   94    0.0000000076    0.0000007202   -0.0000002192    0.0018880427
   95   -0.0035651757    0.0000729676    0.0008016727    0.0015479152
   96    0.0000000676    0.0000000360   -0.0000021445    0.0044658727
   97   -0.0004981873   -0.0000568023    0.0010830891   -0.0001751926
   98   -0.0000000252   -0.0000005742    0.0000007962    0.0005842315
   99   -0.0000357475   -0.0008812409   -0.0003422348    0.0000490778
  100    0.0006089318    0.0000011810   -0.0010494805   -0.0010848905
  101   -0.0000000587    0.0000004075    0.0000018709   -0.0069856454
  102   -0.0005486406    0.0014362422    0.0009544339    0.0010871862
  103    0.0000000530   -0.0000009443   -0.0000017075    0.0055783814
  104    0.0023418930   -0.0008591554   -0.0009997077   -0.0015000975
  105    0.4941150593    0.5732685465    0.1897597946    0.0003418850
  106   -0.0034623838   -0.0092111676   -0.0127336436    0.0029677337
  107   -0.0905802804   -0.0651464878   -0.0423025000    0.0414030271
  108   -0.0822416863   -0.0374179909    0.0065262493    0.0250974338
  109   -0.0191103034   -0.0172553379   -0.0053464910   -0.0015716225
  110   -0.0062129389    0.0029332321    0.0091116975   -0.0011675804
  111   -0.0000000684    0.0000008445    0.0000022065   -0.0006840262
  112   -0.0052629660    0.0006158336    0.0169975839   -0.0118432421
  113   -0.0046692189    0.0085784878   -0.0048539064   -0.0009534396
  114   -0.0000001329    0.0000017136    0.0000042791   -0.0185886229
  115   -0.0169100545   -0.0227214617   -0.0052797956   -0.0106908596
  116   -0.0016019347    0.0026147124   -0.0031096579    0.0000417072
  117    0.0000000087   -0.0000002069   -0.0000002814    0.0120590145
  118   -0.0090195583   -0.0092483440   -0.0000971781    0.0001129638
  119   -0.0002632524    0.0004197594   -0.0006023128   -0.0000039286
  120   -0.0000000010    0.0000000256    0.0000000338   -0.0002797413
  121   -0.0019229403   -0.0015050075    0.0002044564    0.0000006249
  122   -0.0040531580   -0.0010722129   -0.0011538258   -0.0009532980
  123    0.0000000099    0.0000008573   -0.0000002951    0.0065105774
  124    0.0011907455   -0.0018166906   -0.0031440912    0.0008992782
  125   -0.0012638743    0.0000677335   -0.0001398928   -0.0019334186
  126    0.0000000449   -0.0000003680   -0.0000014496    0.0201307481
  127    0.0053170323    0.0010044793    0.0012937187    0.0028867166
  128   -0.0012536963   -0.0017673602   -0.0005050820   -0.0001857991
  129    0.0000000024   -0.0000000100   -0.0000000770   -0.0005033552
  130    0.0009805818   -0.0018578844    0.0011729454    0.0000723791
  131   -0.0014685568   -0.0006890151   -0.0001624207   -0.0003666729
  132    0.0000000063    0.0000000223   -0.0000002009    0.0004219453
  133    0.0027222531    0.0024563754    0.0006675027    0.0005524720
  134   -0.0002372738   -0.0003559663    0.0000365272    0.0000149933
  135   -0.0000000004    0.0000000024    0.0000000143    0.0000406159
  136    0.0000675778   -0.0000492199    0.0001732785   -0.0000080182
  137   -0.0002032169   -0.0003398564   -0.0000233026    0.0000397882
  138   -0.0000000009    0.0000000015    0.0000000301   -0.0005956191
  139    0.0004404907    0.0006958227   -0.0000132246   -0.0000547814
  140    0.0005167506   -0.0008225904   -0.0003790065    0.0001339861
  141   -0.0000001212   -0.0000000470    0.0000038331   -0.0001548866
  142    0.0007434446   -0.0000392401    0.0007495620    0.0002365729
  143   -0.0004529631    0.0002440234   -0.0001620494    0.0002485953
  144   -0.0000000151    0.0000000724    0.0000004804   -0.0028958841
  145   -0.0002403306    0.0008595975    0.0006705400   -0.0004283565
  146    0.0000000996    0.0000000362   -0.0000031519    0.0036302289
  147    0.0008096240   -0.0007804828    0.0002522565    0.0010897809
  148   -0.0000000124   -0.0000000016    0.0000003957   -0.0047155766
  149   -0.0011575890    0.0006109854   -0.0007467114   -0.0009886058
  150    0.0000705907   -0.0000552675    0.0001329143   -0.0000063267
  151    0.0000000132   -0.0000000024   -0.0000004173    0.0000092813
  152    0.0001372037    0.0001979324    0.0000127637   -0.0000034586
  153    0.0001028956   -0.0001078225    0.0000509374   -0.0000181040
  154    0.0000000009   -0.0000000013   -0.0000000301    0.0002708284
  155   -0.0001976029    0.0001819716   -0.0002292607    0.0000265922
  156   -0.0000000104    0.0000000003    0.0000003282   -0.0004807579
  157    0.0001372827    0.0000807994    0.0000557126   -0.0000778652
  158    0.0000000007    0.0000000019   -0.0000000231    0.0006357231
  159   -0.0002045901   -0.0002077544   -0.0000510392    0.0000606152
  160    0.4932497645   -0.5739917890    0.1898269595    0.0001734054
  161   -0.0034490691    0.0092059552   -0.0127342659    0.0029003658
  162   -0.0904847087    0.0651517695   -0.0423101296    0.0410258419
  163   -0.0821863582    0.0374668880    0.0065203305    0.0245142316
  164   -0.0190842944    0.0172875423   -0.0053478598   -0.0012191899
  165    0.0050450233    0.0004698380   -0.0166735158    0.0109804055
  166   -0.0000000586   -0.0000003008    0.0000018128    0.0006645463
  167    0.0063958492    0.0029382666   -0.0096961113    0.0008677838
  168    0.0167034142   -0.0230600006    0.0051092864    0.0096067913
  169   -0.0000001261    0.0000000283    0.0000038974   -0.0153570471
  170    0.0052633961    0.0077768180    0.0050315136    0.0006229531
  171    0.0089446225   -0.0093466027   -0.0000092248   -0.0000225844
  172    0.0000000068    0.0000001119   -0.0000002091    0.0115396502
  173    0.0019165341    0.0022905229    0.0031111468    0.0000915502
  174    0.0019103882   -0.0015215321   -0.0002250040   -0.0000052304
  175   -0.0000000009   -0.0000000135    0.0000000249   -0.0002146539
  176    0.0003301894    0.0003670119    0.0005948085   -0.0000097391
  177    0.0052329209   -0.0011255660    0.0014775444    0.0019237341
  178   -0.0000000356   -0.0000001462    0.0000010878   -0.0196103721
  179    0.0015647680    0.0017248173   -0.0030406707    0.0001481155
  180   -0.0012640467   -0.0000611791   -0.0001385255   -0.0012060429
  181    0.0000000182   -0.0000008328   -0.0000005912   -0.0079016639
  182   -0.0039688741    0.0011867451   -0.0013390188   -0.0007176912
  183    0.0026548689   -0.0025681688    0.0005960636    0.0005160976
  184   -0.0000000077    0.0000000983    0.0000002418   -0.0002774885
  185    0.0011395456    0.0016828141    0.0012168596    0.0001522435
  186   -0.0014675057    0.0006922886   -0.0001624401   -0.0003392776
  187   -0.0000000057    0.0000000649    0.0000001814    0.0003569126
  188   -0.0011873632    0.0018758802   -0.0004336235   -0.0001768201
  189    0.0004345804   -0.0006980150   -0.0000234478   -0.0000475736
  190    0.0000000011   -0.0000000103   -0.0000000342    0.0005708140
  191    0.0000944913    0.0000070163    0.0001708699   -0.0000139723
  192   -0.0002027050    0.0003400473   -0.0000233544    0.0000339661
  193    0.0000000010   -0.0000000086   -0.0000000310    0.0000087229
  194   -0.0002318755    0.0003579677    0.0000468022    0.0000136075
  195    0.0011358118    0.0005396118    0.0007941484    0.0004425967
  196   -0.0000000116    0.0000000532    0.0000003636   -0.0047576230
  197    0.0003449121    0.0008844160   -0.0005817963   -0.0000453348
  198   -0.0008260280   -0.0007847885   -0.0002565619   -0.0005132293
  199   -0.0000000071   -0.0000002077    0.0000002189   -0.0031098736
  200   -0.0006978235    0.0000608233   -0.0008089000   -0.0000805765
  201    0.0000001059   -0.0000009270   -0.0000033740    0.0047008371
  202    0.0004250061    0.0002169045    0.0001533903   -0.0001835907
  203   -0.0000001304    0.0000011905    0.0000041630   -0.0015492118
  204   -0.0005738631   -0.0008208758    0.0003193150    0.0001706310
  205    0.0001882549   -0.0002210508    0.0000332790   -0.0000302741
  206    0.0000000007   -0.0000000104   -0.0000000238    0.0006419278
  207    0.0002158626    0.0001575714    0.0002313611   -0.0000051567
  208   -0.0001335120    0.0000844958   -0.0000539991    0.0000378394
  209    0.0000000001    0.0000000190   -0.0000000023    0.0003163561
  210   -0.0001190585    0.0002120750    0.0000093506    0.0000027776
  211   -0.0000000110    0.0000000982    0.0000003514   -0.0005868882
  212   -0.0001077438   -0.0001048590   -0.0000528274    0.0000183164
  213    0.0000000140   -0.0000001214   -0.0000004476    0.0001454653
  214   -0.0000805870   -0.0000392895   -0.0001330712   -0.0000098087


  #              5               6               7               8
    1   -0.0015246714    0.6241655040   -0.0382849147    0.0134956666
    2   -0.0030241339   -0.1433322509    0.0393518630    0.0267377609
    3    0.0090485284    0.7006317370   -0.0828772249   -0.0799237263
    4    0.0274010672    1.2295694198   -0.7059087309   -0.2429148724
    5    0.0050412975    0.0159663887   -0.3055280999   -0.0446715791
    6   -0.1269264911   -1.0264060669    0.7936199962    0.1644668466
    7   -0.0001902437   -0.0053174531   -0.0099116249   -0.6711222087
    8   -0.0930270247    0.9934031993   -0.7630538093   -0.1703610112
    9    0.0375853973   -0.0109627448    0.0632737195    0.0100804588
   10   -0.0000445196   -0.0003720682   -0.0007025067   -0.0624198208
   11    0.0413189524    0.0107976520   -0.0607442174   -0.0109339900
   12   -0.1201959040    0.0387367698   -0.2381274090   -0.0351488358
   13    0.0002654772    0.0016155521    0.0030194722    0.2169427214
   14   -0.1331646700   -0.0386649163    0.2278010498    0.0410131173
   15   -0.4928098721   -0.3656837480   -0.5469740197   -0.0304023142
   16   -0.0005737992   -0.0001855390   -0.0001730079    0.2019175439
   17   -0.5173736015    0.3527757417    0.5273626539    0.0326887500
   18    0.0811393139    0.0562545529   -0.0024227768   -0.0026120252
   19   -0.0000467163    0.0002921314    0.0005675007    0.0670958337
   20    0.0833681543   -0.0544184999    0.0022235985    0.0029450632
   21   -0.0389823932   -0.0041207609   -0.0075825695   -0.0003467654
   22   -0.0000278906    0.0000397171   -0.0000253951   -0.0676915428
   23   -0.0015560159    0.0046166254    0.1043567787   -0.0000989871
   24   -0.0001073149    0.0079267909    0.0088390607    0.0009462110
   25   -0.0000262034   -0.0000467575   -0.0000888385    0.0659563169
   26    0.0390897081   -0.0038060299   -0.0012564911   -0.0005994456
   27   -0.0933749956    0.0350244414   -0.0282510622   -0.0064563361
   28    0.0001801408    0.0004795088    0.0005195164   -0.2606291583
   29   -0.0038681904    0.0163433479    0.3235947233    0.0006833973
   30   -0.0010564321   -0.0703892697    0.0382527866    0.0093012009
   31   -0.0001525568   -0.0004995842   -0.0009255717    0.2107408337
   32    0.0944314277    0.0353648284   -0.0100017244   -0.0028448648
   33   -0.0596500037    0.0997128955   -0.0851820725   -0.0157419486
   34    0.0003638408    0.0018141047    0.0032362252   -0.0477662645
   35   -0.0026465521    0.0188649408    0.1753174283    0.0017135836
   36   -0.0040695420   -0.2013933276    0.1584134099    0.0359809579
   37   -0.0008098024   -0.0017311505   -0.0029828740    0.0725276866
   38    0.0637195457    0.1016804321   -0.0732313374   -0.0202390093
   39   -0.0310839845    0.0184456167   -0.0348554844   -0.0034885645
   40   -0.0000198526    0.0001111021    0.0002465053    0.0135179559
   41   -0.0013075991    0.0169181856   -0.0501133800    0.0004766541
   42   -0.0008958171   -0.0380589309    0.0724037215    0.0079389489
   43   -0.0000641927   -0.0001313576   -0.0002244848   -0.0164992111
   44    0.0319798015    0.0196133142   -0.0375482371   -0.0044503844
   45   -0.0074061520   -0.0171393606   -0.0180301723    0.0018537034
   46    0.0001143104    0.0000487905    0.0001470417    0.0544615727
   47    0.0034449814   -0.0061580288   -0.0122947210    0.0002928095
   48    0.0056520023    0.0177261558    0.0130104981   -0.0005471649
   49   -0.0000307009    0.0000957869    0.0001837995    0.0183799866
   50    0.0042843934    0.0052687094    0.0111795165   -0.0019398392
   51    0.0000336788   -0.0000195101   -0.0000648847   -0.0685891838
   52    0.0058205470   -0.0169789257   -0.0123098127   -0.0002769561
   53   -0.0001594952   -0.0000226149   -0.0000599897    0.0375604739
   54   -0.0069061171    0.0172452677    0.0183391366   -0.0000118164
   55   -0.0432278855   -0.0954261169    0.0272581039    0.0109724442
   56    0.0000078834   -0.0015218988   -0.0028222919   -0.0545241495
   57    0.0257679127   -0.0660178987    0.0412141355    0.0063800138
   58    0.0270482230    0.0708761890    0.0006867142   -0.0095461418
   59    0.0012025826   -0.0001471003   -0.0002778240   -0.0069094976
   60    0.0309480713    0.0571513815   -0.0372572981   -0.0051749370
   61    0.0001370748    0.0023798225    0.0042844384    0.0593685983
   62    0.0258913299   -0.0684025892   -0.0005413301    0.0088247883
   63   -0.0001917886   -0.0016709681   -0.0029258854   -0.0251271834
   64   -0.0385045260    0.1001911162   -0.0303157193   -0.0113329904
   65   -0.0155640853   -0.0228587287    0.0239738327    0.0037262279
   66    0.0001209659   -0.0002483870   -0.0004614232    0.0027503719
   67    0.0218713145   -0.0213265291    0.0119921559    0.0028043923
   68   -0.0038578061    0.0118601065   -0.0220236142   -0.0026830828
   69    0.0003018227   -0.0000370731   -0.0000504210    0.0082431514
   70    0.0247392176    0.0188080963   -0.0101406577   -0.0023161766
   71    0.0000192570    0.0004224124    0.0007420681   -0.0065934401
   72   -0.0046403564   -0.0115279587    0.0211509158    0.0029558717
   73   -0.0001468019   -0.0003183388   -0.0005341656    0.0060956562
   74   -0.0128431979    0.0244882893   -0.0247033871   -0.0042934473
   75   -0.0004536718    0.0080607367    0.0022982916   -0.0007956676
   76    0.0000524049    0.0000287107    0.0000577346   -0.0047916017
   77    0.0121938611    0.0004381008   -0.0001167601    0.0012532288
   78   -0.0000598016   -0.0005580588   -0.0003491613    0.0001831243
   79    0.0000481115   -0.0000891169   -0.0001587988   -0.0009018029
   80    0.0008567305   -0.0136015936   -0.0036880640    0.0012145613
   81    0.0000112813   -0.0000788601   -0.0001496672    0.0027081533
   82    0.0000063074    0.0004076657   -0.0001717759   -0.0000596118
   83   -0.0000854441    0.0000672824    0.0001233405    0.0027952394
   84   -0.0121985623   -0.0007419569    0.0002447943   -0.0012087968
   85    0.0000878369    0.0007238971    0.0005846856   -0.0007797798
   86    0.0000388187    0.0000963251    0.0001681579   -0.0107062952
   87   -0.0000944945   -0.0007135534   -0.0006779093    0.0011866526
   88   -0.0000746789   -0.0000299013   -0.0000497963    0.0113784594
   89   -0.0004339219    0.0081492559    0.0024854396   -0.0013669512
   90    0.0070434987    0.0507788352   -0.0064369809   -0.0047647646
   91   -0.0004800930    0.0009711391    0.0017649675    0.0142332278
   92    0.0004742864    0.0058976960    0.0028482718   -0.0009354628
   93   -0.0118723276   -0.0085318777    0.0031006295    0.0037853830
   94   -0.0007162915   -0.0001374741   -0.0002524959    0.0277733060
   95   -0.0005004240   -0.0806672464    0.0082067008    0.0045844984
   96   -0.0004762135   -0.0013416453   -0.0023933972   -0.0064974482
   97   -0.0004045092   -0.0021954314   -0.0084054750   -0.0004866894
   98    0.0012830198    0.0004970863    0.0008431269   -0.0103786374
   99   -0.0001727830   -0.0042613181    0.0034167994    0.0012982196
  100    0.0003688642    0.0096072463   -0.0035693243   -0.0032533103
  101    0.0002109424    0.0011704470    0.0020674352   -0.0106726517
  102    0.0112243734   -0.0083444045    0.0031693174    0.0019294474
  103    0.0003229498   -0.0010679799   -0.0018792359   -0.0100283484
  104   -0.0061048767    0.0506721114   -0.0064760832   -0.0037082268
  105    0.5493446168   -0.7772413904    0.1098464162    0.0001414047
  106   -0.1663498101    0.0592187061    0.0799469288    0.0084456573
  107   -0.1864682097   -0.4504802925    0.4211249501    0.1228314694
  108    0.1005147294   -0.5741398863    0.0371549204    0.0728287792
  109    0.1003568286   -0.1294733670    0.0356270658   -0.0031100140
  110   -0.0771275076    0.0224035121    0.0951026393   -0.0004040393
  111    0.0004954458    0.0013786761    0.0023684163    0.1126115772
  112    0.0188806674    0.1528996402   -0.1110459466   -0.0317115984
  113   -0.0315770517   -0.0235548017    0.2458671760    0.0000470760
  114    0.0003709127    0.0026749311    0.0046529780    0.3527833076
  115   -0.0636799820    0.2189868652   -0.0454961509   -0.0270808911
  116   -0.0054482869   -0.0173676531    0.0548022282   -0.0006029931
  117   -0.0000843792   -0.0001759468   -0.0003028269    0.0833701621
  118   -0.0031941256   -0.0176924316   -0.0112759524   -0.0000724945
  119   -0.0013228103   -0.0000422169    0.0033640793    0.0000520839
  120    0.0000095235    0.0000211120    0.0000350974    0.0021170826
  121    0.0014193048   -0.0042365754   -0.0009479175    0.0000254642
  122   -0.0087387688    0.0450442119    0.0007318430   -0.0017973276
  123   -0.0011423868   -0.0001846021   -0.0003370667    0.0115631492
  124    0.0071336307   -0.0137810190   -0.0843088136   -0.0013092839
  125   -0.0099943622    0.0105039086   -0.0095070504   -0.0023519775
  126   -0.0004011705   -0.0009054100   -0.0015517080   -0.1097014611
  127    0.0187331310   -0.0555481205    0.0087752074    0.0041493051
  128    0.0017715239    0.0010874907   -0.0016825719   -0.0005471763
  129    0.0000129455   -0.0000481792   -0.0000827738    0.0067352277
  130    0.0047414219    0.0060905089   -0.0345649914    0.0005128515
  131   -0.0016560296    0.0043320979    0.0012386756   -0.0009728671
  132    0.0000326336   -0.0001256582   -0.0002220690   -0.0532912480
  133   -0.0001154944   -0.0054195886    0.0004438963    0.0015200435
  134   -0.0005681972   -0.0000554046    0.0000214381    0.0000417427
  135    0.0000002256    0.0000089558    0.0000152615   -0.0007183187
  136    0.0001619206    0.0000144615    0.0022473513   -0.0000440484
  137   -0.0000267791   -0.0005002419   -0.0003919627    0.0000926192
  138   -0.0000028688    0.0000188368    0.0000334099    0.0039420376
  139    0.0005949763    0.0005556465    0.0003705245   -0.0001343619
  140    0.0010194183    0.0018253263   -0.0048921442   -0.0010736823
  141    0.0000683225    0.0023988776    0.0042870629   -0.0004620903
  142   -0.0050524306   -0.0059343561   -0.0029141506   -0.0000788844
  143    0.0009037301    0.0018551393   -0.0033852484    0.0003591386
  144    0.0002613186    0.0003005619    0.0005357807   -0.0010219206
  145   -0.0022714233   -0.0043040716    0.0099487486    0.0010813574
  146   -0.0001048429   -0.0019724244   -0.0035294136   -0.0250198970
  147   -0.0030516073    0.0025705177    0.0033690302    0.0005584487
  148    0.0000723391    0.0002474074    0.0004481423    0.0340298045
  149    0.0060403933    0.0025072571   -0.0003390472   -0.0003574461
  150   -0.0004859351   -0.0001139046    0.0004289670    0.0000580450
  151   -0.0000118637   -0.0002611537   -0.0004665863    0.0000343649
  152    0.0006682221   -0.0010741275   -0.0002586190   -0.0000064655
  153    0.0009097226    0.0009069292    0.0001894286   -0.0000499951
  154   -0.0000229558   -0.0000188105   -0.0000337173   -0.0001271757
  155   -0.0002577723   -0.0007541101   -0.0007649483   -0.0000278804
  156    0.0000078671    0.0002053995    0.0003673995    0.0024872711
  157    0.0010822701   -0.0030498147   -0.0007416585   -0.0000456372
  158    0.0000013088   -0.0000144187   -0.0000263319   -0.0033713893
  159   -0.0013047398    0.0030738050    0.0007455629    0.0000388350
  160   -0.5495226112   -0.7774277238    0.1095083500    0.0012331829
  161    0.1643653893    0.0590929220    0.0797844373    0.0090643484
  162    0.1585266558   -0.4510659540    0.4202487972    0.1251233271
  163   -0.1174007791   -0.5747492155    0.0359628020    0.0766378286
  164   -0.0994066542   -0.1290694334    0.0363476669   -0.0053586576
  165    0.0138054282   -0.1530092664    0.1125766138    0.0368620669
  166   -0.0000334163    0.0011383505    0.0022489754    0.1200962852
  167   -0.0772475453   -0.0285040949   -0.0926505640    0.0060598018
  168   -0.0694455700   -0.2208550499    0.0518399132    0.0338930506
  169   -0.0002473453    0.0024496761    0.0049548933    0.4153730253
  170   -0.0344209389    0.0151485651   -0.2455758836    0.0052763812
  171   -0.0029582005    0.0171840044    0.0133471447   -0.0004859781
  172    0.0000666594   -0.0001307917   -0.0001848549    0.0827068996
  173   -0.0055716510    0.0181292795   -0.0540961978   -0.0003582704
  174    0.0014663754    0.0042271417    0.0010545396    0.0000048464
  175   -0.0000080941    0.0000157787    0.0000371555    0.0033876067
  176   -0.0012708676    0.0001730149   -0.0033572448    0.0000372196
  177   -0.0198944357   -0.0556407642    0.0119661274    0.0100695503
  178    0.0000461958    0.0006844684    0.0014142372    0.1096709508
  179   -0.0086207484   -0.0188164536   -0.0856357139    0.0047795421
  180    0.0110641564    0.0113404426   -0.0080183958   -0.0070738561
  181    0.0009324934   -0.0003704789   -0.0006951708   -0.0257523560
  182    0.0088302793    0.0443003217   -0.0039477316   -0.0029956943
  183    0.0000345694   -0.0058095783    0.0024483067    0.0017080341
  184    0.0000628232    0.0001520955    0.0003308477    0.0668854917
  185   -0.0047410008    0.0058743668   -0.0342927477    0.0002288858
  186    0.0018965550    0.0043621735    0.0012945106   -0.0011521050
  187   -0.0000049515    0.0001135416    0.0002031756   -0.0008585945
  188   -0.0019311245    0.0014474048   -0.0037428172   -0.0005559291
  189   -0.0005491775    0.0005614584    0.0002490744   -0.0001753794
  190   -0.0000063193   -0.0000214463   -0.0000427142   -0.0052244417
  191   -0.0001995682    0.0000351861    0.0022493231   -0.0000276427
  192    0.0000016643   -0.0005068390   -0.0004038707    0.0001300270
  193    0.0000009859   -0.0000193760   -0.0000349102    0.0001759830
  194    0.0005475132   -0.0000546194    0.0001547963    0.0000453524
  195    0.0057158003   -0.0034078068    0.0000689020    0.0037634499
  196    0.0000950768    0.0002281248    0.0004307688    0.0226162361
  197   -0.0017822385    0.0031379282   -0.0111794588    0.0024100374
  198   -0.0025384603   -0.0018502682   -0.0023213591   -0.0042470665
  199    0.0000729304    0.0001368985    0.0002364278   -0.0105422276
  200   -0.0051300905    0.0064223208    0.0022289174   -0.0008021314
  201   -0.0006312675   -0.0021114613   -0.0037723675   -0.0149106438
  202    0.0009570409   -0.0018248369    0.0034770108   -0.0010427910
  203    0.0007518574    0.0026046978    0.0046303933   -0.0026115081
  204    0.0006150659   -0.0009787205    0.0057410658   -0.0010190853
  205   -0.0012505386   -0.0030910329   -0.0007447863   -0.0002251499
  206   -0.0000050861   -0.0000149179   -0.0000281513   -0.0025488614
  207   -0.0003523206    0.0005626607    0.0007585446   -0.0001319308
  208    0.0010110611    0.0030338034    0.0006670129    0.0003014021
  209   -0.0000054887   -0.0000014531   -0.0000019116    0.0008001459
  210    0.0006667125    0.0011132525    0.0003322227    0.0000006683
  211    0.0000613343    0.0002198585    0.0003923745    0.0017047995
  212    0.0009333581   -0.0008036559   -0.0001687213    0.0000669205
  213   -0.0000772025   -0.0002800532   -0.0004982743    0.0002616328
  214   -0.0004330798    0.0001796272   -0.0004396283    0.0000484558

  #              9              10              11              12
    1   -0.0245195469   -0.0071319504   -0.5651023494   -1.2972626251
    2   -0.0485891349   -0.0141307867    0.0843333232   -0.4523961845
    3    0.1452099101    0.0422082041   -1.4160752008    0.4755526328
    4    0.4415531050    0.1284982198   -0.2194660543    0.8754263904
    5    0.0813468974    0.0237289404   -0.3546118046   -0.2291670877
    6   -0.2913736003   -0.2937926541    1.5729929137    1.4654731642
    7   -0.0382170629   -0.0012764394   -0.0006310475   -0.0122925023
    8    0.3175877880   -0.1239407949   -1.5193981104   -1.4109414236
    9   -0.0175418555    0.0458051861    0.1595435864    0.1152296043
   10   -0.0037712129   -0.0001447254   -0.0000442173   -0.0008594927
   11    0.0207049867    0.0587357492   -0.1541019508   -0.1108167330
   12    0.0593440651   -0.2222073806   -0.6561000700   -0.4917426583
   13    0.0148513112    0.0007668897    0.0001917169    0.0037347076
   14   -0.0793599517   -0.2710452246    0.6336762286    0.4721091069
   15    0.0531774918    0.0968897435   -0.2495311263   -0.7435912098
   16    0.0088333679   -0.0011044585   -0.0000216163   -0.0004356342
   17   -0.0618435689    0.0661873896    0.2409956536    0.7169539517
   18    0.0045152632    0.0708969208   -0.0644967964   -0.0195448017
   19    0.0039567354   -0.0000383777    0.0000347246    0.0006743809
   20   -0.0055273529    0.0704545389    0.0622960210    0.0187250562
   21    0.0005099835    0.1254987743    0.0247318395   -0.0323295960
   22    0.0604996805   -0.0000541960    0.0000042726    0.0000971632
   23    0.0001254214    0.0050284992   -0.0324379899    0.0098505325
   24   -0.0017230840   -0.0005029499   -0.0475231235    0.0639802370
   25    0.0667925480   -0.0000883327   -0.0000055331   -0.0001082173
   26    0.0012131005   -0.1249958244    0.0227912840   -0.0316506411
   27    0.0141445487    0.3091994724   -0.0177111930   -0.1566079299
   28    0.2515086328    0.0005744289    0.0000542572    0.0011356496
   29   -0.0013373979    0.0117300622   -0.0198005778    0.1025046172
   30   -0.0169281502   -0.0049330948    0.0366980553    0.3085826137
   31    0.2864519090   -0.0002862363   -0.0000599304   -0.0011506637
   32    0.0027836015   -0.3042663775   -0.0189868623   -0.1519746837
   33    0.0256920395    0.0561714374   -0.0626010394   -0.1276628149
   34   -0.0393995709    0.0004822464    0.0002144054    0.0042031934
   35   -0.0032623412    0.0009926912   -0.1199759947    0.2230040307
   36   -0.0654314441   -0.0190503675    0.1323651605    0.2400882449
   37   -0.0442620004   -0.0023770517   -0.0002045142   -0.0040142230
   38    0.0397394046   -0.0371210699   -0.0697641211   -0.1124254300
   39    0.0056666691   -0.0077993719   -0.0185969593   -0.0238088144
   40   -0.0234056366   -0.0000619120    0.0000129612    0.0002575145
   41   -0.0008754613   -0.0006244133   -0.0036650238    0.0600042408
   42   -0.0144632158   -0.0042219040    0.0374059065    0.0436103577
   43   -0.0243817646   -0.0001870634   -0.0000155372   -0.0003044791
   44    0.0087965467    0.0120212759   -0.0188089472   -0.0198015433
   45   -0.0045990083   -0.0475030794   -0.0260546787    0.0375178864
   46   -0.0644157963    0.0003823996    0.0000066190    0.0001055988
   47    0.0004842418    0.0299397760   -0.0121851461    0.0519952453
   48    0.0015143488    0.0282845686    0.0247404374   -0.0042965855
   49    0.0004795157   -0.0000319140    0.0000113763    0.0002212730
   50    0.0046558683    0.0354475002    0.0102155822   -0.0460389412
   51   -0.0055064185    0.0000669065   -0.0000027378   -0.0000414209
   52    0.0010599680    0.0291409475   -0.0238806209    0.0044880676
   53    0.0718034319   -0.0004721640   -0.0000029459   -0.0000500269
   54   -0.0011509861   -0.0440361712    0.0268818356   -0.0421001757
   55   -0.0199458884    0.0771226256    0.0369833062    0.0292928888
   56    0.0641156823    0.0000416944   -0.0001800295   -0.0035227836
   57   -0.0118192196   -0.1208703966    0.0323374839    0.0493104282
   58    0.0175745041    0.0234697078   -0.0211613239    0.0054379507
   59    0.0025750557    0.0021802849   -0.0000172971   -0.0003411018
   60    0.0091857133   -0.1269405678   -0.0284569881   -0.0447384851
   61    0.0096571774    0.0006986534    0.0002814128    0.0055122478
   62   -0.0157808835    0.0144247562    0.0204617450   -0.0050900615
   63   -0.0770721454   -0.0009790362   -0.0001975253   -0.0038726728
   64    0.0205719023    0.0793398960   -0.0393542217   -0.0329599153
   65   -0.0065115390    0.0408493604    0.0172440384    0.0275813658
   66    0.0453846760    0.0003954329   -0.0000297375   -0.0005724191
   67   -0.0052151698   -0.0577595284    0.0418538927   -0.0163490942
   68    0.0046127928    0.0061919485    0.0150717945   -0.0534087991
   69    0.0027035366    0.0005508319   -0.0000045417   -0.0000851275
   70    0.0041233536   -0.0609971165   -0.0382070998    0.0164045139
   71   -0.0001299957    0.0001175956    0.0000500145    0.0009783666
   72   -0.0056549845    0.0033721706   -0.0145629851    0.0514320595
   73   -0.0452102685   -0.0005532039   -0.0000373639   -0.0007401974
   74    0.0081021346    0.0405379430   -0.0203414415   -0.0261492984
   75    0.0011509052   -0.0003293908    0.0052014638   -0.0291054676
   76    0.0144284388    0.0000856741    0.0000030126    0.0000690641
   77   -0.0039144725   -0.0138589616    0.0025042400   -0.0000124272
   78    0.0003128371    0.0022775521    0.0027391808    0.0086080695
   79   -0.0005560414    0.0000878764   -0.0000105398   -0.0002064489
   80   -0.0023345403   -0.0016989376   -0.0118761768    0.0425191808
   81   -0.0122509304    0.0000064474   -0.0000089666   -0.0001850118
   82    0.0001412100    0.0001315440   -0.0049932173   -0.0085324363
   83   -0.0029214340   -0.0001235940    0.0000079882    0.0001555601
   84    0.0038092207    0.0137609145    0.0012174844    0.0063721297
   85    0.0014147144    0.0004099938   -0.0029373328   -0.0092718390
   86   -0.0118934852    0.0000919874    0.0000114711    0.0002226684
   87   -0.0027979529   -0.0029977555    0.0024205971    0.0076790296
   88    0.0123079339   -0.0001574866   -0.0000036152   -0.0000687905
   89    0.0029218003    0.0026737102    0.0053828255   -0.0285765883
   90    0.0092638143    0.0055149985   -0.0235759559   -0.0037650155
   91   -0.0357567055   -0.0008717267    0.0001150467    0.0022475648
   92    0.0027308583    0.0781450246   -0.0116982636    0.0069050295
   93   -0.0080367953   -0.0135126022   -0.0039957668    0.0019426504
   94    0.0190791598   -0.0012196629   -0.0000160512   -0.0003197285
   95   -0.0082362074    0.0038248448    0.0454097655    0.0046710517
   96    0.0180871342   -0.0010442921   -0.0001589532   -0.0031059466
   97    0.0008296311   -0.0002100758    0.0242975453   -0.0184582431
   98    0.0237062176    0.0025706089    0.0000589067    0.0011516400
   99   -0.0033492288   -0.0779884433   -0.0064120574    0.0068529327
  100    0.0059209435    0.0017266113    0.0036943899   -0.0020096674
  101    0.0247801697    0.0006954974    0.0001381367    0.0027138424
  102   -0.0023640532    0.0104796020   -0.0024938729    0.0015875718
  103   -0.0390009358    0.0002135857   -0.0001261729   -0.0024755309
  104    0.0060344638   -0.0081431645   -0.0244309466   -0.0035628782
  105    0.0003555551    0.1165695960    0.5134099682   -0.0810384488
  106   -0.0151945377   -0.2124629611    0.1643659255    0.0163845751
  107   -0.2216460957    0.3332982685    0.1871960054    0.4626609295
  108   -0.1298965980   -0.0848547362    0.3445512430    0.1678173617
  109    0.0041448617   -0.0098811631    0.1111680436   -0.0222820730
  110   -0.0021761809    0.2138863861    0.0179058345   -0.1801150257
  111    0.1990311246    0.0015716678    0.0001628915    0.0031967884
  112    0.0541050187   -0.0689683223   -0.3080240614   -0.0293740965
  113   -0.0030185429    0.1238851822   -0.0452126191   -0.1232514228
  114    0.4533205738    0.0017555599    0.0003160255    0.0062013535
  115    0.0448041740    0.3079668587   -0.5283543365    0.1335192227
  116    0.0015808939   -0.0018335763   -0.0361021632   -0.0173757005
  117    0.0612024697   -0.0003038782   -0.0000207250   -0.0004084521
  118    0.0005453183    0.1115613911   -0.0922512149    0.0722641849
  119   -0.0001506689    0.0017834425    0.0021285717   -0.0001420957
  120    0.0060335841    0.0000354745    0.0000024720    0.0000491382
  121   -0.0000667202    0.0034566889   -0.0000373360   -0.0000924153
  122    0.0022972171    0.0438056674   -0.1070228597    0.0258361569
  123    0.0363507239   -0.0020952806   -0.0000220974   -0.0004255705
  124    0.0059765997   -0.0606267194    0.0431107131    0.1157640273
  125    0.0012653662   -0.0028054563   -0.0776551055    0.0374091398
  126   -0.1502077825   -0.0010989878   -0.0001072317   -0.0020976699
  127   -0.0035625832   -0.0410002111    0.1846779652   -0.0632452966
  128    0.0009983450    0.0288903602   -0.0242329483    0.0116012106
  129   -0.0000022962    0.0000229443   -0.0000056456   -0.0001120668
  130   -0.0011095242    0.0032158787    0.0304845000    0.0123952454
  131    0.0016548896    0.0191430525   -0.0255385647    0.0275113003
  132   -0.0509503973    0.0000859337   -0.0000148584   -0.0002911282
  133   -0.0026532346   -0.0480334127    0.0497715131   -0.0391125109
  134   -0.0000735897   -0.0007009570    0.0009318292   -0.0000094021
  135    0.0005089640    0.0000019297    0.0000010512    0.0000208202
  136    0.0000918565   -0.0003003039   -0.0019586275   -0.0005725338
  137   -0.0001437527    0.0000643163    0.0008660706   -0.0019064753
  138    0.0037670407   -0.0000057118    0.0000022276    0.0000436393
  139    0.0002173424    0.0006366408   -0.0017978998    0.0019158775
  140    0.0032368951   -0.0035455894    0.0108050413    0.0249871808
  141    0.0008042811    0.0001279479    0.0002834321    0.0055587669
  142    0.0008468700   -0.0193852379    0.0214770198   -0.0083744881
  143   -0.0003053444    0.0149779215   -0.0025483456    0.0054630625
  144   -0.0045964026    0.0006230032    0.0000355892    0.0006959615
  145   -0.0040374061   -0.0102210142   -0.0119481385   -0.0389868835
  146    0.0007324838   -0.0002115714   -0.0002333543   -0.0045682863
  147    0.0013433478    0.0021739533    0.0115624699   -0.0396767247
  148   -0.0017870112    0.0001559050    0.0000296456    0.0005702324
  149   -0.0016324920    0.0128285341   -0.0246261816    0.0358152594
  150   -0.0001736892    0.0001376870   -0.0005533368   -0.0019184065
  151    0.0000694759   -0.0000278271   -0.0000308602   -0.0006051267
  152    0.0000081979    0.0032402734   -0.0012284712    0.0006644839
  153    0.0000856363    0.0004261243   -0.0008294974   -0.0003557834
  154    0.0004558884   -0.0000519721   -0.0000022298   -0.0000435352
  155    0.0001473922   -0.0006108507    0.0015718767    0.0029295958
  156    0.0006099232    0.0000174878    0.0000242904    0.0004757957
  157   -0.0000794637    0.0026599201   -0.0004117659    0.0043073021
  158   -0.0008877738    0.0000043647   -0.0000017288   -0.0000332202
  159    0.0000531184   -0.0043977446    0.0012225606   -0.0037057505
  160   -0.0029857421   -0.1173907497    0.5133869833   -0.0814824882
  161   -0.0167398887    0.2031270390    0.1643449731    0.0161687637
  162   -0.2290851187   -0.4644618078    0.1870394044    0.4615347345
  163   -0.1416259944    0.0059204626    0.3443921131    0.1662339568
  164    0.0111938480    0.0143187733    0.1112134611   -0.0213395752
  165   -0.0704247060   -0.1125702480    0.3083284850    0.0209189000
  166   -0.1880167899   -0.0002778363    0.0001358565    0.0026232344
  167   -0.0138917160    0.2074868400   -0.0073294753    0.1791316328
  168   -0.0659118449    0.2712717805    0.5263082507   -0.1405029733
  169   -0.4023512813   -0.0006528283    0.0002927973    0.0056393118
  170   -0.0124358113    0.1313732562    0.0633777217    0.1166937556
  171    0.0012568842    0.1117712834    0.0909581167   -0.0725848362
  172   -0.0559496805    0.0001908968   -0.0000141699   -0.0003133409
  173    0.0012313413    0.0019543156    0.0392918563    0.0152344521
  174   -0.0000279174    0.0034024815    0.0001104961    0.0000754327
  175   -0.0054322561   -0.0000266688    0.0000018608    0.0000363835
  176   -0.0001228153    0.0019112918   -0.0021278803    0.0001086475
  177   -0.0220652418    0.0297081128    0.1816241907   -0.0724896719
  178   -0.1424145555   -0.0000106641    0.0000817286    0.0015756295
  179   -0.0123930292    0.0619589682    0.0545371992    0.1095145456
  180    0.0158812748    0.0077958835   -0.0775565581    0.0393562104
  181    0.0312423487    0.0016497192   -0.0000441076   -0.0008554152
  182    0.0061839669   -0.0375039963   -0.1040676326    0.0331334614
  183   -0.0032276996    0.0464426892    0.0478496682   -0.0398775791
  184   -0.0421161849    0.0001782018    0.0000186669    0.0003461483
  185   -0.0001988215   -0.0005402630    0.0333740396    0.0104776622
  186    0.0022065254   -0.0180200426   -0.0255329857    0.0275840496
  187   -0.0011401961    0.0000235934    0.0000134187    0.0002630642
  188    0.0010211742   -0.0284226465   -0.0223166825    0.0122935295
  189    0.0003458289   -0.0004910913   -0.0016761567    0.0019656763
  190    0.0029840384   -0.0000185169   -0.0000025871   -0.0000492177
  191    0.0000365383    0.0002855360   -0.0020634143   -0.0005029427
  192   -0.0002603593   -0.0001816822    0.0008651118   -0.0019220218
  193    0.0005462159   -0.0000023559   -0.0000022912   -0.0000448790
  194   -0.0000854696    0.0006727735    0.0008110449   -0.0000436544
  195   -0.0089528945    0.0113229610    0.0235297802   -0.0401069762
  196    0.0007475440    0.0002381063    0.0000269168    0.0005283443
  197   -0.0065864171   -0.0089559821    0.0144348785    0.0351136924
  198    0.0100659780    0.0041899033   -0.0115649968    0.0413619713
  199    0.0069007435    0.0000544486    0.0000160494    0.0003182859
  200    0.0019455905   -0.0193812495   -0.0200035161    0.0124471838
  201   -0.0086554994   -0.0019080120   -0.0002495797   -0.0048920360
  202    0.0023184112    0.0157907217    0.0021611932   -0.0038112250
  203    0.0108650270    0.0023217604    0.0003079295    0.0060350107
  204    0.0031811838   -0.0050943141   -0.0123699815   -0.0233314817
  205    0.0005258844   -0.0041927355   -0.0010916012    0.0039992005
  206    0.0009491683   -0.0000164819   -0.0000017905   -0.0000343358
  207    0.0003403724   -0.0009805677   -0.0017027337   -0.0026312352
  208   -0.0007105646    0.0024605255    0.0003773527   -0.0044226048
  209   -0.0006300613   -0.0000023011   -0.0000001614   -0.0000034541
  210    0.0000050167    0.0031646194    0.0010871840   -0.0009428857
  211    0.0002520221    0.0001896582    0.0000260061    0.0005092691
  212   -0.0001318858    0.0004557764    0.0008428371    0.0001998293
  213   -0.0012872914   -0.0002379713   -0.0000331004   -0.0006489204
  214   -0.0001553968    0.0003911563    0.0006409291    0.0018122630

