#   index    LocalEnergy         LocalEnergy_sq      LocalPotential      Kinetic             ElecElec            IonIon              LocalECP            NonLocalECP         BlockWeight         BlockCPU            AcceptRatio         
         0   -6.2728983844e+00    3.9712396778e+01   -1.0236130416e+01    3.9632320320e+00    8.3701756819e+00    7.0352112452e+00   -2.6427458446e+01    7.8594110249e-01    1.3440000000e+03    7.5116851729e-01    5.3767857143e-01
         1   -6.2624487677e+00    3.9269777502e+01   -1.0211984174e+01    3.9495354060e+00    8.4478833023e+00    7.0352112452e+00   -2.6389942532e+01    6.9486381037e-01    1.3440000000e+03    7.5234243843e-01    5.3806361607e-01
         2   -6.2544776453e+00    3.9249045642e+01   -1.0297739628e+01    4.0432619830e+00    8.4038935941e+00    7.0352112452e+00   -2.6377730165e+01    6.4088569726e-01    1.3440000000e+03    7.5185947489e-01    5.3903831845e-01
         3   -6.2642361482e+00    3.9316032593e+01   -1.0362671290e+01    4.0984351414e+00    8.3732504735e+00    7.0352112452e+00   -2.6490135675e+01    7.1900266671e-01    1.3440000000e+03    7.5175495701e-01    5.3991443452e-01
         4   -6.2561168788e+00    3.9249126580e+01   -1.0218237038e+01    3.9621201591e+00    8.4586894234e+00    7.0352112452e+00   -2.6516174240e+01    8.0403653380e-01    1.3440000000e+03    7.5170851793e-01    5.3922433036e-01
         5   -6.2638920340e+00    3.9310493808e+01   -1.0272662836e+01    4.0087708023e+00    8.4186368594e+00    7.0352112452e+00   -2.6461166445e+01    7.3465550419e-01    1.3440000000e+03    7.5148971497e-01    5.3826450893e-01
         6   -6.2692983103e+00    3.9415091027e+01   -1.0285390122e+01    4.0160918113e+00    8.4281110112e+00    7.0352112452e+00   -2.6416367675e+01    6.6765529743e-01    1.3440000000e+03    7.5210336315e-01    5.3976376488e-01
         7   -6.2596966599e+00    3.9236676535e+01   -1.0226888436e+01    3.9671917762e+00    8.4412146901e+00    7.0352112452e+00   -2.6415517054e+01    7.1220268223e-01    1.3440000000e+03    7.5175906531e-01    5.3958147321e-01
         8   -6.2671104073e+00    3.9357133823e+01   -1.0267260973e+01    4.0001505653e+00    8.3960926791e+00    7.0352112452e+00   -2.6408405887e+01    7.0984099050e-01    1.3440000000e+03    7.5036041325e-01    5.3919828869e-01
         9   -6.2709941327e+00    3.9401879588e+01   -1.0339300318e+01    4.0683061852e+00    8.4909641454e+00    7.0352112452e+00   -2.6543868458e+01    6.7839274952e-01    1.3440000000e+03    7.5230607921e-01    5.3920014881e-01
        10   -6.2588210344e+00    3.9216375597e+01   -1.0277234410e+01    4.0184133760e+00    8.4495661552e+00    7.0352112452e+00   -2.6528248840e+01    7.6623702936e-01    1.3440000000e+03    7.5190117877e-01    5.4029947917e-01
        11   -6.2753394717e+00    3.9434831481e+01   -1.0371879834e+01    4.0965403620e+00    8.4411085772e+00    7.0352112452e+00   -2.6596200367e+01    7.4800071087e-01    1.3440000000e+03    7.5162384094e-01    5.3954241071e-01
        12   -6.2637331262e+00    3.9287422693e+01   -1.0284795347e+01    4.0210622207e+00    8.3809915278e+00    7.0352112452e+00   -2.6343247519e+01    6.4224939881e-01    1.3440000000e+03    7.5029431224e-01    5.3928943452e-01
        13   -6.2644049034e+00    3.9298955376e+01   -1.0360062114e+01    4.0956572110e+00    8.4586187621e+00    7.0352112452e+00   -2.6615618692e+01    7.6172657046e-01    1.3440000000e+03    7.5090210590e-01    5.3860491071e-01
        14   -6.2731079982e+00    3.9436406649e+01   -1.0366332900e+01    4.0932249022e+00    8.4424605778e+00    7.0352112452e+00   -2.6543521946e+01    6.9951722207e-01    1.3440000000e+03    7.5174669973e-01    5.3922433036e-01
        15   -6.2572301059e+00    3.9294868654e+01   -1.0417140538e+01    4.1599104317e+00    8.4674705328e+00    7.0352112452e+00   -2.6596213336e+01    6.7639102048e-01    1.3440000000e+03    7.5198785053e-01    5.3934895833e-01
        16   -6.2623766435e+00    3.9267568989e+01   -1.0254058422e+01    3.9916817785e+00    8.3890396648e+00    7.0352112452e+00   -2.6351872259e+01    6.7356292717e-01    1.3440000000e+03    7.5101118057e-01    5.3937313988e-01
        17   -6.2741880042e+00    3.9427913795e+01   -1.0321297562e+01    4.0471095575e+00    8.4195085798e+00    7.0352112452e+00   -2.6515629771e+01    7.3961238470e-01    1.3440000000e+03    7.5160742087e-01    5.3999255952e-01
        18   -6.2570996529e+00    3.9213157171e+01   -1.0385164123e+01    4.1280644696e+00    8.4621226941e+00    7.0352112452e+00   -2.6655361139e+01    7.7286307729e-01    1.3440000000e+03    7.5162088626e-01    5.3862351190e-01
        19   -6.2681211923e+00    3.9348900652e+01   -1.0204078856e+01    3.9359576642e+00    8.4608714029e+00    7.0352112452e+00   -2.6533719757e+01    8.3355825194e-01    1.3440000000e+03    7.5229508452e-01    5.3844308036e-01
        20   -6.2728590196e+00    3.9423387524e+01   -1.0452412756e+01    4.1795537365e+00    8.4747655967e+00    7.0352112452e+00   -2.6769355430e+01    8.0696583189e-01    1.3440000000e+03    7.5198162082e-01    5.3866629464e-01
        21   -6.2631328537e+00    3.9283635110e+01   -1.0328085292e+01    4.0649524388e+00    8.4197327387e+00    7.0352112452e+00   -2.6468074002e+01    6.8504472546e-01    1.3440000000e+03    7.5225045876e-01    5.3937313988e-01
        22   -6.2721525916e+00    3.9397596514e+01   -1.0252764893e+01    3.9806123014e+00    8.4199330281e+00    7.0352112452e+00   -2.6474085687e+01    7.6617652033e-01    1.3440000000e+03    7.5182686790e-01    5.4042224702e-01
        23   -6.2711053063e+00    3.9404756416e+01   -1.0249475215e+01    3.9783699084e+00    8.4543353025e+00    7.0352112452e+00   -2.6476686709e+01    7.3766494678e-01    1.3440000000e+03    7.5224114310e-01    5.3972284226e-01
        24   -6.2667428752e+00    3.9324960343e+01   -1.0173165707e+01    3.9064228314e+00    8.4671934393e+00    7.0352112452e+00   -2.6426296190e+01    7.5072579859e-01    1.3440000000e+03    7.5220084016e-01    5.3875372024e-01
        25   -6.2676355005e+00    3.9361962411e+01   -1.0346058080e+01    4.0784225790e+00    8.4514584058e+00    7.0352112452e+00   -2.6537985782e+01    7.0525805119e-01    1.3440000000e+03    7.5130083511e-01    5.3884858631e-01
        26   -6.2672264951e+00    3.9333621992e+01   -1.0261086062e+01    3.9938595666e+00    8.4305018355e+00    7.0352112452e+00   -2.6403046408e+01    6.7624726557e-01    1.3440000000e+03    7.5201048454e-01    5.3711681548e-01
        27   -6.2525532463e+00    3.9325936880e+01   -1.0321698788e+01    4.0691455412e+00    8.4370085155e+00    7.0352112452e+00   -2.6492870090e+01    6.9895154139e-01    1.3440000000e+03    7.5208750643e-01    5.3973214286e-01
        28   -6.2738220274e+00    3.9444202066e+01   -1.0329741056e+01    4.0559190287e+00    8.4441453294e+00    7.0352112452e+00   -2.6566866900e+01    7.5776926952e-01    1.3440000000e+03    7.5182419228e-01    5.3914620536e-01
        29   -6.2564857643e+00    3.9192353871e+01   -1.0359642849e+01    4.1031570844e+00    8.4135875197e+00    7.0352112452e+00   -2.6568493659e+01    7.6005204516e-01    1.3440000000e+03    7.5079290961e-01    5.3874441964e-01
        30   -6.2667961806e+00    3.9433920336e+01   -1.0242040044e+01    3.9752438636e+00    8.4035291399e+00    7.0352112452e+00   -2.6449312661e+01    7.6853223199e-01    1.3440000000e+03    7.5091621943e-01    5.3988839286e-01
        31   -6.2755089970e+00    3.9476683360e+01   -1.0316940483e+01    4.0414314860e+00    8.4411750484e+00    7.0352112452e+00   -2.6508598350e+01    7.1527157335e-01    1.3440000000e+03    7.5220372937e-01    5.3775111607e-01
        32   -6.2577327640e+00    3.9224264517e+01   -1.0376655048e+01    4.1189222842e+00    8.4092140757e+00    7.0352112452e+00   -2.6604051599e+01    7.8297122980e-01    1.3440000000e+03    7.5149115588e-01    5.3935639881e-01
        33   -6.2749887742e+00    3.9443589316e+01   -1.0381925286e+01    4.1069365123e+00    8.4635028765e+00    7.0352112452e+00   -2.6671037888e+01    7.9039847993e-01    1.3440000000e+03    7.5254155060e-01    5.3908482143e-01
        34   -6.2674178891e+00    3.9329077756e+01   -1.0282255446e+01    4.0148375569e+00    8.4034090866e+00    7.0352112452e+00   -2.6428241779e+01    7.0736600105e-01    1.3440000000e+03    7.5136824675e-01    5.3828311012e-01
        35   -6.2752044458e+00    3.9443059855e+01   -1.0411877172e+01    4.1366727264e+00    8.4603727048e+00    7.0352112452e+00   -2.6614082637e+01    7.0662151499e-01    1.3440000000e+03    7.5376939439e-01    5.3829055060e-01
        36   -6.2640662338e+00    3.9305440216e+01   -1.0297595984e+01    4.0335297507e+00    8.3938870027e+00    7.0352112452e+00   -2.6423747270e+01    6.9705303709e-01    1.3440000000e+03    7.5120080386e-01    5.3968191964e-01
        37   -6.2556688128e+00    3.9197179600e+01   -1.0195624622e+01    3.9399558095e+00    8.4030511025e+00    7.0352112452e+00   -2.6440464837e+01    8.0657786713e-01    1.3440000000e+03    7.5081015622e-01    5.3898065476e-01
        38   -6.2756468835e+00    3.9461530424e+01   -1.0341834892e+01    4.0661880089e+00    8.3846854010e+00    7.0352112452e+00   -2.6513858568e+01    7.5212702952e-01    1.3440000000e+03    7.5075191083e-01    5.3979352679e-01
        39   -6.2584310590e+00    3.9217246807e+01   -1.0205575490e+01    3.9471444306e+00    8.4192585841e+00    7.0352112452e+00   -2.6509325008e+01    8.4927968912e-01    1.3440000000e+03    7.5187520538e-01    5.3963913690e-01
        40   -6.2633810832e+00    3.9299006267e+01   -1.0314693475e+01    4.0513123920e+00    8.4599764928e+00    7.0352112452e+00   -2.6593185575e+01    7.8330436154e-01    1.3440000000e+03    7.5253482098e-01    5.3785900298e-01
        41   -6.2690833362e+00    3.9353631971e+01   -1.0243800119e+01    3.9747167828e+00    8.3989778309e+00    7.0352112452e+00   -2.6492258860e+01    8.1426966524e-01    1.3440000000e+03    7.5125857965e-01    5.3844308036e-01
        42   -6.2690111622e+00    3.9359586362e+01   -1.0227465122e+01    3.9584539596e+00    8.4512624905e+00    7.0352112452e+00   -2.6461409472e+01    7.4747061480e-01    1.3440000000e+03    7.5152512192e-01    5.3835193452e-01
        43   -6.2769766799e+00    3.9518015064e+01   -1.0271234801e+01    3.9942581213e+00    8.4411442169e+00    7.0352112452e+00   -2.6460728392e+01    7.1313812851e-01    1.3440000000e+03    7.5222337101e-01    5.3987909226e-01
        44   -6.2745514522e+00    3.9678444999e+01   -1.0324138722e+01    4.0495872697e+00    8.4746944417e+00    7.0352112452e+00   -2.6550959970e+01    7.1691556154e-01    1.3440000000e+03    7.5183642963e-01    5.3941964286e-01
        45   -6.2642760764e+00    3.9308953902e+01   -1.0288594456e+01    4.0243183792e+00    8.4073619087e+00    7.0352112452e+00   -2.6465459644e+01    7.3429203495e-01    1.3440000000e+03    7.4999773158e-01    5.3874441964e-01
        46   -6.2656053115e+00    3.9331498761e+01   -1.0282801111e+01    4.0171957998e+00    8.4683195628e+00    7.0352112452e+00   -2.6476005537e+01    6.8967361779e-01    1.3440000000e+03    7.5253811903e-01    5.3747767857e-01
        47   -6.2697202540e+00    3.9377040327e+01   -1.0313510726e+01    4.0437904717e+00    8.4475719890e+00    7.0352112452e+00   -2.6525245333e+01    7.2895137340e-01    1.3440000000e+03    7.5197820837e-01    5.3906250000e-01
        48   -6.2648274597e+00    3.9307598019e+01   -1.0317149201e+01    4.0523217409e+00    8.4253675740e+00    7.0352112452e+00   -2.6459774339e+01    6.8204631964e-01    1.3440000000e+03    7.5152875048e-01    5.3876674107e-01
        49   -6.2664700137e+00    3.9332985078e+01   -1.0193160150e+01    3.9266901368e+00    8.3875702808e+00    7.0352112452e+00   -2.6308792312e+01    6.9285063551e-01    1.3440000000e+03    7.5110894688e-01    5.3818452381e-01
        50   -6.2395509857e+00    3.9017026502e+01   -1.0281554553e+01    4.0420035674e+00    8.4303289108e+00    7.0352112452e+00   -2.6476097157e+01    7.2900244811e-01    1.3440000000e+03    7.5176891475e-01    5.3947730655e-01
        51   -6.2664180167e+00    3.9373921850e+01   -1.0376436978e+01    4.1100189609e+00    8.4122159521e+00    7.0352112452e+00   -2.6552163153e+01    7.2829897852e-01    1.3440000000e+03    7.5168570229e-01    5.3895833333e-01
        52   -6.2460829005e+00    3.9114138067e+01   -1.0256462864e+01    4.0103799632e+00    8.3837692072e+00    7.0352112452e+00   -2.6406141963e+01    7.3069864731e-01    1.3440000000e+03    7.5128823746e-01    5.3769345238e-01
        53   -6.2713896524e+00    3.9455222773e+01   -1.0330946304e+01    4.0595566515e+00    8.4563443277e+00    7.0352112452e+00   -2.6502773784e+01    6.8027190715e-01    1.3440000000e+03    7.5263168507e-01    5.3985863095e-01
        54   -6.2685000796e+00    3.9360951078e+01   -1.0225023772e+01    3.9565236928e+00    8.3965717589e+00    7.0352112452e+00   -2.6377003151e+01    7.2019637450e-01    1.3440000000e+03    7.5167083097e-01    5.3980468750e-01
        55   -6.2699569199e+00    3.9420661686e+01   -1.0190625579e+01    3.9206686594e+00    8.4078001843e+00    7.0352112452e+00   -2.6340920262e+01    7.0728325318e-01    1.3440000000e+03    7.5104734420e-01    5.3959263393e-01
        56   -6.2573068007e+00    3.9211008539e+01   -1.0333575444e+01    4.0762686435e+00    8.4351438122e+00    7.0352112452e+00   -2.6497886539e+01    6.9395603776e-01    1.3440000000e+03    7.5242984425e-01    5.3847656250e-01
        57   -6.2536133981e+00    3.9166387738e+01   -1.0212009088e+01    3.9583956904e+00    8.4750624659e+00    7.0352112452e+00   -2.6492583862e+01    7.7030106276e-01    1.3440000000e+03    7.5238754350e-01    5.3915922619e-01
        58   -6.2647380833e+00    3.9322943491e+01   -1.0265391983e+01    4.0006538998e+00    8.4598292667e+00    7.0352112452e+00   -2.6548554857e+01    7.8812236212e-01    1.3440000000e+03    7.5322899671e-01    5.3846726190e-01
        59   -6.2572687840e+00    3.9229286009e+01   -1.0304570182e+01    4.0473013985e+00    8.4191655797e+00    7.0352112452e+00   -2.6474295106e+01    7.1534809827e-01    1.3440000000e+03    7.5110571123e-01    5.3833891369e-01
        60   -6.2734662280e+00    3.9432877188e+01   -1.0370785195e+01    4.0973189670e+00    8.4128446923e+00    7.0352112452e+00   -2.6547419718e+01    7.2857858517e-01    1.3440000000e+03    7.5092682380e-01    5.3938988095e-01
        61   -6.2380081777e+00    3.8982855058e+01   -1.0235005683e+01    3.9969975056e+00    8.4834116208e+00    7.0352112452e+00   -2.6484039499e+01    7.3041095000e-01    1.3440000000e+03    7.5183665368e-01    5.3745163690e-01
        62   -6.2659720169e+00    3.9317258157e+01   -1.0189033181e+01    3.9230611638e+00    8.4234605889e+00    7.0352112452e+00   -2.6418097590e+01    7.7039257464e-01    1.3440000000e+03    7.5057830536e-01    5.3885602679e-01
        63   -6.2733573400e+00    3.9459293947e+01   -1.0358244449e+01    4.0848871087e+00    8.4108781049e+00    7.0352112452e+00   -2.6544539952e+01    7.4020615332e-01    1.3440000000e+03    7.5234555815e-01    5.3789992560e-01
        64   -6.2662084876e+00    3.9338600050e+01   -1.0241303638e+01    3.9750951507e+00    8.4398973734e+00    7.0352112452e+00   -2.6461454244e+01    7.4504198761e-01    1.3440000000e+03    7.5116737438e-01    5.3730096726e-01
        65   -6.2665467906e+00    3.9375188991e+01   -1.0330486485e+01    4.0639396945e+00    8.4338237535e+00    7.0352112452e+00   -2.6502177861e+01    7.0265637731e-01    1.3440000000e+03    7.5183308503e-01    5.3944940476e-01
        66   -6.2557846970e+00    3.9185626263e+01   -1.0297464306e+01    4.0416796087e+00    8.4009327245e+00    7.0352112452e+00   -2.6442128339e+01    7.0852006310e-01    1.3440000000e+03    7.5087821632e-01    5.3849888393e-01
        67   -6.2660161750e+00    3.9314610180e+01   -1.0174663523e+01    3.9086473478e+00    8.4670019647e+00    7.0352112452e+00   -2.6482802833e+01    8.0592610065e-01    1.3440000000e+03    7.5201314984e-01    5.3760416667e-01
        68   -6.2613860142e+00    3.9259107561e+01   -1.0358312652e+01    4.0969266378e+00    8.4876407936e+00    7.0352112452e+00   -2.6585340973e+01    7.0417628216e-01    1.3440000000e+03    7.5315136697e-01    5.3962611607e-01
        69   -6.2558756372e+00    3.9192678436e+01   -1.0304870759e+01    4.0489951214e+00    8.4705263871e+00    7.0352112452e+00   -2.6542355406e+01    7.3174701516e-01    1.3440000000e+03    7.5189340823e-01    5.3771577381e-01
        70   -6.2633724362e+00    3.9282182900e+01   -1.0379411292e+01    4.1160388561e+00    8.3903723920e+00    7.0352112452e+00   -2.6490870263e+01    6.8587533371e-01    1.3440000000e+03    7.5166490707e-01    5.3685081845e-01
        71   -6.2538263097e+00    3.9164474007e+01   -1.0201264786e+01    3.9474384761e+00    8.4365636054e+00    7.0352112452e+00   -2.6390921872e+01    7.1788223607e-01    1.3440000000e+03    7.5126454160e-01    5.3963169643e-01
        72   -6.2748475510e+00    3.9436259143e+01   -1.0320356187e+01    4.0455086355e+00    8.4585501216e+00    7.0352112452e+00   -2.6567848114e+01    7.5373056075e-01    1.3440000000e+03    7.5241975145e-01    5.3802083333e-01
        73   -6.2609010045e+00    3.9266462846e+01   -1.0356280134e+01    4.0953791295e+00    8.4420087803e+00    7.0352112452e+00   -2.6552282916e+01    7.1878275656e-01    1.3440000000e+03    7.5148589157e-01    5.3970238095e-01
        74   -6.2723031577e+00    3.9411616417e+01   -1.0301824511e+01    4.0295213536e+00    8.3770837022e+00    7.0352112452e+00   -2.6373548589e+01    6.5942913076e-01    1.3440000000e+03    7.4995022096e-01    5.3806919643e-01
        75   -6.2762077985e+00    3.9483530461e+01   -1.0355964348e+01    4.0797565498e+00    8.3728759484e+00    7.0352112452e+00   -2.6527525133e+01    7.6347359153e-01    1.3440000000e+03    7.5049500073e-01    5.3884300595e-01
        76   -6.2714815582e+00    3.9400566769e+01   -1.0279368725e+01    4.0078871671e+00    8.4093309080e+00    7.0352112452e+00   -2.6362909313e+01    6.3899843404e-01    1.3440000000e+03    7.5041628978e-01    5.3804315476e-01
        77   -6.2479852303e+00    3.9093804506e+01   -1.0266506328e+01    4.0185210979e+00    8.4210133413e+00    7.0352112452e+00   -2.6451881837e+01    7.2915092216e-01    1.3440000000e+03    7.5117318297e-01    5.3945684524e-01
        78   -6.2535845096e+00    3.9185475527e+01   -1.0342920853e+01    4.0893363436e+00    8.4287324958e+00    7.0352112452e+00   -2.6519459981e+01    7.1259538653e-01    1.3440000000e+03    7.5228672745e-01    5.3986793155e-01
        79   -6.2684527295e+00    3.9357431076e+01   -1.0345713177e+01    4.0772604477e+00    8.4500921275e+00    7.0352112452e+00   -2.6564024046e+01    7.3300749609e-01    1.3440000000e+03    7.5318166911e-01    5.3886532738e-01
        80   -6.2587488230e+00    3.9220548905e+01   -1.0367906232e+01    4.1091574093e+00    8.4730646368e+00    7.0352112452e+00   -2.6607777397e+01    7.3159528260e-01    1.3440000000e+03    7.5310788384e-01    5.3811197917e-01
        81   -6.2715327228e+00    3.9387688917e+01   -1.0395210412e+01    4.1236776888e+00    8.4727149582e+00    7.0352112452e+00   -2.6642167637e+01    7.3903102164e-01    1.3440000000e+03    7.5268230021e-01    5.3995349702e-01
        82   -6.2643171591e+00    3.9303504862e+01   -1.0289372598e+01    4.0250554390e+00    8.4461298152e+00    7.0352112452e+00   -2.6485927178e+01    7.1521351941e-01    1.3440000000e+03    7.5153517565e-01    5.3819010417e-01
        83   -6.2631732883e+00    3.9289489777e+01   -1.0290466366e+01    4.0272930780e+00    8.4287507891e+00    7.0352112452e+00   -2.6489976063e+01    7.3554766208e-01    1.3440000000e+03    7.5276531180e-01    5.3818452381e-01
        84   -6.2690887131e+00    3.9367675119e+01   -1.0169702761e+01    3.9006140475e+00    8.4381113655e+00    7.0352112452e+00   -2.6391660899e+01    7.4863552724e-01    1.3440000000e+03    7.5127733704e-01    5.3866257440e-01
        85   -6.2661556372e+00    3.9327165452e+01   -1.0230381421e+01    3.9642257837e+00    8.4066061284e+00    7.0352112452e+00   -2.6487347794e+01    8.1514899951e-01    1.3440000000e+03    7.5143817894e-01    5.4044270833e-01
        86   -6.2683602335e+00    3.9336925740e+01   -1.0373340443e+01    4.1049802095e+00    8.3638148640e+00    7.0352112452e+00   -2.6446512457e+01    6.7414590492e-01    1.3440000000e+03    7.5091622614e-01    5.4043526786e-01
        87   -6.2670594985e+00    3.9344462281e+01   -1.0264961513e+01    3.9979020142e+00    8.4076859563e+00    7.0352112452e+00   -2.6455051529e+01    7.4719281454e-01    1.3440000000e+03    7.5064696891e-01    5.3974888393e-01
        88   -6.2474258996e+00    3.9092479354e+01   -1.0307282912e+01    4.0598570120e+00    8.4719282132e+00    7.0352112452e+00   -2.6575367905e+01    7.6094553444e-01    1.3440000000e+03    7.5232817325e-01    5.3928013393e-01
        89   -6.2622011319e+00    3.9283189771e+01   -1.0257068822e+01    3.9948676901e+00    8.4164731712e+00    7.0352112452e+00   -2.6422660491e+01    7.1390725287e-01    1.3440000000e+03    7.5188906228e-01    5.3949776786e-01
        90   -6.2676598239e+00    3.9347454743e+01   -1.0327577561e+01    4.0599177366e+00    8.4210324981e+00    7.0352112452e+00   -2.6536551948e+01    7.5273064385e-01    1.3440000000e+03    7.5140021518e-01    5.3864583333e-01
        91   -6.2607189698e+00    3.9298599134e+01   -1.0324247158e+01    4.0635281878e+00    8.4415685895e+00    7.0352112452e+00   -2.6582189812e+01    7.8116281990e-01    1.3440000000e+03    7.5222244860e-01    5.3887090774e-01
        92   -6.2696598307e+00    3.9367372794e+01   -1.0391841999e+01    4.1221821681e+00    8.4651851712e+00    7.0352112452e+00   -2.6596729107e+01    7.0449069214e-01    1.3440000000e+03    7.5181197438e-01    5.3900483631e-01
        93   -6.2734759079e+00    3.9419977975e+01   -1.0375386829e+01    4.1019109214e+00    8.4495454618e+00    7.0352112452e+00   -2.6600683426e+01    7.4053988987e-01    1.3440000000e+03    7.5189443082e-01    5.3953311012e-01
        94   -6.2697492084e+00    3.9387567120e+01   -1.0278298776e+01    4.0085495677e+00    8.4803430573e+00    7.0352112452e+00   -2.6479801572e+01    6.8594849322e-01    1.3440000000e+03    7.5212552750e-01    5.3935453869e-01
        95   -6.2723955796e+00    3.9414679027e+01   -1.0241487301e+01    3.9690917216e+00    8.4853605473e+00    7.0352112452e+00   -2.6515095769e+01    7.5303667478e-01    1.3440000000e+03    7.5294956694e-01    5.3998325893e-01
        96   -6.2760675131e+00    3.9476204520e+01   -1.0227360037e+01    3.9512925241e+00    8.4096778822e+00    7.0352112452e+00   -2.6388982263e+01    7.1673309817e-01    1.3440000000e+03    7.5142512123e-01    5.4034040179e-01
        97   -6.2743950189e+00    3.9447406671e+01   -1.0350395201e+01    4.0760001824e+00    8.4098793509e+00    7.0352112452e+00   -2.6560589705e+01    7.6510390705e-01    1.3440000000e+03    7.5083266467e-01    5.3912388393e-01
        98   -6.2747310222e+00    3.9498545296e+01   -1.0202903382e+01    3.9281723601e+00    8.4154041771e+00    7.0352112452e+00   -2.6380173666e+01    7.2665486111e-01    1.3440000000e+03    7.5148927793e-01    5.3898251488e-01
        99   -6.2711426265e+00    3.9412053699e+01   -1.0259301186e+01    3.9881585598e+00    8.4407005988e+00    7.0352112452e+00   -2.6497872191e+01    7.6265916106e-01    1.3440000000e+03    7.5239447630e-01    5.4006138393e-01
       100   -6.2587360526e+00    3.9260885382e+01   -1.0344875117e+01    4.0861390647e+00    8.3699095694e+00    7.0352112452e+00   -2.6455235348e+01    7.0523941602e-01    1.3440000000e+03    7.5145700949e-01    5.3880394345e-01
       101   -6.2668926910e+00    3.9351490137e+01   -1.0408478153e+01    4.1415854622e+00    8.4413192986e+00    7.0352112452e+00   -2.6631884399e+01    7.4687570189e-01    1.3440000000e+03    7.5122876661e-01    5.3951450893e-01
       102   -6.2657266827e+00    3.9317142487e+01   -1.0378607144e+01    4.1128804615e+00    8.4230837394e+00    7.0352112452e+00   -2.6540914507e+01    7.0401237820e-01    1.3440000000e+03    7.5268989376e-01    5.3935825893e-01
       103   -6.2627956728e+00    3.9278948136e+01   -1.0319313803e+01    4.0565181302e+00    8.4429756017e+00    7.0352112452e+00   -2.6539416936e+01    7.4191628632e-01    1.3440000000e+03    7.5217133099e-01    5.3886346726e-01
       104   -6.2690130234e+00    3.9357126617e+01   -1.0333047724e+01    4.0640347005e+00    8.4128976622e+00    7.0352112452e+00   -2.6509415713e+01    7.2825908153e-01    1.3440000000e+03    7.5166695777e-01    5.3949218750e-01
       105   -6.2603968774e+00    3.9251242783e+01   -1.0327850579e+01    4.0674537013e+00    8.4772489718e+00    7.0352112452e+00   -2.6582623194e+01    7.4231239832e-01    1.3440000000e+03    7.5181519106e-01    5.3826264881e-01
       106   -6.2657909996e+00    3.9323814601e+01   -1.0331626004e+01    4.0658350048e+00    8.4819796704e+00    7.0352112452e+00   -2.6588552521e+01    7.3973560090e-01    1.3440000000e+03    7.5282430909e-01    5.3903087798e-01
       107   -6.2619519244e+00    3.9261296514e+01   -1.0262102943e+01    4.0001510189e+00    8.4667204874e+00    7.0352112452e+00   -2.6529251163e+01    7.6521648734e-01    1.3440000000e+03    7.5236533538e-01    5.4015252976e-01
       108   -6.2614789416e+00    3.9303193654e+01   -1.0293574698e+01    4.0320957568e+00    8.4507251010e+00    7.0352112452e+00   -2.6529187322e+01    7.4967627734e-01    1.3440000000e+03    7.5129693800e-01    5.3923363095e-01
       109   -6.2713852930e+00    3.9397611601e+01   -1.0241216883e+01    3.9698315904e+00    8.4194678523e+00    7.0352112452e+00   -2.6471502881e+01    7.7560690000e-01    1.3440000000e+03    7.5124678230e-01    5.3928199405e-01
       110   -6.2684717612e+00    3.9355052307e+01   -1.0275577865e+01    4.0071061041e+00    8.3912285264e+00    7.0352112452e+00   -2.6447669238e+01    7.4565160065e-01    1.3440000000e+03    7.5108342841e-01    5.3815848214e-01
       111   -6.2656969522e+00    3.9311505845e+01   -1.0257706390e+01    3.9920094381e+00    8.4237127512e+00    7.0352112452e+00   -2.6464474061e+01    7.4784367462e-01    1.3440000000e+03    7.5203345186e-01    5.3863281250e-01
       112   -6.2604668738e+00    3.9273297333e+01   -1.0322294970e+01    4.0618280966e+00    8.4216983192e+00    7.0352112452e+00   -2.6522294391e+01    7.4308985577e-01    1.3440000000e+03    7.5153136002e-01    5.3934895833e-01
       113   -6.2633427573e+00    3.9304034878e+01   -1.0288811328e+01    4.0254685705e+00    8.4156818515e+00    7.0352112452e+00   -2.6522146216e+01    7.8244179163e-01    1.3440000000e+03    7.5114824389e-01    5.3872395833e-01
       114   -6.2638444380e+00    3.9308887663e+01   -1.0348168685e+01    4.0843242470e+00    8.4276212066e+00    7.0352112452e+00   -2.6427040431e+01    6.1603929461e-01    1.3440000000e+03    7.5198514906e-01    5.3750186012e-01
       115   -6.2603121452e+00    3.9258559569e+01   -1.0403168358e+01    4.1428562131e+00    8.4620569680e+00    7.0352112452e+00   -2.6587802804e+01    6.8736623237e-01    1.3440000000e+03    7.5189296287e-01    5.3968191964e-01
       116   -6.2612039195e+00    3.9263348457e+01   -1.0280020287e+01    4.0188163671e+00    8.4777968449e+00    7.0352112452e+00   -2.6593342316e+01    8.0031393955e-01    1.3440000000e+03    7.5154164816e-01    5.3934523810e-01
       117   -6.2629753355e+00    3.9296842408e+01   -1.0296519176e+01    4.0335438410e+00    8.4114589774e+00    7.0352112452e+00   -2.6460900652e+01    7.1771125279e-01    1.3440000000e+03    7.5187434939e-01    5.3914806548e-01
       118   -6.2698836203e+00    3.9394406894e+01   -1.0340148107e+01    4.0702644864e+00    8.4387425538e+00    7.0352112452e+00   -2.6571106269e+01    7.5700436351e-01    1.3440000000e+03    7.5162374539e-01    5.3834821429e-01
       119   -6.2715612360e+00    3.9399382221e+01   -1.0296481359e+01    4.0249201232e+00    8.4163453752e+00    7.0352112452e+00   -2.6466340874e+01    7.1830289415e-01    1.3440000000e+03    7.5031019760e-01    5.3975446429e-01
       120   -6.2782897866e+00    3.9490178393e+01   -1.0331728374e+01    4.0534385876e+00    8.4508990488e+00    7.0352112452e+00   -2.6525007287e+01    7.0716861913e-01    1.3440000000e+03    7.5160940533e-01    5.3835751488e-01
       121   -6.2539461581e+00    3.9186556271e+01   -1.0199549282e+01    3.9456031242e+00    8.4700762891e+00    7.0352112452e+00   -2.6529792106e+01    8.2495528933e-01    1.3440000000e+03    7.5193344446e-01    5.3891741071e-01
       122   -6.2581343631e+00    3.9217649159e+01   -1.0367923528e+01    4.1097891646e+00    8.4207879361e+00    7.0352112452e+00   -2.6608614878e+01    7.8469216899e-01    1.3440000000e+03    7.5102737825e-01    5.3959077381e-01
       123   -6.2582094888e+00    3.9246869175e+01   -1.0236128515e+01    3.9779190265e+00    8.3404534505e+00    7.0352112452e+00   -2.6357816175e+01    7.4602296358e-01    1.3440000000e+03    7.5037768410e-01    5.3888950893e-01
       124   -6.2675762814e+00    3.9361594632e+01   -1.0333350452e+01    4.0657741709e+00    8.3856285320e+00    7.0352112452e+00   -2.6462544938e+01    7.0835470869e-01    1.3440000000e+03    7.5050023848e-01    5.3823474702e-01
       125   -6.2769976528e+00    3.9498616558e+01   -1.0324555273e+01    4.0475576205e+00    8.4305013557e+00    7.0352112452e+00   -2.6445229784e+01    6.5496191004e-01    1.3440000000e+03    7.5141897857e-01    5.3960937500e-01
       126   -6.2643574868e+00    3.9313933908e+01   -1.0279970247e+01    4.0156127602e+00    8.4522177302e+00    7.0352112452e+00   -2.6525897139e+01    7.5849791619e-01    1.3440000000e+03    7.5213278140e-01    5.3815104167e-01
       127   -6.2543961135e+00    3.9224452184e+01   -1.0241269603e+01    3.9868734898e+00    8.4587806934e+00    7.0352112452e+00   -2.6459637179e+01    7.2437563679e-01    1.3440000000e+03    7.5156784709e-01    5.3889694940e-01
       128   -6.2711963858e+00    3.9376247540e+01   -1.0313661298e+01    4.0424649123e+00    8.4207575836e+00    7.0352112452e+00   -2.6432906404e+01    6.6327627701e-01    1.3440000000e+03    7.5086096669e-01    5.3824218750e-01
       129   -6.2623630611e+00    3.9277266391e+01   -1.0197249927e+01    3.9348868656e+00    8.4272877674e+00    7.0352112452e+00   -2.6472588401e+01    8.1283946129e-01    1.3440000000e+03    7.5245039779e-01    5.4039248512e-01
       130   -6.2699070245e+00    3.9379356886e+01   -1.0263061105e+01    3.9931540801e+00    8.3912779626e+00    7.0352112452e+00   -2.6435235040e+01    7.4568472798e-01    1.3440000000e+03    7.5055671087e-01    5.4101190476e-01
       131   -6.2610855082e+00    3.9364706252e+01   -1.0442469910e+01    4.1813844018e+00    8.4129453089e+00    7.0352112452e+00   -2.6569951253e+01    6.7932478856e-01    1.3440000000e+03    7.5114811676e-01    5.3999441964e-01
       132   -6.2566955674e+00    3.9279138930e+01   -1.0253765914e+01    3.9970703470e+00    8.4183299031e+00    7.0352112452e+00   -2.6459793223e+01    7.5248616000e-01    1.3440000000e+03    7.5132517813e-01    5.3915922619e-01
       133   -6.2704865946e+00    3.9372620455e+01   -1.0273277572e+01    4.0027909774e+00    8.3654819816e+00    7.0352112452e+00   -2.6351915137e+01    6.7794433832e-01    1.3440000000e+03    7.5006753903e-01    5.3913876488e-01
       134   -6.2666722296e+00    3.9317854187e+01   -1.0376623475e+01    4.1099512459e+00    8.4720538172e+00    7.0352112452e+00   -2.6563415328e+01    6.7952678992e-01    1.3440000000e+03    7.5140623444e-01    5.3778459821e-01
       135   -6.2689873067e+00    3.9349672423e+01   -1.0287963638e+01    4.0189763317e+00    8.4242457767e+00    7.0352112452e+00   -2.6460918927e+01    7.1349826612e-01    1.3440000000e+03    7.5128053112e-01    5.3936755952e-01
       136   -6.2584515110e+00    3.9229549026e+01   -1.0300997719e+01    4.0425462077e+00    8.4212320849e+00    7.0352112452e+00   -2.6471082320e+01    7.1364127067e-01    1.3440000000e+03    7.5092864214e-01    5.3851748512e-01
       137   -6.2730995873e+00    3.9409320641e+01   -1.0410312922e+01    4.1372133351e+00    8.3963674357e+00    7.0352112452e+00   -2.6618437129e+01    7.7654552597e-01    1.3440000000e+03    7.5102290247e-01    5.3902715774e-01
       138   -6.2713274825e+00    3.9389934900e+01   -1.0267413287e+01    3.9960858040e+00    8.4111980386e+00    7.0352112452e+00   -2.6432564676e+01    7.1874210570e-01    1.3440000000e+03    7.5128578677e-01    5.3875744048e-01
       139   -6.2565854975e+00    3.9196449029e+01   -1.0366801364e+01    4.1102158665e+00    8.4155175829e+00    7.0352112452e+00   -2.6551313987e+01    7.3378379464e-01    1.3440000000e+03    7.5074915042e-01    5.3854352679e-01
       140   -6.2719456117e+00    3.9402153186e+01   -1.0235132945e+01    3.9631873334e+00    8.4695338075e+00    7.0352112452e+00   -2.6399376690e+01    6.5949869170e-01    1.3440000000e+03    7.5152722307e-01    5.4052455357e-01
       141   -6.2635458738e+00    3.9297618495e+01   -1.0235139860e+01    3.9715939865e+00    8.4624174090e+00    7.0352112452e+00   -2.6404550111e+01    6.7178159603e-01    1.3440000000e+03    7.5096146353e-01    5.3975818452e-01
       142   -6.2672778703e+00    3.9380039258e+01   -1.0349339814e+01    4.0820619432e+00    8.4055728113e+00    7.0352112452e+00   -2.6527598643e+01    7.3747477282e-01    1.3440000000e+03    7.5103888556e-01    5.3844122024e-01
       143   -6.2718747514e+00    3.9426963702e+01   -1.0305526586e+01    4.0336518350e+00    8.4276708991e+00    7.0352112452e+00   -2.6499241709e+01    7.3083297845e-01    1.3440000000e+03    7.5131486437e-01    5.3949404762e-01
       144   -6.2625212556e+00    3.9281860600e+01   -1.0410103102e+01    4.1475818463e+00    8.4425287999e+00    7.0352112452e+00   -2.6541003990e+01    6.5316084334e-01    1.3440000000e+03    7.5036021905e-01    5.3854910714e-01
       145   -6.2637946309e+00    3.9296276665e+01   -1.0252728553e+01    3.9889339218e+00    8.4347193515e+00    7.0352112452e+00   -2.6458323679e+01    7.3566452924e-01    1.3440000000e+03    7.5195718343e-01    5.3836309524e-01
       146   -6.2519027565e+00    3.9143679171e+01   -1.0223024113e+01    3.9711213567e+00    8.4283026091e+00    7.0352112452e+00   -2.6475373484e+01    7.8883551683e-01    1.3440000000e+03    7.5196427529e-01    5.4010602679e-01
       147   -6.2687345141e+00    3.9379850265e+01   -1.0211271002e+01    3.9425364882e+00    8.4075967672e+00    7.0352112452e+00   -2.6308285177e+01    6.5420616211e-01    1.3440000000e+03    7.5081881055e-01    5.3913132440e-01
       148   -6.2595645280e+00    3.9238567813e+01   -1.0276274283e+01    4.0167097547e+00    8.3728165351e+00    7.0352112452e+00   -2.6417978987e+01    7.3367692423e-01    1.3440000000e+03    7.5075334274e-01    5.3936755952e-01
       149   -6.2529095615e+00    3.9156134997e+01   -1.0226025588e+01    3.9731160267e+00    8.4458215363e+00    7.0352112452e+00   -2.6503741601e+01    7.9668323130e-01    1.3440000000e+03    7.5378571642e-01    5.4086867560e-01
       150   -6.2529573981e+00    3.9176679912e+01   -1.0169146129e+01    3.9161887304e+00    8.4555700207e+00    7.0352112452e+00   -2.6444002940e+01    7.8407554598e-01    1.3440000000e+03    7.5236322120e-01    5.3959821429e-01
       151   -6.2631215138e+00    3.9278875620e+01   -1.0289374021e+01    4.0262525073e+00    8.4451751158e+00    7.0352112452e+00   -2.6531704564e+01    7.6194418158e-01    1.3440000000e+03    7.5275978226e-01    5.3872767857e-01
       152   -6.2619016148e+00    3.9295803821e+01   -1.0279111490e+01    4.0172098755e+00    8.4772610208e+00    7.0352112452e+00   -2.6559541096e+01    7.6795733978e-01    1.3440000000e+03    7.5239509910e-01    5.3990885417e-01
       153   -6.2609666263e+00    3.9250213363e+01   -1.0310357493e+01    4.0493908663e+00    8.4369869791e+00    7.0352112452e+00   -2.6518894824e+01    7.3633910697e-01    1.3440000000e+03    7.5249426990e-01    5.4050967262e-01
       154   -6.2708743123e+00    3.9395812717e+01   -1.0220750277e+01    3.9498759650e+00    8.3606419003e+00    7.0352112452e+00   -2.6329956046e+01    7.1335262362e-01    1.3440000000e+03    7.5112877432e-01    5.3941592262e-01
       155   -6.2586270641e+00    3.9263952491e+01   -1.0392479086e+01    4.1338520215e+00    8.4280304054e+00    7.0352112452e+00   -2.6630672446e+01    7.7495171023e-01    1.3440000000e+03    7.5150961739e-01    5.3789248512e-01
       156   -6.2706166468e+00    3.9394363804e+01   -1.0227969642e+01    3.9573529953e+00    8.3869317288e+00    7.0352112452e+00   -2.6370690838e+01    7.2057822199e-01    1.3440000000e+03    7.5143690074e-01    5.3940476190e-01
       157   -6.2648176586e+00    3.9354533032e+01   -1.0344016487e+01    4.0791988282e+00    8.4121792639e+00    7.0352112452e+00   -2.6536499073e+01    7.4509207680e-01    1.3440000000e+03    7.5162132724e-01    5.3929687500e-01
       158   -6.2730602182e+00    3.9417717629e+01   -1.0365006523e+01    4.0919463044e+00    8.4441070654e+00    7.0352112452e+00   -2.6555153449e+01    7.1082861597e-01    1.3440000000e+03    7.5259738618e-01    5.4026227679e-01
       159   -6.2674603084e+00    3.9364798413e+01   -1.0280544705e+01    4.0130843969e+00    8.4236387434e+00    7.0352112452e+00   -2.6477523118e+01    7.3812842358e-01    1.3440000000e+03    7.5095847885e-01    5.3892485119e-01
       160   -6.2656525152e+00    3.9318292985e+01   -1.0265599655e+01    3.9999471396e+00    8.4542438847e+00    7.0352112452e+00   -2.6555077671e+01    8.0002288594e-01    1.3440000000e+03    7.5252134029e-01    5.3968563988e-01
       161   -6.2698120929e+00    3.9374861981e+01   -1.0261299331e+01    3.9914872380e+00    8.3697464349e+00    7.0352112452e+00   -2.6332017078e+01    6.6576006667e-01    1.3440000000e+03    7.5060403126e-01    5.3862909226e-01
       162   -6.2632720081e+00    3.9324264173e+01   -1.0294668047e+01    4.0313960388e+00    8.4361148586e+00    7.0352112452e+00   -2.6501879894e+01    7.3588574292e-01    1.3440000000e+03    7.5195436383e-01    5.3931547619e-01
       163   -6.2606232295e+00    3.9287987400e+01   -1.0202389427e+01    3.9417661979e+00    8.4541699869e+00    7.0352112452e+00   -2.6450331166e+01    7.5856050673e-01    1.3440000000e+03    7.5178711795e-01    5.3927641369e-01
       164   -6.2763223644e+00    3.9442696158e+01   -1.0245380886e+01    3.9690585216e+00    8.4224893248e+00    7.0352112452e+00   -2.6388390551e+01    6.8530909477e-01    1.3440000000e+03    7.5119199562e-01    5.3841517857e-01
       165   -6.2570354416e+00    3.9230563968e+01   -1.0348677819e+01    4.0916423777e+00    8.4058711817e+00    7.0352112452e+00   -2.6452431060e+01    6.6267081379e-01    1.3440000000e+03    7.5194594956e-01    5.3850260417e-01
       166   -6.2697710344e+00    3.9371794795e+01   -1.0324309374e+01    4.0545383392e+00    8.4551981991e+00    7.0352112452e+00   -2.6527699760e+01    7.1298094173e-01    1.3440000000e+03    7.5249249979e-01    5.3947172619e-01
       167   -6.2693519314e+00    3.9359522107e+01   -1.0161495131e+01    3.8921431997e+00    8.3914051151e+00    7.0352112452e+00   -2.6345817926e+01    7.5770643432e-01    1.3440000000e+03    7.5070509471e-01    5.3866071429e-01
       168   -6.2540777080e+00    3.9161828355e+01   -1.0263070930e+01    4.0089932223e+00    8.4389824239e+00    7.0352112452e+00   -2.6476291923e+01    7.3902732352e-01    1.3440000000e+03    7.5242853183e-01    5.3810267857e-01
       169   -6.2762762341e+00    3.9456543288e+01   -1.0258581255e+01    3.9823050212e+00    8.3664851694e+00    7.0352112452e+00   -2.6307794708e+01    6.4751703830e-01    1.3440000000e+03    7.5164593292e-01    5.3942150298e-01
       170   -6.2770712125e+00    3.9510710849e+01   -1.0238317030e+01    3.9612458180e+00    8.4177537976e+00    7.0352112452e+00   -2.6434227466e+01    7.4294539262e-01    1.3440000000e+03    7.5165444811e-01    5.3945684524e-01
       171   -6.2709345648e+00    3.9411294621e+01   -1.0248174086e+01    3.9772395212e+00    8.4189836427e+00    7.0352112452e+00   -2.6465331240e+01    7.6296226566e-01    1.3440000000e+03    7.5104545165e-01    5.3924293155e-01
       172   -6.2709167433e+00    3.9413435763e+01   -1.0326617619e+01    4.0557008753e+00    8.4555426712e+00    7.0352112452e+00   -2.6582033347e+01    7.6466181160e-01    1.3440000000e+03    7.5228128389e-01    5.3909598214e-01
       173   -6.2660357303e+00    3.9321642113e+01   -1.0277007150e+01    4.0109714199e+00    8.4217525580e+00    7.0352112452e+00   -2.6507523765e+01    7.7355281116e-01    1.3440000000e+03    7.5137938598e-01    5.3822916667e-01
       174   -6.2677412632e+00    3.9358672255e+01   -1.0453315220e+01    4.1855739572e+00    8.4563091183e+00    7.0352112452e+00   -2.6643293020e+01    6.9845743627e-01    1.3440000000e+03    7.5263961897e-01    5.3875558036e-01
       175   -6.2764838975e+00    3.9502159644e+01   -1.0313927380e+01    4.0374434823e+00    8.4005935524e+00    7.0352112452e+00   -2.6421735735e+01    6.7200355732e-01    1.3440000000e+03    7.5206120004e-01    5.3970610119e-01
       176   -6.2624379638e+00    3.9295322073e+01   -1.0257984777e+01    3.9955468132e+00    8.4275015439e+00    7.0352112452e+00   -2.6421569217e+01    7.0087165039e-01    1.3440000000e+03    7.5143039822e-01    5.3904017857e-01
       177   -6.2741539582e+00    3.9428385559e+01   -1.0242442862e+01    3.9682889035e+00    8.3846855193e+00    7.0352112452e+00   -2.6413225647e+01    7.5088602105e-01    1.3440000000e+03    7.5115289463e-01    5.3933593750e-01
       178   -6.2707951598e+00    3.9401204137e+01   -1.0240578225e+01    3.9697830651e+00    8.4199402322e+00    7.0352112452e+00   -2.6405447210e+01    7.0971750809e-01    1.3440000000e+03    7.5093217529e-01    5.3849330357e-01
       179   -6.2452276507e+00    3.9079060937e+01   -1.0295608871e+01    4.0503812199e+00    8.4654280790e+00    7.0352112452e+00   -2.6519939168e+01    7.2369097298e-01    1.3440000000e+03    7.5249361164e-01    5.3934337798e-01
       180   -6.2530377482e+00    3.9170654037e+01   -1.0210837270e+01    3.9577995221e+00    8.4344249225e+00    7.0352112452e+00   -2.6396044493e+01    7.1557105517e-01    1.3440000000e+03    7.5184737276e-01    5.3963355655e-01
       181   -6.2796096774e+00    3.9507427263e+01   -1.0222878048e+01    3.9432683705e+00    8.3761966209e+00    7.0352112452e+00   -2.6360912086e+01    7.2662617212e-01    1.3440000000e+03    7.5017000096e-01    5.3999627976e-01
       182   -6.2506202168e+00    3.9157790198e+01   -1.0267281137e+01    4.0166609198e+00    8.4582975973e+00    7.0352112452e+00   -2.6499317917e+01    7.3852793791e-01    1.3440000000e+03    7.5095044792e-01    5.3929501488e-01
       183   -6.2594175252e+00    3.9296543870e+01   -1.0206328572e+01    3.9469110468e+00    8.3996736342e+00    7.0352112452e+00   -2.6394128659e+01    7.5291520797e-01    1.3440000000e+03    7.5095417389e-01    5.3805803571e-01
       184   -6.2728397430e+00    3.9414763516e+01   -1.0276839615e+01    4.0039998723e+00    8.4722401316e+00    7.0352112452e+00   -2.6501525505e+01    7.1723451248e-01    1.3440000000e+03    7.5364703652e-01    5.3895089286e-01
       185   -6.2594131958e+00    3.9231745837e+01   -1.0390195852e+01    4.1307826557e+00    8.4176637730e+00    7.0352112452e+00   -2.6509624129e+01    6.6655325965e-01    1.3440000000e+03    7.5159063414e-01    5.4026599702e-01
       186   -6.2693811354e+00    3.9369668386e+01   -1.0141907062e+01    3.8725259270e+00    8.3941651379e+00    7.0352112452e+00   -2.6252742606e+01    6.8145916083e-01    1.3440000000e+03    7.5098668918e-01    5.3833891369e-01
       187   -6.2611509190e+00    3.9275343367e+01   -1.0351788898e+01    4.0906379789e+00    8.4878324614e+00    7.0352112452e+00   -2.6564103389e+01    6.8927078492e-01    1.3440000000e+03    7.5166049913e-01    5.3854166667e-01
       188   -6.2581138582e+00    3.9233812992e+01   -1.0318328886e+01    4.0602150279e+00    8.4995256867e+00    7.0352112452e+00   -2.6595036960e+01    7.4197114205e-01    1.3440000000e+03    7.5196261204e-01    5.3853236607e-01
       189   -6.2651962120e+00    3.9305628626e+01   -1.0210711433e+01    3.9455152206e+00    8.3852593825e+00    7.0352112452e+00   -2.6395780699e+01    7.6459863905e-01    1.3440000000e+03    7.5123098974e-01    5.3992745536e-01
       190   -6.2600170929e+00    3.9247876344e+01   -1.0320297064e+01    4.0602799715e+00    8.3903713133e+00    7.0352112452e+00   -2.6536192052e+01    7.9031242895e-01    1.3440000000e+03    7.5121731888e-01    5.3959635417e-01
       191   -6.2617017738e+00    3.9300106292e+01   -1.0249739802e+01    3.9880380284e+00    8.4245226910e+00    7.0352112452e+00   -2.6622972743e+01    9.1349900485e-01    1.3440000000e+03    7.5250400864e-01    5.4009114583e-01
       192   -6.2660971856e+00    3.9409106882e+01   -1.0190149768e+01    3.9240525829e+00    8.4261937617e+00    7.0352112452e+00   -2.6471670085e+01    8.2011530921e-01    1.3440000000e+03    7.5163568094e-01    5.3849330357e-01
       193   -6.2648849877e+00    3.9354069016e+01   -1.0279873158e+01    4.0149881703e+00    8.4084323241e+00    7.0352112452e+00   -2.6488127083e+01    7.6461035608e-01    1.3440000000e+03    7.5062270148e-01    5.3851934524e-01
       194   -6.2619854216e+00    3.9280342978e+01   -1.0334271443e+01    4.0722860216e+00    8.4639914736e+00    7.0352112452e+00   -2.6541842955e+01    7.0836879259e-01    1.3440000000e+03    7.5324895087e-01    5.3856956845e-01
       195   -6.2658685156e+00    3.9315480857e+01   -1.0260830570e+01    3.9949620546e+00    8.4586261811e+00    7.0352112452e+00   -2.6454651344e+01    6.9998334799e-01    1.3440000000e+03    7.5189814477e-01    5.3847098214e-01
       196   -6.2656897928e+00    3.9355720789e+01   -1.0236373207e+01    3.9706834146e+00    8.4281351738e+00    7.0352112452e+00   -2.6454050025e+01    7.5433039902e-01    1.3440000000e+03    7.5107755191e-01    5.3899367560e-01
       197   -6.2608429344e+00    3.9262551087e+01   -1.0331679601e+01    4.0708366670e+00    8.3964687856e+00    7.0352112452e+00   -2.6482632279e+01    7.1927264667e-01    1.3440000000e+03    7.5023777156e-01    5.4005766369e-01
       198   -6.2709333038e+00    3.9384513326e+01   -1.0271465545e+01    4.0005322416e+00    8.4604165223e+00    7.0352112452e+00   -2.6448790586e+01    6.8169727340e-01    1.3440000000e+03    7.5186234098e-01    5.4005580357e-01
       199   -6.2612456633e+00    3.9324735731e+01   -1.0241900603e+01    3.9806549395e+00    8.4159282190e+00    7.0352112452e+00   -2.6446599208e+01    7.5355914077e-01    1.3440000000e+03    7.5175060575e-01    5.3875186012e-01
       200   -6.2669318241e+00    3.9344011001e+01   -1.0304792208e+01    4.0378603838e+00    8.4453633037e+00    7.0352112452e+00   -2.6519747537e+01    7.3438078049e-01    1.3440000000e+03    7.5209448083e-01    5.3901599702e-01
       201   -6.2541711570e+00    3.9173892927e+01   -1.0249175323e+01    3.9950041656e+00    8.4403074224e+00    7.0352112452e+00   -2.6469451921e+01    7.4475793077e-01    1.3440000000e+03    7.5172816381e-01    5.3917038690e-01
       202   -6.2771859057e+00    3.9511844197e+01   -1.0208296490e+01    3.9311105838e+00    8.4145969736e+00    7.0352112452e+00   -2.6344295628e+01    6.8619091999e-01    1.3440000000e+03    7.5000921049e-01    5.3955915179e-01
       203   -6.2669581249e+00    3.9390507712e+01   -1.0348378747e+01    4.0814206222e+00    8.4527408186e+00    7.0352112452e+00   -2.6553471065e+01    7.1714025442e-01    1.3440000000e+03    7.5144820970e-01    5.3758370536e-01
       204   -6.2628880538e+00    3.9298054143e+01   -1.0228305534e+01    3.9654174803e+00    8.4222300540e+00    7.0352112452e+00   -2.6419354902e+01    7.3360806878e-01    1.3440000000e+03    7.5071730047e-01    5.3998511905e-01
       205   -6.2719687518e+00    3.9396664092e+01   -1.0364067819e+01    4.0920990676e+00    8.4530988529e+00    7.0352112452e+00   -2.6554531358e+01    7.0215344082e-01    1.3440000000e+03    7.5255367133e-01    5.3868675595e-01
       206   -6.2654946851e+00    3.9341500816e+01   -1.0239463510e+01    3.9739688253e+00    8.4199355869e+00    7.0352112452e+00   -2.6427598070e+01    7.3298772783e-01    1.3440000000e+03    7.5178531612e-01    5.3934337798e-01
       207   -6.2661995775e+00    3.9343437952e+01   -1.0214899081e+01    3.9486995037e+00    8.3929279455e+00    7.0352112452e+00   -2.6359282522e+01    7.1624425043e-01    1.3440000000e+03    7.5154203622e-01    5.3964843750e-01
       208   -6.2492186737e+00    3.9143551794e+01   -1.0249229136e+01    4.0000104620e+00    8.3821794497e+00    7.0352112452e+00   -2.6404472310e+01    7.3785247888e-01    1.3440000000e+03    7.5169292624e-01    5.3863839286e-01
       209   -6.2774919432e+00    3.9488523699e+01   -1.0291530063e+01    4.0140381199e+00    8.4181325926e+00    7.0352112452e+00   -2.6487846583e+01    7.4297268180e-01    1.3440000000e+03    7.5193470777e-01    5.3798177083e-01
       210   -6.2688865857e+00    3.9370540759e+01   -1.0279878778e+01    4.0109921927e+00    8.3906658626e+00    7.0352112452e+00   -2.6423018389e+01    7.1726250302e-01    1.3440000000e+03    7.4998933542e-01    5.3842819940e-01
       211   -6.2573464285e+00    3.9257273331e+01   -1.0187301863e+01    3.9299554350e+00    8.4277220086e+00    7.0352112452e+00   -2.6386253475e+01    7.3601835815e-01    1.3440000000e+03    7.5094091146e-01    5.4006882440e-01
       212   -6.2634781215e+00    3.9288619851e+01   -1.0336528455e+01    4.0730503333e+00    8.3798246376e+00    7.0352112452e+00   -2.6395093830e+01    6.4352949188e-01    1.3440000000e+03    7.5200198981e-01    5.4017857143e-01
       213   -6.2527838451e+00    3.9153906940e+01   -1.0210215280e+01    3.9574314348e+00    8.4280023395e+00    7.0352112452e+00   -2.6402470855e+01    7.2904199031e-01    1.3440000000e+03    7.5204581811e-01    5.3873139881e-01
       214   -6.2561572370e+00    3.9190321997e+01   -1.0333229320e+01    4.0770720829e+00    8.4847115270e+00    7.0352112452e+00   -2.6550256875e+01    6.9710478240e-01    1.3440000000e+03    7.5245041502e-01    5.3915550595e-01
       215   -6.2597389974e+00    3.9288028738e+01   -1.0300466419e+01    4.0407274212e+00    8.3920848449e+00    7.0352112452e+00   -2.6508713894e+01    7.8095138567e-01    1.3440000000e+03    7.5100713232e-01    5.3877976190e-01
       216   -6.2685339827e+00    3.9389600443e+01   -1.0281003765e+01    4.0124697828e+00    8.4097847266e+00    7.0352112452e+00   -2.6508542358e+01    7.8254262119e-01    1.3440000000e+03    7.5051185629e-01    5.3831287202e-01
       217   -6.2593523227e+00    3.9238574696e+01   -1.0324061816e+01    4.0647094934e+00    8.4350888610e+00    7.0352112452e+00   -2.6498447152e+01    7.0408522945e-01    1.3440000000e+03    7.5240321203e-01    5.3818452381e-01
       218   -6.2698213581e+00    3.9393986563e+01   -1.0350162723e+01    4.0803413648e+00    8.4604357965e+00    7.0352112452e+00   -2.6617283139e+01    7.7147337430e-01    1.3440000000e+03    7.5150781290e-01    5.3796875000e-01
       219   -6.2639301680e+00    3.9347219860e+01   -1.0342703043e+01    4.0787728752e+00    8.4906561812e+00    7.0352112452e+00   -2.6631656193e+01    7.6308572384e-01    1.3440000000e+03    7.5240652537e-01    5.3989583333e-01
       220   -6.2588131647e+00    3.9257948630e+01   -1.0293712755e+01    4.0348995900e+00    8.4313526146e+00    7.0352112452e+00   -2.6565828801e+01    8.0555218639e-01    1.3440000000e+03    7.5085746243e-01    5.3824776786e-01
       221   -6.2607829413e+00    3.9263817389e+01   -1.0316000259e+01    4.0552173172e+00    8.4265294164e+00    7.0352112452e+00   -2.6495726105e+01    7.1798518494e-01    1.3440000000e+03    7.5235110152e-01    5.3894345238e-01
       222   -6.2567555834e+00    3.9245428823e+01   -1.0417612333e+01    4.1608567501e+00    8.4165741102e+00    7.0352112452e+00   -2.6618181077e+01    7.4878338823e-01    1.3440000000e+03    7.5132957406e-01    5.3832589286e-01
       223   -6.2594658220e+00    3.9258520247e+01   -1.0292051416e+01    4.0325855942e+00    8.4426052514e+00    7.0352112452e+00   -2.6513038744e+01    7.4317083123e-01    1.3440000000e+03    7.5229654331e-01    5.3908482143e-01
       224   -6.2722016032e+00    3.9403608271e+01   -1.0300041815e+01    4.0278402116e+00    8.4165733665e+00    7.0352112452e+00   -2.6448230640e+01    6.9640421332e-01    1.3440000000e+03    7.5134179586e-01    5.3794084821e-01
       225   -6.2610719256e+00    3.9272774890e+01   -1.0208754883e+01    3.9476829575e+00    8.4621225552e+00    7.0352112452e+00   -2.6430613804e+01    7.2452512081e-01    1.3440000000e+03    7.5146192922e-01    5.4068452381e-01
       226   -6.2708924292e+00    3.9377605558e+01   -1.0309156357e+01    4.0382639281e+00    8.4191824840e+00    7.0352112452e+00   -2.6418243593e+01    6.5469350605e-01    1.3440000000e+03    7.5142712791e-01    5.3830543155e-01
       227   -6.2794430957e+00    3.9612374707e+01   -1.0217027795e+01    3.9375846990e+00    8.4486883165e+00    7.0352112452e+00   -2.6516630420e+01    8.1570306336e-01    1.3440000000e+03    7.5168870734e-01    5.3898623512e-01
       228   -6.2677311028e+00    3.9340163669e+01   -1.0387832730e+01    4.1201016274e+00    8.3691004099e+00    7.0352112452e+00   -2.6512778121e+01    7.2063373568e-01    1.3440000000e+03    7.5150363133e-01    5.3943266369e-01
       229   -6.2643694800e+00    3.9298838153e+01   -1.0222582433e+01    3.9582129527e+00    8.4026930696e+00    7.0352112452e+00   -2.6366930170e+01    7.0644342257e-01    1.3440000000e+03    7.5100369330e-01    5.3847284226e-01
       230   -6.2579146288e+00    3.9219443292e+01   -1.0265104590e+01    4.0071899608e+00    8.4352772418e+00    7.0352112452e+00   -2.6495517936e+01    7.5992485935e-01    1.3440000000e+03    7.5156740883e-01    5.3859933036e-01
       231   -6.2702591331e+00    3.9371425519e+01   -1.0315647227e+01    4.0453880943e+00    8.4632144755e+00    7.0352112452e+00   -2.6573260894e+01    7.5918794638e-01    1.3440000000e+03    7.5237980100e-01    5.3835565476e-01
       232   -6.2564294306e+00    3.9200031790e+01   -1.0233840488e+01    3.9774110571e+00    8.4238770795e+00    7.0352112452e+00   -2.6509253599e+01    8.1632478682e-01    1.3440000000e+03    7.5199367210e-01    5.3993675595e-01
       233   -6.2658546458e+00    3.9356479886e+01   -1.0279046621e+01    4.0131919753e+00    8.4780782499e+00    7.0352112452e+00   -2.6629450060e+01    8.3711394331e-01    1.3440000000e+03    7.5159632137e-01    5.3820498512e-01
       234   -6.2693375456e+00    3.9363655166e+01   -1.0275487195e+01    4.0061496491e+00    8.4713273847e+00    7.0352112452e+00   -2.6578657332e+01    7.9663150764e-01    1.3440000000e+03    7.5215889072e-01    5.3874627976e-01
       235   -6.2593962915e+00    3.9226565055e+01   -1.0356531183e+01    4.0971348914e+00    8.4517023446e+00    7.0352112452e+00   -2.6603116497e+01    7.5967172396e-01    1.3440000000e+03    7.5231246769e-01    5.3742745536e-01
       236   -6.2686593564e+00    3.9363218674e+01   -1.0331420548e+01    4.0627611916e+00    8.4231234373e+00    7.0352112452e+00   -2.6595749528e+01    8.0599429705e-01    1.3440000000e+03    7.5244222303e-01    5.3996465774e-01
       237   -6.2684548013e+00    3.9357210699e+01   -1.0429606383e+01    4.1611515822e+00    8.4325366851e+00    7.0352112452e+00   -2.6575766980e+01    6.7841266582e-01    1.3440000000e+03    7.5227369465e-01    5.3933221726e-01
       238   -6.2774110260e+00    3.9467236694e+01   -1.0287119055e+01    4.0097080294e+00    8.3644914971e+00    7.0352112452e+00   -2.6393598791e+01    7.0677699300e-01    1.3440000000e+03    7.5056515893e-01    5.3960937500e-01
       239   -6.2632554875e+00    3.9308772910e+01   -1.0305628679e+01    4.0423731915e+00    8.4586886603e+00    7.0352112452e+00   -2.6509235107e+01    7.0970652228e-01    1.3440000000e+03    7.5136012787e-01    5.4015625000e-01
       240   -6.2635345251e+00    3.9279672421e+01   -1.0321875014e+01    4.0583404892e+00    8.4555780836e+00    7.0352112452e+00   -2.6535006358e+01    7.2234201465e-01    1.3440000000e+03    7.5216852387e-01    5.3907552083e-01
       241   -6.2595171325e+00    3.9229391689e+01   -1.0264262474e+01    4.0047453411e+00    8.3990989626e+00    7.0352112452e+00   -2.6457286071e+01    7.5871338990e-01    1.3440000000e+03    7.5056105295e-01    5.3866815476e-01
       242   -6.2594901537e+00    3.9262369158e+01   -1.0392112390e+01    4.1326222367e+00    8.4669110520e+00    7.0352112452e+00   -2.6613775954e+01    7.1954126586e-01    1.3440000000e+03    7.5119934343e-01    5.3768229167e-01
       243   -6.2723185658e+00    3.9423487104e+01   -1.0123157461e+01    3.8508388951e+00    8.4976594550e+00    7.0352112452e+00   -2.6427369826e+01    7.7134166502e-01    1.3440000000e+03    7.5209684185e-01    5.3961867560e-01
       244   -6.2596007919e+00    3.9239824220e+01   -1.0315994107e+01    4.0563933149e+00    8.4395057899e+00    7.0352112452e+00   -2.6609973747e+01    8.1926260501e-01    1.3440000000e+03    7.5182966488e-01    5.3939918155e-01
       245   -6.2571910825e+00    3.9219504238e+01   -1.0355768170e+01    4.0985770880e+00    8.4899154003e+00    7.0352112452e+00   -2.6661362057e+01    7.8046724131e-01    1.3440000000e+03    7.5157373817e-01    5.3789434524e-01
       246   -6.2752655542e+00    3.9438728760e+01   -1.0323805939e+01    4.0485403850e+00    8.4605234678e+00    7.0352112452e+00   -2.6522840095e+01    7.0329944273e-01    1.3440000000e+03    7.5238270894e-01    5.3968005952e-01
       247   -6.2623520423e+00    3.9267734198e+01   -1.0416558359e+01    4.1542063169e+00    8.4146141542e+00    7.0352112452e+00   -2.6568808705e+01    7.0242494664e-01    1.3440000000e+03    7.5116232479e-01    5.3778459821e-01
       248   -6.2549203611e+00    3.9174347246e+01   -1.0255284048e+01    4.0003636872e+00    8.3942181145e+00    7.0352112452e+00   -2.6406060465e+01    7.2134705675e-01    1.3440000000e+03    7.5103178958e-01    5.3900111607e-01
       249   -6.2579161981e+00    3.9270071780e+01   -1.0268553832e+01    4.0106376340e+00    8.4225199782e+00    7.0352112452e+00   -2.6468260447e+01    7.4197539091e-01    1.3440000000e+03    7.5123550818e-01    5.3964471726e-01
       250   -6.2590243620e+00    3.9233772036e+01   -1.0173710813e+01    3.9146864512e+00    8.3989932010e+00    7.0352112452e+00   -2.6395484123e+01    7.8756886313e-01    1.3440000000e+03    7.5081256692e-01    5.3875558036e-01
       251   -6.2690552277e+00    3.9368125268e+01   -1.0299853947e+01    4.0307987196e+00    8.4536773570e+00    7.0352112452e+00   -2.6582576966e+01    7.9383441673e-01    1.3440000000e+03    7.5233022693e-01    5.3963355655e-01
       252   -6.2580919288e+00    3.9371100511e+01   -1.0281729851e+01    4.0236379226e+00    8.4133968062e+00    7.0352112452e+00   -2.6402611546e+01    6.7227364300e-01    1.3440000000e+03    7.5081282098e-01    5.3996837798e-01
       253   -6.2642246345e+00    3.9296710286e+01   -1.0181620902e+01    3.9173962680e+00    8.3871044350e+00    7.0352112452e+00   -2.6362893289e+01    7.5895670618e-01    1.3440000000e+03    7.4985286305e-01    5.3978050595e-01
       254   -6.2664854720e+00    3.9332309073e+01   -1.0243195152e+01    3.9767096798e+00    8.3987323787e+00    7.0352112452e+00   -2.6379974412e+01    7.0283563666e-01    1.3440000000e+03    7.5147354260e-01    5.3804129464e-01
       255   -6.2552332637e+00    3.9175687229e+01   -1.0428740996e+01    4.1735077320e+00    8.4533875304e+00    7.0352112452e+00   -2.6577010343e+01    6.5967057133e-01    1.3440000000e+03    7.5237567551e-01    5.3796130952e-01
       256   -6.2561236904e+00    3.9189523070e+01   -1.0361414483e+01    4.1052907927e+00    8.4214644527e+00    7.0352112452e+00   -2.6556588152e+01    7.3849797145e-01    1.3440000000e+03    7.5223636554e-01    5.3858630952e-01
       257   -6.2583933918e+00    3.9224039747e+01   -1.0304949773e+01    4.0465563812e+00    8.4433125473e+00    7.0352112452e+00   -2.6567826940e+01    7.8435337415e-01    1.3440000000e+03    7.5214993017e-01    5.3783668155e-01
       258   -6.2725739285e+00    3.9404088492e+01   -1.0264096935e+01    3.9915230066e+00    8.4132574405e+00    7.0352112452e+00   -2.6454353434e+01    7.4178781281e-01    1.3440000000e+03    7.5162599955e-01    5.4053943452e-01
       259   -6.2609744376e+00    3.9250611480e+01   -1.0294324508e+01    4.0333500700e+00    8.4452402511e+00    7.0352112452e+00   -2.6490458499e+01    7.1568249526e-01    1.3440000000e+03    7.5271901012e-01    5.4042596726e-01
       260   -6.2592944619e+00    3.9239200617e+01   -1.0314654957e+01    4.0553604955e+00    8.4142686468e+00    7.0352112452e+00   -2.6463321178e+01    6.9918632842e-01    1.3440000000e+03    7.5083829519e-01    5.3902901786e-01
       261   -6.2666610541e+00    3.9331138466e+01   -1.0337082369e+01    4.0704213150e+00    8.4924216711e+00    7.0352112452e+00   -2.6651714451e+01    7.8699916565e-01    1.3440000000e+03    7.5263276722e-01    5.3917968750e-01
       262   -6.2803481651e+00    3.9492492452e+01   -1.0303524613e+01    4.0231764482e+00    8.4178205395e+00    7.0352112452e+00   -2.6524757859e+01    7.6820146058e-01    1.3440000000e+03    7.5103864231e-01    5.3973586310e-01
       263   -6.2808485482e+00    3.9532746247e+01   -1.0267083828e+01    3.9862352796e+00    8.4332019081e+00    7.0352112452e+00   -2.6551270938e+01    8.1577395691e-01    1.3440000000e+03    7.5273598503e-01    5.3774181548e-01
       264   -6.2485626512e+00    3.9110274104e+01   -1.0316862207e+01    4.0682995562e+00    8.4045013868e+00    7.0352112452e+00   -2.6490748454e+01    7.3417361446e-01    1.3440000000e+03    7.5138961023e-01    5.4013950893e-01
       265   -6.2528486852e+00    3.9178060859e+01   -1.0229812597e+01    3.9769639122e+00    8.3475040519e+00    7.0352112452e+00   -2.6266542416e+01    6.5401452160e-01    1.3440000000e+03    7.5095510781e-01    5.3846726190e-01
       266   -6.2662384234e+00    3.9320039039e+01   -1.0292027578e+01    4.0257891542e+00    8.4150340575e+00    7.0352112452e+00   -2.6545715324e+01    8.0344244400e-01    1.3440000000e+03    7.5077469348e-01    5.3890438988e-01
       267   -6.2753040804e+00    3.9444325376e+01   -1.0335514450e+01    4.0602103696e+00    8.4262881933e+00    7.0352112452e+00   -2.6575495246e+01    7.7848135790e-01    1.3440000000e+03    7.5211791817e-01    5.3961123512e-01
       268   -6.2745166459e+00    3.9427368648e+01   -1.0294008788e+01    4.0194921425e+00    8.4917158700e+00    7.0352112452e+00   -2.6527089329e+01    7.0615342537e-01    1.3440000000e+03    7.5230107827e-01    5.3815476190e-01
       269   -6.2739358511e+00    3.9431823060e+01   -1.0247083249e+01    3.9731473978e+00    8.4150784420e+00    7.0352112452e+00   -2.6379815560e+01    6.8244262414e-01    1.3440000000e+03    7.5145700573e-01    5.3890811012e-01
       270   -6.2686240721e+00    3.9349042044e+01   -1.0213294168e+01    3.9446700960e+00    8.4555967545e+00    7.0352112452e+00   -2.6430713652e+01    7.2661148426e-01    1.3440000000e+03    7.5194092943e-01    5.3944940476e-01
       271   -6.2801131037e+00    3.9533308775e+01   -1.0371850986e+01    4.0917378823e+00    8.3514707937e+00    7.0352112452e+00   -2.6506880635e+01    7.4834760966e-01    1.3440000000e+03    7.5083033011e-01    5.3877046131e-01
       272   -6.2684693916e+00    3.9394038714e+01   -1.0323143155e+01    4.0546737635e+00    8.4693800701e+00    7.0352112452e+00   -2.6540954570e+01    7.1322009982e-01    1.3440000000e+03    7.5106957784e-01    5.3872395833e-01
       273   -6.2750013176e+00    3.9436557327e+01   -1.0315375605e+01    4.0403742874e+00    8.4428482244e+00    7.0352112452e+00   -2.6502263387e+01    7.0882831187e-01    1.3440000000e+03    7.5182922538e-01    5.3864955357e-01
       274   -6.2642164729e+00    3.9313268460e+01   -1.0268084365e+01    4.0038678922e+00    8.4322534290e+00    7.0352112452e+00   -2.6522175260e+01    7.8662622095e-01    1.3440000000e+03    7.5107911526e-01    5.3954799107e-01
       275   -6.2620362261e+00    3.9257250387e+01   -1.0269657267e+01    4.0076210404e+00    8.3949676163e+00    7.0352112452e+00   -2.6406254576e+01    7.0641844791e-01    1.3440000000e+03    7.5161356445e-01    5.3906994048e-01
       276   -6.2583391771e+00    3.9237947541e+01   -1.0296398699e+01    4.0380595217e+00    8.4653173364e+00    7.0352112452e+00   -2.6535178248e+01    7.3825096767e-01    1.3440000000e+03    7.5172409734e-01    5.4036086310e-01
       277   -6.2705414922e+00    3.9381808803e+01   -1.0353336455e+01    4.0827949628e+00    8.4551588794e+00    7.0352112452e+00   -2.6520913229e+01    6.7720664933e-01    1.3440000000e+03    7.5272777025e-01    5.3874441964e-01
       278   -6.2703891423e+00    3.9405700147e+01   -1.0253631915e+01    3.9832427729e+00    8.4518146421e+00    7.0352112452e+00   -2.6513627530e+01    7.7296972780e-01    1.3440000000e+03    7.5146152523e-01    5.3881696429e-01
       279   -6.2643005922e+00    3.9299662986e+01   -1.0362883395e+01    4.0985828030e+00    8.4335939691e+00    7.0352112452e+00   -2.6568943512e+01    7.3725490291e-01    1.3440000000e+03    7.5127736744e-01    5.3853422619e-01
       280   -6.2678201957e+00    3.9360691254e+01   -1.0328675115e+01    4.0608549189e+00    8.4076815598e+00    7.0352112452e+00   -2.6522638675e+01    7.5107075529e-01    1.3440000000e+03    7.5148647822e-01    5.3956845238e-01
       281   -6.2636061015e+00    3.9281490037e+01   -1.0395730705e+01    4.1321246034e+00    8.4095858827e+00    7.0352112452e+00   -2.6500817662e+01    6.6028982957e-01    1.3440000000e+03    7.5127192145e-01    5.3899181548e-01
       282   -6.2582164914e+00    3.9236036639e+01   -1.0338818109e+01    4.0806016181e+00    8.4131390918e+00    7.0352112452e+00   -2.6434275088e+01    6.4710664132e-01    1.3440000000e+03    7.5121028854e-01    5.3925967262e-01
       283   -6.2660306741e+00    3.9321064912e+01   -1.0223082699e+01    3.9570520247e+00    8.4214771139e+00    7.0352112452e+00   -2.6418664001e+01    7.3889294255e-01    1.3440000000e+03    7.5136612096e-01    5.3755208333e-01
       284   -6.2597722111e+00    3.9239184872e+01   -1.0391181439e+01    4.1314092282e+00    8.3745250231e+00    7.0352112452e+00   -2.6491814380e+01    6.9089667270e-01    1.3440000000e+03    7.5139574517e-01    5.3845052083e-01
       285   -6.2695484207e+00    3.9360935406e+01   -1.0093117559e+01    3.8235691380e+00    8.4184622617e+00    7.0352112452e+00   -2.6273835194e+01    7.2704412790e-01    1.3440000000e+03    7.5162085505e-01    5.3977492560e-01
       286   -6.2667396284e+00    3.9332785666e+01   -1.0280080969e+01    4.0133413406e+00    8.3822799634e+00    7.0352112452e+00   -2.6439392740e+01    7.4182056225e-01    1.3440000000e+03    7.5065203813e-01    5.4020275298e-01
       287   -6.2636202449e+00    3.9318433588e+01   -1.0302206129e+01    4.0385858837e+00    8.4270919067e+00    7.0352112452e+00   -2.6454474681e+01    6.8996540094e-01    1.3440000000e+03    7.5267513410e-01    5.3840587798e-01
       288   -6.2775259174e+00    3.9500878283e+01   -1.0319479988e+01    4.0419540707e+00    8.3779367981e+00    7.0352112452e+00   -2.6482804115e+01    7.5017608331e-01    1.3440000000e+03    7.5120509328e-01    5.3954241071e-01
       289   -6.2546819244e+00    3.9200006764e+01   -1.0237509480e+01    3.9828275558e+00    8.4161142293e+00    7.0352112452e+00   -2.6412318648e+01    7.2348369333e-01    1.3440000000e+03    7.5186854322e-01    5.3926711310e-01
       290   -6.2643470287e+00    3.9393633889e+01   -1.0330146196e+01    4.0657991670e+00    8.4377157576e+00    7.0352112452e+00   -2.6538284486e+01    7.3521128773e-01    1.3440000000e+03    7.5128604531e-01    5.3952380952e-01
       291   -6.2694657346e+00    3.9384379118e+01   -1.0303675146e+01    4.0342094114e+00    8.4248447296e+00    7.0352112452e+00   -2.6553823083e+01    7.9009196243e-01    1.3440000000e+03    7.5157873191e-01    5.3830729167e-01
       292   -6.2733937405e+00    3.9417537818e+01   -1.0178873844e+01    3.9054801034e+00    8.4032373746e+00    7.0352112452e+00   -2.6298357732e+01    6.8103526854e-01    1.3440000000e+03    7.5157106553e-01    5.3975446429e-01
       293   -6.2568206398e+00    3.9241411795e+01   -1.0283991692e+01    4.0271710523e+00    8.4014576615e+00    7.0352112452e+00   -2.6511613486e+01    7.9095288710e-01    1.3440000000e+03    7.5118599220e-01    5.3794270833e-01
       294   -6.2591137862e+00    3.9227536206e+01   -1.0233164466e+01    3.9740506795e+00    8.4150699373e+00    7.0352112452e+00   -2.6406163298e+01    7.2271764945e-01    1.3440000000e+03    7.5287903383e-01    5.3989955357e-01
       295   -6.2665840331e+00    3.9330275132e+01   -1.0244012519e+01    3.9774284863e+00    8.4342237863e+00    7.0352112452e+00   -2.6481933530e+01    7.6848597864e-01    1.3440000000e+03    7.5132845253e-01    5.3893229167e-01
       296   -6.2649675901e+00    3.9304653900e+01   -1.0299767249e+01    4.0347996590e+00    8.4111397918e+00    7.0352112452e+00   -2.6461477302e+01    7.1535901584e-01    1.3440000000e+03    7.5122032850e-01    5.3932105655e-01
       297   -6.2551024890e+00    3.9176117111e+01   -1.0297441705e+01    4.0423392163e+00    8.4455989795e+00    7.0352112452e+00   -2.6486359478e+01    7.0810754786e-01    1.3440000000e+03    7.5251666886e-01    5.3905691964e-01
       298   -6.2564564908e+00    3.9233057259e+01   -1.0312695603e+01    4.0562391119e+00    8.4407407256e+00    7.0352112452e+00   -2.6422874220e+01    6.3422664669e-01    1.3440000000e+03    7.5255334833e-01    5.3837053571e-01
       299   -6.2596415407e+00    3.9238247030e+01   -1.0319830096e+01    4.0601885554e+00    8.4145251704e+00    7.0352112452e+00   -2.6498153825e+01    7.2858731329e-01    1.3440000000e+03    7.5122417232e-01    5.3964657738e-01
       300   -6.2628837588e+00    3.9371202969e+01   -1.0262178129e+01    3.9992943705e+00    8.4697386046e+00    7.0352112452e+00   -2.6564638908e+01    7.9751092903e-01    1.3440000000e+03    7.5209999962e-01    5.4019159226e-01
       301   -6.2569705214e+00    3.9207011502e+01   -1.0248669030e+01    3.9916985084e+00    8.3879419204e+00    7.0352112452e+00   -2.6380575831e+01    7.0875363527e-01    1.3440000000e+03    7.5095727486e-01    5.3840773810e-01
       302   -6.2627157139e+00    3.9285972455e+01   -1.0230930745e+01    3.9682150314e+00    8.3976269047e+00    7.0352112452e+00   -2.6432264506e+01    7.6849561106e-01    1.3440000000e+03    7.5142866932e-01    5.3905319940e-01
       303   -6.2596771000e+00    3.9238941155e+01   -1.0330259826e+01    4.0705827264e+00    8.4845073450e+00    7.0352112452e+00   -2.6646919578e+01    7.9694116122e-01    1.3440000000e+03    7.5077079844e-01    5.3868861607e-01
       304   -6.2752013291e+00    3.9450516332e+01   -1.0308875069e+01    4.0336737394e+00    8.4212229180e+00    7.0352112452e+00   -2.6471352442e+01    7.0604321062e-01    1.3440000000e+03    7.5142847255e-01    5.3952938988e-01
       305   -6.2754448138e+00    3.9448323617e+01   -1.0367497469e+01    4.0920526551e+00    8.4659847876e+00    7.0352112452e+00   -2.6588465830e+01    7.1977232856e-01    1.3440000000e+03    7.5264163049e-01    5.3880394345e-01
       306   -6.2576432375e+00    3.9205369075e+01   -1.0330308316e+01    4.0726650790e+00    8.3623863140e+00    7.0352112452e+00   -2.6416580133e+01    6.8867425767e-01    1.3440000000e+03    7.5081862978e-01    5.3888950893e-01
       307   -6.2559306809e+00    3.9201520860e+01   -1.0338488354e+01    4.0825576734e+00    8.4274010012e+00    7.0352112452e+00   -2.6524237097e+01    7.2313649624e-01    1.3440000000e+03    7.5202598260e-01    5.3908296131e-01
       308   -6.2726835545e+00    3.9500899474e+01   -1.0185132883e+01    3.9124493288e+00    8.5007171075e+00    7.0352112452e+00   -2.6489389328e+01    7.6832809169e-01    1.3440000000e+03    7.5297823513e-01    5.3865699405e-01
       309   -6.2444631063e+00    3.9043478259e+01   -1.0225025280e+01    3.9805621733e+00    8.4201986369e+00    7.0352112452e+00   -2.6416125297e+01    7.3569013570e-01    1.3440000000e+03    7.5070717929e-01    5.3840959821e-01
       310   -6.2620599782e+00    3.9276574177e+01   -1.0337904195e+01    4.0758442164e+00    8.4415978757e+00    7.0352112452e+00   -2.6545141022e+01    7.3042770629e-01    1.3440000000e+03    7.5252856459e-01    5.3906808036e-01
       311   -6.2601959315e+00    3.9259787894e+01   -1.0212604091e+01    3.9524081597e+00    8.3515562141e+00    7.0352112452e+00   -2.6247137128e+01    6.4776557770e-01    1.3440000000e+03    7.5118369148e-01    5.3807849702e-01
       312   -6.2663739148e+00    3.9320296937e+01   -1.0379820913e+01    4.1134469977e+00    8.5396893866e+00    7.0352112452e+00   -2.6663983475e+01    7.0926193034e-01    1.3440000000e+03    7.5236690925e-01    5.4054129464e-01
       313   -6.2695653858e+00    3.9366713050e+01   -1.0327071890e+01    4.0575065039e+00    8.4338180496e+00    7.0352112452e+00   -2.6585533770e+01    7.8943258558e-01    1.3440000000e+03    7.5232414872e-01    5.3968191964e-01
       314   -6.2572743191e+00    3.9232802250e+01   -1.0364350221e+01    4.1070759016e+00    8.4664331345e+00    7.0352112452e+00   -2.6674054289e+01    8.0805968843e-01    1.3440000000e+03    7.5196278654e-01    5.3891183036e-01
       315   -6.2661427835e+00    3.9332246993e+01   -1.0252318817e+01    3.9861760337e+00    8.4447995241e+00    7.0352112452e+00   -2.6497258931e+01    7.6492934407e-01    1.3440000000e+03    7.5214571877e-01    5.3872395833e-01
       316   -6.2772386886e+00    3.9485425930e+01   -1.0248306972e+01    3.9710682835e+00    8.4594034089e+00    7.0352112452e+00   -2.6488871928e+01    7.4595030205e-01    1.3440000000e+03    7.5062939470e-01    5.3938430060e-01
       317   -6.2683088250e+00    3.9348318293e+01   -1.0253877873e+01    3.9855690478e+00    8.3973382763e+00    7.0352112452e+00   -2.6433948556e+01    7.4752116215e-01    1.3440000000e+03    7.5009045236e-01    5.3992745536e-01
       318   -6.2544949571e+00    3.9172641112e+01   -1.0324281605e+01    4.0697866480e+00    8.4681365874e+00    7.0352112452e+00   -2.6624522115e+01    7.9689267699e-01    1.3440000000e+03    7.5267841230e-01    5.3950520833e-01
       319   -6.2739882758e+00    3.9418166739e+01   -1.0220960222e+01    3.9469719457e+00    8.4183938730e+00    7.0352112452e+00   -2.6469759929e+01    7.9519458908e-01    1.3440000000e+03    7.5166330511e-01    5.3939732143e-01
       320   -6.2674755304e+00    3.9359397176e+01   -1.0278070674e+01    4.0105951435e+00    8.4417600654e+00    7.0352112452e+00   -2.6496211197e+01    7.4116921268e-01    1.3440000000e+03    7.5231325994e-01    5.3971912202e-01
       321   -6.2683372017e+00    3.9398607886e+01   -1.0332862883e+01    4.0645256817e+00    8.4753600398e+00    7.0352112452e+00   -2.6615517465e+01    7.7208329665e-01    1.3440000000e+03    7.5141700661e-01    5.3873325893e-01
       322   -6.2656835782e+00    3.9309823904e+01   -1.0296591381e+01    4.0309078030e+00    8.4158303591e+00    7.0352112452e+00   -2.6494608720e+01    7.4697573440e-01    1.3440000000e+03    7.5137637248e-01    5.3896391369e-01
       323   -6.2721192889e+00    3.9399058475e+01   -1.0312689490e+01    4.0405702013e+00    8.3936239664e+00    7.0352112452e+00   -2.6448501189e+01    7.0697648681e-01    1.3440000000e+03    7.5151975442e-01    5.3972284226e-01
       324   -6.2748289443e+00    3.9449362030e+01   -1.0384415759e+01    4.1095868150e+00    8.4754097416e+00    7.0352112452e+00   -2.6584178242e+01    6.8914149603e-01    1.3440000000e+03    7.5117681875e-01    5.3853422619e-01
       325   -6.2616026735e+00    3.9284607240e+01   -1.0318368236e+01    4.0567655620e+00    8.4225654094e+00    7.0352112452e+00   -2.6469937132e+01    6.9379224148e-01    1.3440000000e+03    7.5148467991e-01    5.3907552083e-01
       326   -6.2673518364e+00    3.9371285393e+01   -1.0239831529e+01    3.9724796925e+00    8.4081155868e+00    7.0352112452e+00   -2.6344353940e+01    6.6119557913e-01    1.3440000000e+03    7.5163838323e-01    5.3803571429e-01
       327   -6.2722638424e+00    3.9390377880e+01   -1.0337046950e+01    4.0647831074e+00    8.4204870329e+00    7.0352112452e+00   -2.6507903674e+01    7.1515844577e-01    1.3440000000e+03    7.5140913670e-01    5.3848772321e-01
       328   -6.2644330354e+00    3.9320332745e+01   -1.0398805841e+01    4.1343728057e+00    8.4467930800e+00    7.0352112452e+00   -2.6612581031e+01    7.3177086504e-01    1.3440000000e+03    7.5280563099e-01    5.3930989583e-01
       329   -6.2645881584e+00    3.9300749576e+01   -1.0309249151e+01    4.0446609921e+00    8.4913874787e+00    7.0352112452e+00   -2.6565567868e+01    7.2971999350e-01    1.3440000000e+03    7.5318121347e-01    5.3812686012e-01
       330   -6.2573307950e+00    3.9198698765e+01   -1.0334994530e+01    4.0776637353e+00    8.4238894914e+00    7.0352112452e+00   -2.6508637397e+01    7.1454213036e-01    1.3440000000e+03    7.5197461107e-01    5.3976934524e-01
       331   -6.2643107630e+00    3.9296933992e+01   -1.0325206668e+01    4.0608959051e+00    8.4305472535e+00    7.0352112452e+00   -2.6445642949e+01    6.5467778168e-01    1.3440000000e+03    7.5234405033e-01    5.3939360119e-01
       332   -6.2636857360e+00    3.9295120401e+01   -1.0271688852e+01    4.0080031158e+00    8.4459323755e+00    7.0352112452e+00   -2.6505892644e+01    7.5306017125e-01    1.3440000000e+03    7.5146923099e-01    5.3799107143e-01
       333   -6.2572574948e+00    3.9219389880e+01   -1.0368146227e+01    4.1108887319e+00    8.3914641855e+00    7.0352112452e+00   -2.6516210894e+01    7.2138923691e-01    1.3440000000e+03    7.5206631469e-01    5.3925781250e-01
       334   -6.2597279655e+00    3.9268214088e+01   -1.0378227436e+01    4.1184994701e+00    8.4172694892e+00    7.0352112452e+00   -2.6636563471e+01    8.0585530081e-01    1.3440000000e+03    7.5157516901e-01    5.3940290179e-01
       335   -6.2677689699e+00    3.9365155876e+01   -1.0302293607e+01    4.0345246371e+00    8.4270382107e+00    7.0352112452e+00   -2.6507066123e+01    7.4252306006e-01    1.3440000000e+03    7.5077177311e-01    5.3746651786e-01
       336   -6.2746732809e+00    3.9465129916e+01   -1.0304988826e+01    4.0303155455e+00    8.4336308419e+00    7.0352112452e+00   -2.6533006277e+01    7.5917536381e-01    1.3440000000e+03    7.5201073197e-01    5.3875000000e-01
       337   -6.2672288570e+00    3.9338552749e+01   -1.0362304544e+01    4.0950756873e+00    8.5004219424e+00    7.0352112452e+00   -2.6692629314e+01    7.9469158236e-01    1.3440000000e+03    7.5310634161e-01    5.4013392857e-01
       338   -6.2621551067e+00    3.9260566769e+01   -1.0223640296e+01    3.9614851888e+00    8.4138694091e+00    7.0352112452e+00   -2.6448278698e+01    7.7555774789e-01    1.3440000000e+03    7.5172562603e-01    5.3620907738e-01
       339   -6.2640967460e+00    3.9325872497e+01   -1.0272207399e+01    4.0081106533e+00    8.4274767224e+00    7.0352112452e+00   -2.6488734547e+01    7.5383918026e-01    1.3440000000e+03    7.5249728689e-01    5.3720982143e-01
       340   -6.2560282207e+00    3.9181991781e+01   -1.0305361158e+01    4.0493329374e+00    8.4327575185e+00    7.0352112452e+00   -2.6480743255e+01    7.0741333363e-01    1.3440000000e+03    7.5107230916e-01    5.3857328869e-01
       341   -6.2661725293e+00    3.9336357030e+01   -1.0356047318e+01    4.0898747889e+00    8.4521529497e+00    7.0352112452e+00   -2.6676983435e+01    8.3357192127e-01    1.3440000000e+03    7.5157496172e-01    5.3863095238e-01
       342   -6.2834074808e+00    3.9588993433e+01   -1.0314088586e+01    4.0306811057e+00    8.4197573718e+00    7.0352112452e+00   -2.6451813311e+01    6.8275610720e-01    1.3440000000e+03    7.5102521004e-01    5.4009486607e-01
       343   -6.2694071493e+00    3.9356604730e+01   -1.0292563872e+01    4.0231567230e+00    8.4186310246e+00    7.0352112452e+00   -2.6453251363e+01    7.0684522061e-01    1.3440000000e+03    7.5205885890e-01    5.3961495536e-01
       344   -6.2610716878e+00    3.9286957925e+01   -1.0294690668e+01    4.0336189803e+00    8.4229884626e+00    7.0352112452e+00   -2.6522430114e+01    7.6953973777e-01    1.3440000000e+03    7.5123597467e-01    5.3827938988e-01
       345   -6.2643438102e+00    3.9293039247e+01   -1.0381435207e+01    4.1170913967e+00    8.4249002394e+00    7.0352112452e+00   -2.6641292722e+01    7.9974603000e-01    1.3440000000e+03    7.5092661460e-01    5.3803013393e-01
       346   -6.2678413376e+00    3.9361787929e+01   -1.0339925997e+01    4.0720846593e+00    8.4363081593e+00    7.0352112452e+00   -2.6494562973e+01    6.8311757128e-01    1.3440000000e+03    7.5201423433e-01    5.3984933036e-01
       347   -6.2634522126e+00    3.9279008053e+01   -1.0251948131e+01    3.9884959179e+00    8.4530423849e+00    7.0352112452e+00   -2.6513954467e+01    7.7375270612e-01    1.3440000000e+03    7.5163574702e-01    5.3840215774e-01
       348   -6.2645449992e+00    3.9316354012e+01   -1.0303023908e+01    4.0384789087e+00    8.4368751250e+00    7.0352112452e+00   -2.6576132599e+01    8.0102232120e-01    1.3440000000e+03    7.5231237059e-01    5.3859188988e-01
       349   -6.2641218012e+00    3.9328373098e+01   -1.0214233191e+01    3.9501113902e+00    8.4569011727e+00    7.0352112452e+00   -2.6418881863e+01    7.1253625413e-01    1.3440000000e+03    7.5237067709e-01    5.3793712798e-01
       350   -6.2523518362e+00    3.9160321902e+01   -1.0225782953e+01    3.9734311170e+00    8.4533672605e+00    7.0352112452e+00   -2.6440532437e+01    7.2617097840e-01    1.3440000000e+03    7.5090192192e-01    5.4002232143e-01
       351   -6.2696479792e+00    3.9393281195e+01   -1.0319115835e+01    4.0494678558e+00    8.3482537773e+00    7.0352112452e+00   -2.6488390480e+01    7.8580962256e-01    1.3440000000e+03    7.5087644480e-01    5.3763950893e-01
       352   -6.2590581716e+00    3.9243817803e+01   -1.0333266752e+01    4.0742085800e+00    8.4376903627e+00    7.0352112452e+00   -2.6558401424e+01    7.5223306454e-01    1.3440000000e+03    7.5045779286e-01    5.3853608631e-01
       353   -6.2451070629e+00    3.9082708951e+01   -1.0308761009e+01    4.0636539462e+00    8.4248441212e+00    7.0352112452e+00   -2.6464820781e+01    6.9600440532e-01    1.3440000000e+03    7.5178264452e-01    5.3920944940e-01
       354   -6.2541788477e+00    3.9184988511e+01   -1.0369566825e+01    4.1153879772e+00    8.4693531673e+00    7.0352112452e+00   -2.6608257624e+01    7.3412638685e-01    1.3440000000e+03    7.5160366490e-01    5.3887834821e-01
       355   -6.2676617839e+00    3.9377629240e+01   -1.0200374658e+01    3.9327128739e+00    8.4139191519e+00    7.0352112452e+00   -2.6430901283e+01    7.8139622801e-01    1.3440000000e+03    7.5134426126e-01    5.3849888393e-01
       356   -6.2592643514e+00    3.9231113901e+01   -1.0287380459e+01    4.0281161075e+00    8.4149033258e+00    7.0352112452e+00   -2.6490023200e+01    7.5252816994e-01    1.3440000000e+03    7.5111719571e-01    5.3815662202e-01
       357   -6.2653128314e+00    3.9309114871e+01   -1.0313869340e+01    4.0485565087e+00    8.4261718278e+00    7.0352112452e+00   -2.6466164748e+01    6.9091233471e-01    1.3440000000e+03    7.5144457040e-01    5.3976376488e-01
       358   -6.2780225650e+00    3.9467917301e+01   -1.0445529434e+01    4.1675068686e+00    8.4642085662e+00    7.0352112452e+00   -2.6776490601e+01    8.3154135622e-01    1.3440000000e+03    7.5287379894e-01    5.3928943452e-01
       359   -6.2696751762e+00    3.9366200341e+01   -1.0272577021e+01    4.0029018453e+00    8.4417874132e+00    7.0352112452e+00   -2.6503045454e+01    7.5346977443e-01    1.3440000000e+03    7.5188564288e-01    5.3887276786e-01
       360   -6.2848718579e+00    3.9730939778e+01   -1.0184764477e+01    3.8998926194e+00    8.4446282826e+00    7.0352112452e+00   -2.6396263625e+01    7.3165962013e-01    1.3440000000e+03    7.5144310800e-01    5.3890625000e-01
       361   -6.2683127061e+00    3.9337285641e+01   -1.0235796011e+01    3.9674833051e+00    8.4488213506e+00    7.0352112452e+00   -2.6406057556e+01    6.8622894895e-01    1.3440000000e+03    7.5227697011e-01    5.3974144345e-01
       362   -6.2772683735e+00    3.9455656982e+01   -1.0244865935e+01    3.9675975618e+00    8.4389616821e+00    7.0352112452e+00   -2.6432705610e+01    7.1366674741e-01    1.3440000000e+03    7.5169516974e-01    5.3911830357e-01
       363   -6.2633909023e+00    3.9295397460e+01   -1.0248263277e+01    3.9848723743e+00    8.4520530278e+00    7.0352112452e+00   -2.6430504891e+01    6.9497734081e-01    1.3440000000e+03    7.5269515602e-01    5.3935453869e-01
       364   -6.2642652272e+00    3.9310778488e+01   -1.0376293173e+01    4.1120279456e+00    8.4852296233e+00    7.0352112452e+00   -2.6700420178e+01    8.0368613639e-01    1.3440000000e+03    7.5184479012e-01    5.3860491071e-01
       365   -6.2648408343e+00    3.9303202306e+01   -1.0346243262e+01    4.0814024280e+00    8.4241595691e+00    7.0352112452e+00   -2.6507940877e+01    7.0232680050e-01    1.3440000000e+03    7.5159013110e-01    5.3897135417e-01
       366   -6.2542791514e+00    3.9404829662e+01   -1.0326669288e+01    4.0723901365e+00    8.4186867867e+00    7.0352112452e+00   -2.6528299839e+01    7.4773251906e-01    1.3440000000e+03    7.5117784789e-01    5.3885974702e-01
       367   -6.2687311102e+00    3.9359920087e+01   -1.0296275702e+01    4.0275445915e+00    8.4568472940e+00    7.0352112452e+00   -2.6566741797e+01    7.7840755601e-01    1.3440000000e+03    7.5203011798e-01    5.3982700893e-01
       368   -6.2806629057e+00    3.9518028394e+01   -1.0283006237e+01    4.0023433314e+00    8.4087037261e+00    7.0352112452e+00   -2.6440660359e+01    7.1373915101e-01    1.3440000000e+03    7.5112934968e-01    5.3963913690e-01
       369   -6.2580663454e+00    3.9212482420e+01   -1.0292602357e+01    4.0345360118e+00    8.4484704826e+00    7.0352112452e+00   -2.6550481431e+01    7.7419734598e-01    1.3440000000e+03    7.5196197283e-01    5.3868675595e-01
       370   -6.2641381032e+00    3.9301427376e+01   -1.0327754390e+01    4.0636162871e+00    8.4440363847e+00    7.0352112452e+00   -2.6536535122e+01    7.2953310207e-01    1.3440000000e+03    7.5231669694e-01    5.3965773810e-01
       371   -6.2660819046e+00    3.9333067466e+01   -1.0240487492e+01    3.9744055873e+00    8.4084546360e+00    7.0352112452e+00   -2.6445771717e+01    7.6161834346e-01    1.3440000000e+03    7.5187690864e-01    5.4186011905e-01
       372   -6.2613870088e+00    3.9255766607e+01   -1.0254776112e+01    3.9933891035e+00    8.4326673468e+00    7.0352112452e+00   -2.6499887032e+01    7.7723232732e-01    1.3440000000e+03    7.5233688198e-01    5.3855840774e-01
       373   -6.2609671321e+00    3.9262837648e+01   -1.0320420810e+01    4.0594536782e+00    8.3900573119e+00    7.0352112452e+00   -2.6474801424e+01    7.2911205695e-01    1.3440000000e+03    7.5181723659e-01    5.4010974702e-01
       374   -6.2595366836e+00    3.9275489732e+01   -1.0382777505e+01    4.1232408217e+00    8.4226313494e+00    7.0352112452e+00   -2.6572095897e+01    7.3147579716e-01    1.3440000000e+03    7.5268623975e-01    5.3886718750e-01
       375   -6.2599789879e+00    3.9305048447e+01   -1.0283874516e+01    4.0238955280e+00    8.4041205457e+00    7.0352112452e+00   -2.6492320205e+01    7.6911389841e-01    1.3440000000e+03    7.5116025076e-01    5.3878348214e-01
       376   -6.2687348844e+00    3.9353926126e+01   -1.0252718693e+01    3.9839838082e+00    8.4900863615e+00    7.0352112452e+00   -2.6526266331e+01    7.4825003186e-01    1.3440000000e+03    7.5266951604e-01    5.3958519345e-01
       377   -6.2718936401e+00    3.9385160810e+01   -1.0319813609e+01    4.0479199692e+00    8.4605270446e+00    7.0352112452e+00   -2.6575752206e+01    7.6020030641e-01    1.3440000000e+03    7.5232448400e-01    5.3861421131e-01
       378   -6.2650248949e+00    3.9316206812e+01   -1.0381765130e+01    4.1167402348e+00    8.4348427537e+00    7.0352112452e+00   -2.6547871775e+01    6.9605264677e-01    1.3440000000e+03    7.5176978581e-01    5.3700520833e-01
       379   -6.2667356979e+00    3.9338424438e+01   -1.0349690125e+01    4.0829544267e+00    8.4332381254e+00    7.0352112452e+00   -2.6635882563e+01    8.1774306811e-01    1.3440000000e+03    7.5143967292e-01    5.3911644345e-01
       380   -6.2751727305e+00    3.9494681376e+01   -1.0253628380e+01    3.9784556496e+00    8.4512824493e+00    7.0352112452e+00   -2.6478133506e+01    7.3801143093e-01    1.3440000000e+03    7.5181724813e-01    5.3763950893e-01
       381   -6.2656746836e+00    3.9318341180e+01   -1.0417145160e+01    4.1514704762e+00    8.4070322187e+00    7.0352112452e+00   -2.6514838080e+01    6.5544945636e-01    1.3440000000e+03    7.5141060839e-01    5.3943452381e-01
       382   -6.2642118051e+00    3.9302090702e+01   -1.0288975051e+01    4.0247632458e+00    8.4825404103e+00    7.0352112452e+00   -2.6555669456e+01    7.4894274999e-01    1.3440000000e+03    7.5177115497e-01    5.3797433036e-01
       383   -6.2650788225e+00    3.9320270905e+01   -1.0351230822e+01    4.0861519990e+00    8.4384504663e+00    7.0352112452e+00   -2.6542928090e+01    7.1803555650e-01    1.3440000000e+03    7.5164417289e-01    5.3973214286e-01
       384   -6.2664078802e+00    3.9325674853e+01   -1.0258454948e+01    3.9920470678e+00    8.4716763102e+00    7.0352112452e+00   -2.6524117766e+01    7.5877526246e-01    1.3440000000e+03    7.5307244542e-01    5.3883370536e-01
       385   -6.2656486938e+00    3.9535806733e+01   -1.0261274366e+01    3.9956256726e+00    8.4846231230e+00    7.0352112452e+00   -2.6530844558e+01    7.4973582320e-01    1.3440000000e+03    7.5160024262e-01    5.3810267857e-01
       386   -6.2689428229e+00    3.9362967034e+01   -1.0331080167e+01    4.0621373443e+00    8.4467148369e+00    7.0352112452e+00   -2.6527979619e+01    7.1497336989e-01    1.3440000000e+03    7.5152135292e-01    5.3905505952e-01
       387   -6.2721533071e+00    3.9390556992e+01   -1.0461610925e+01    4.1894576180e+00    8.4389120581e+00    7.0352112452e+00   -2.6640320645e+01    7.0458641618e-01    1.3440000000e+03    7.5191375090e-01    5.3954985119e-01
       388   -6.2734490452e+00    3.9424594119e+01   -1.0210878953e+01    3.9374299077e+00    8.4812644366e+00    7.0352112452e+00   -2.6522607129e+01    7.9525249441e-01    1.3440000000e+03    7.5120472681e-01    5.3910900298e-01
       389   -6.2568951519e+00    3.9211949437e+01   -1.0222565447e+01    3.9656702951e+00    8.3937101796e+00    7.0352112452e+00   -2.6391217906e+01    7.3973103421e-01    1.3440000000e+03    7.5123316374e-01    5.4027157738e-01
       390   -6.2663057814e+00    3.9355343757e+01   -1.0400769039e+01    4.1344632579e+00    8.3882468202e+00    7.0352112452e+00   -2.6545844157e+01    7.2161705219e-01    1.3440000000e+03    7.5188942200e-01    5.3860119048e-01
       391   -6.2555500813e+00    3.9177125408e+01   -1.0281527054e+01    4.0259769730e+00    8.3999583578e+00    7.0352112452e+00   -2.6492434059e+01    7.7573740134e-01    1.3440000000e+03    7.5162355374e-01    5.3733072917e-01
       392   -6.2646461763e+00    3.9298450964e+01   -1.0316760455e+01    4.0521142784e+00    8.4249716537e+00    7.0352112452e+00   -2.6458203880e+01    6.8126052642e-01    1.3440000000e+03    7.5147308779e-01    5.3936569940e-01
       393   -6.2473531669e+00    3.9231146165e+01   -1.0441024058e+01    4.1936708913e+00    8.4541737116e+00    7.0352112452e+00   -2.6686174123e+01    7.5576510811e-01    1.3440000000e+03    7.5258040979e-01    5.4042038690e-01
       394   -6.2617912744e+00    3.9287062666e+01   -1.0355392572e+01    4.0936012976e+00    8.4026734366e+00    7.0352112452e+00   -2.6458027901e+01    6.6475064694e-01    1.3440000000e+03    7.5179527981e-01    5.3867559524e-01
       395   -6.2646389579e+00    3.9296239434e+01   -1.0246221686e+01    3.9815827276e+00    8.3849059788e+00    7.0352112452e+00   -2.6306599841e+01    6.4026093131e-01    1.3440000000e+03    7.5089108500e-01    5.3861793155e-01
       396   -6.2573836801e+00    3.9218845208e+01   -1.0230585193e+01    3.9732015134e+00    8.4348223123e+00    7.0352112452e+00   -2.6453252749e+01    7.5263399752e-01    1.3440000000e+03    7.5214378952e-01    5.3802641369e-01
       397   -6.2661579048e+00    3.9331193528e+01   -1.0237910593e+01    3.9717526886e+00    8.4662046883e+00    7.0352112452e+00   -2.6523114659e+01    7.8378813210e-01    1.3440000000e+03    7.5249578063e-01    5.3973214286e-01
       398   -6.2616650700e+00    3.9295618638e+01   -1.0279277436e+01    4.0176123660e+00    8.4639536790e+00    7.0352112452e+00   -2.6523979757e+01    7.4553739652e-01    1.3440000000e+03    7.5215943098e-01    5.3901971726e-01
       399   -6.2576663710e+00    3.9215438735e+01   -1.0295954304e+01    4.0382879335e+00    8.4535425746e+00    7.0352112452e+00   -2.6588036141e+01    8.0332801657e-01    1.3440000000e+03    7.5182123495e-01    5.3733816964e-01
