#   index    LocalEnergy         LocalEnergy_sq      LocalPotential      Kinetic             ElecElec            IonIon              LocalECP            NonLocalECP         BlockWeight         BlockCPU            AcceptRatio         
         0   -5.9263137748e+00    3.5150691980e+01   -9.6370438147e+00    3.7107300400e+00    7.6844686796e+00    7.0352107511e+00   -2.5032885840e+01    6.7616259459e-01    3.3600000000e+02    1.6170443404e-02    5.7337797619e-01
         1   -5.8976796377e+00    3.4837459008e+01   -9.3414675275e+00    3.4437878898e+00    7.6538629871e+00    7.0352107511e+00   -2.4926574825e+01    8.9603355916e-01    3.3600000000e+02    1.5827808964e-02    5.7125744048e-01
         2   -5.9260755315e+00    3.5155713062e+01   -9.7328835978e+00    3.8068080663e+00    7.7439047389e+00    7.0352107511e+00   -2.5274608168e+01    7.6260908062e-01    3.3600000000e+02    1.5890786796e-02    5.6950892857e-01
         3   -5.9098482493e+00    3.4978677415e+01   -9.6924315714e+00    3.7825833220e+00    7.7114558415e+00    7.0352107511e+00   -2.5094734037e+01    6.5563587353e-01    3.3600000000e+02    1.5944611073e-02    5.7093750000e-01
         4   -5.9164405506e+00    3.5041371237e+01   -9.7797376869e+00    3.8632971363e+00    7.8270950375e+00    7.0352107511e+00   -2.5288869068e+01    6.4682559274e-01    3.3600000000e+02    1.6019254022e-02    5.7286458333e-01
         5   -5.9138085876e+00    3.5001984566e+01   -9.5603802898e+00    3.6465717022e+00    7.7449949793e+00    7.0352107511e+00   -2.5163867904e+01    8.2328188332e-01    3.3600000000e+02    1.5962160957e-02    5.7064732143e-01
         6   -5.9217127243e+00    3.5092765356e+01   -9.6925203287e+00    3.7708076044e+00    7.6250402364e+00    7.0352107511e+00   -2.4998164912e+01    6.4539359586e-01    3.3600000000e+02    1.5974326993e-02    5.7188244048e-01
         7   -5.9270592765e+00    3.5163615385e+01   -9.5387125274e+00    3.6116532509e+00    7.6657241481e+00    7.0352107511e+00   -2.5047385966e+01    8.0773853974e-01    3.3600000000e+02    1.5864559230e-02    5.7189732143e-01
         8   -5.9125190490e+00    3.5013069694e+01   -9.5729655676e+00    3.6604465186e+00    7.7276731461e+00    7.0352107511e+00   -2.5107533273e+01    7.7168380819e-01    3.3600000000e+02    1.5947537092e-02    5.7459077381e-01
         9   -5.9032536779e+00    3.4885548331e+01   -9.7712130991e+00    3.8679594212e+00    7.6765185180e+00    7.0352107511e+00   -2.5318337147e+01    8.3539477856e-01    3.3600000000e+02    1.5926800377e-02    5.7349702381e-01
        10   -5.9184139825e+00    3.5057072025e+01   -9.6569608736e+00    3.7385468911e+00    7.8089196846e+00    7.0352107511e+00   -2.5374744978e+01    8.7365366906e-01    3.3600000000e+02    1.5894377377e-02    5.7027529762e-01
        11   -5.8918563355e+00    3.4746899600e+01   -9.6542467988e+00    3.7623904633e+00    7.6531676929e+00    7.0352107511e+00   -2.5069824441e+01    7.2719919868e-01    3.3600000000e+02    1.5942228024e-02    5.7055059524e-01
        12   -5.9249052938e+00    3.5144170030e+01   -9.6417701644e+00    3.7168648706e+00    7.7443074478e+00    7.0352107511e+00   -2.5151508492e+01    7.3022012871e-01    3.3600000000e+02    1.5910492431e-02    5.7419642857e-01
        13   -5.9116602970e+00    3.4979838541e+01   -9.5213982815e+00    3.6097379844e+00    7.7353316002e+00    7.0352107511e+00   -2.5377582142e+01    1.0856415091e+00    3.3600000000e+02    1.5972596541e-02    5.7321428571e-01
        14   -5.9136617677e+00    3.5003696138e+01   -9.9114866015e+00    3.9978248338e+00    7.8321729247e+00    7.0352107511e+00   -2.5616938683e+01    8.3806840561e-01    3.3600000000e+02    1.5985426232e-02    5.7076636905e-01
        15   -5.9107712716e+00    3.4964744972e+01   -9.6936765741e+00    3.7829053025e+00    7.7477606014e+00    7.0352107511e+00   -2.5183924043e+01    7.0727611678e-01    3.3600000000e+02    1.5973355798e-02    5.7031994048e-01
        16   -5.9383658189e+00    3.5302884364e+01   -9.7032222069e+00    3.7648563880e+00    7.6626743136e+00    7.0352107511e+00   -2.5130085224e+01    7.2897795268e-01    3.3600000000e+02    1.5911449512e-02    5.7136160714e-01
        17   -5.9133190795e+00    3.5001280424e+01   -9.5086698931e+00    3.5953508136e+00    7.6725507104e+00    7.0352107511e+00   -2.4955298133e+01    7.3886677885e-01    3.3600000000e+02    1.5862114359e-02    5.7006696429e-01
        18   -5.9103606477e+00    3.4979775076e+01   -9.8014172280e+00    3.8910565804e+00    7.6304274715e+00    7.0352107511e+00   -2.5279988753e+01    8.1293330204e-01    3.3600000000e+02    1.5923648377e-02    5.7337053571e-01
        19   -5.8905673696e+00    3.4736391641e+01   -9.6898959203e+00    3.7993285507e+00    7.7628502724e+00    7.0352107511e+00   -2.5237799021e+01    7.4984207731e-01    3.3600000000e+02    1.6032915075e-02    5.7109375000e-01
        20   -5.9168529269e+00    3.5040069700e+01   -9.7542721893e+00    3.8374192624e+00    7.7167908625e+00    7.0352107511e+00   -2.5232094905e+01    7.2582110182e-01    3.3600000000e+02    1.5962821620e-02    5.7095982143e-01
        21   -5.9065374884e+00    3.4910813249e+01   -9.7089017359e+00    3.8023642476e+00    7.6040634244e+00    7.0352107511e+00   -2.4977737328e+01    6.2956141613e-01    3.3600000000e+02    1.5874552538e-02    5.6904017857e-01
        22   -5.9207652288e+00    3.5087299346e+01   -9.6142119743e+00    3.6934467455e+00    7.7518731927e+00    7.0352107511e+00   -2.5032918004e+01    6.3162208564e-01    3.3600000000e+02    1.5933103056e-02    5.7292410714e-01
        23   -5.9038350914e+00    3.4879796240e+01   -9.5772273646e+00    3.6733922731e+00    7.6765353628e+00    7.0352107511e+00   -2.4912304889e+01    6.2333141082e-01    3.3600000000e+02    1.5916835974e-02    5.7283482143e-01
        24   -5.9349105584e+00    3.5254163790e+01   -9.9691231429e+00    4.0342125845e+00    7.7624860062e+00    7.0352107511e+00   -2.5507612256e+01    7.4079235582e-01    3.3600000000e+02    1.5955076872e-02    5.7130208333e-01
        25   -5.9072223147e+00    3.4924336638e+01   -9.5532883116e+00    3.6460659969e+00    7.6276036420e+00    7.0352107511e+00   -2.5005333794e+01    7.8923108941e-01    3.3600000000e+02    1.5967912016e-02    5.6937500000e-01
        26   -5.8963964089e+00    3.4800067640e+01   -9.7071678525e+00    3.8107714436e+00    7.5970686112e+00    7.0352107511e+00   -2.5070695118e+01    7.3124790365e-01    3.3600000000e+02    1.5941074171e-02    5.7408482143e-01
        27   -5.9095703197e+00    3.4954183073e+01   -9.7100196278e+00    3.8004493082e+00    7.6576769497e+00    7.0352107511e+00   -2.5182700675e+01    7.7979334663e-01    3.3600000000e+02    1.5915807353e-02    5.7310267857e-01
        28   -5.9189968057e+00    3.5057282860e+01   -9.6586932254e+00    3.7396964197e+00    7.5892447362e+00    7.0352107511e+00   -2.4890322684e+01    6.0717397138e-01    3.3600000000e+02    1.5940994440e-02    5.7217261905e-01
        29   -5.9066895917e+00    3.4935195156e+01   -9.6600711555e+00    3.7533815639e+00    7.8118016318e+00    7.0352107511e+00   -2.5344435364e+01    8.3735182508e-01    3.3600000000e+02    1.5924709317e-02    5.7268601190e-01
        30   -5.9438418575e+00    3.5366723273e+01   -9.7923226859e+00    3.8484808283e+00    7.6808985901e+00    7.0352107511e+00   -2.5267733497e+01    7.5930146967e-01    3.3600000000e+02    1.5963552572e-02    5.7151785714e-01
        31   -5.8953214167e+00    3.4786578387e+01   -9.5639171938e+00    3.6685957771e+00    7.7370583954e+00    7.0352107511e+00   -2.5102264770e+01    7.6607842996e-01    3.3600000000e+02    1.5972150346e-02    5.7198660714e-01
        32   -5.9117360412e+00    3.4983724698e+01   -9.6420382988e+00    3.7303022576e+00    7.8315325034e+00    7.0352107511e+00   -2.5298374188e+01    7.8959263462e-01    3.3600000000e+02    1.5986726611e-02    5.6934523810e-01
        33   -5.9070831623e+00    3.4936183112e+01   -9.8495695988e+00    3.9424864365e+00    7.7713119216e+00    7.0352107511e+00   -2.5492549735e+01    8.3645746387e-01    3.3600000000e+02    1.5921712551e-02    5.7118303571e-01
        34   -5.9137915816e+00    3.5005701726e+01   -9.5512951191e+00    3.6375035375e+00    7.6981491835e+00    7.0352107511e+00   -2.5032055220e+01    7.4740016673e-01    3.3600000000e+02    1.5947301903e-02    5.7159970238e-01
        35   -5.9281679045e+00    3.5171897444e+01   -9.7582326510e+00    3.8300647465e+00    7.6991120727e+00    7.0352107511e+00   -2.5200898859e+01    7.0834338446e-01    3.3600000000e+02    1.5884170952e-02    5.7188244048e-01
        36   -5.9218294299e+00    3.5099245505e+01   -9.7208909686e+00    3.7990615388e+00    7.6841267521e+00    7.0352107511e+00   -2.5176772910e+01    7.3654443809e-01    3.3600000000e+02    1.5914808305e-02    5.7189732143e-01
        37   -5.9221450044e+00    3.5109532745e+01   -9.6899888118e+00    3.7678438074e+00    7.6268886063e+00    7.0352107511e+00   -2.5057919394e+01    7.0583122496e-01    3.3600000000e+02    1.5899584155e-02    5.7087053571e-01
        38   -5.9163793687e+00    3.5030114796e+01   -9.6737339060e+00    3.7573545372e+00    7.7148139802e+00    7.0352107511e+00   -2.5170988318e+01    7.4722968034e-01    3.3600000000e+02    1.5914323366e-02    5.6927827381e-01
        39   -5.9410931741e+00    3.5336689899e+01   -9.6134055701e+00    3.6723123960e+00    7.7168643076e+00    7.0352107511e+00   -2.5164812577e+01    7.9933194826e-01    3.3600000000e+02    1.5935463254e-02    5.7005208333e-01
        40   -5.9157610843e+00    3.5029368018e+01   -9.7073785341e+00    3.7916174498e+00    7.6756726198e+00    7.0352107511e+00   -2.5256008262e+01    8.3774635737e-01    3.3600000000e+02    1.5875342291e-02    5.7111607143e-01
        41   -5.9096710247e+00    3.4958778532e+01   -9.7683702796e+00    3.8586992549e+00    7.5985378055e+00    7.0352107511e+00   -2.5261813597e+01    8.5969476086e-01    3.3600000000e+02    1.5836058071e-02    5.7258928571e-01
        42   -5.9134252585e+00    3.5004842293e+01   -9.6748754934e+00    3.7614502349e+00    7.7955883882e+00    7.0352107511e+00   -2.5375857297e+01    8.7018266466e-01    3.3600000000e+02    1.5949344443e-02    5.7221726190e-01
        43   -5.9149395922e+00    3.5022674258e+01   -9.6074792032e+00    3.6925396110e+00    7.7587840677e+00    7.0352107511e+00   -2.5401784447e+01    1.0003104249e+00    3.3600000000e+02    1.5991666676e-02    5.7162202381e-01
        44   -5.9175126293e+00    3.5067413282e+01   -9.4791444178e+00    3.5616317885e+00    7.6589754788e+00    7.0352107511e+00   -2.4985985275e+01    8.1265462700e-01    3.3600000000e+02    1.5946378094e-02    5.7074404762e-01
        45   -5.9202291963e+00    3.5076057040e+01   -9.7876247234e+00    3.8673955270e+00    7.6673310923e+00    7.0352107511e+00   -2.5227624500e+01    7.3745793278e-01    3.3600000000e+02    1.5951393774e-02    5.7159226190e-01
        46   -5.9344746241e+00    3.5254071776e+01   -9.7597558192e+00    3.8252811951e+00    7.7718551131e+00    7.0352107511e+00   -2.5283674155e+01    7.1685247155e-01    3.3600000000e+02    1.5976601666e-02    5.7210565476e-01
        47   -5.9079160983e+00    3.4937282631e+01   -9.6408785944e+00    3.7329624960e+00    7.8343443812e+00    7.0352107511e+00   -2.5387997772e+01    8.7756404514e-01    3.3600000000e+02    1.5927836690e-02    5.7039434524e-01
        48   -5.9053107318e+00    3.4905229801e+01   -9.6625078187e+00    3.7571970869e+00    7.6817284327e+00    7.0352107511e+00   -2.5173013005e+01    7.9356600221e-01    3.3600000000e+02    1.5977578737e-02    5.7127976190e-01
        49   -5.9240320520e+00    3.5127319881e+01   -9.6727433795e+00    3.7487113275e+00    7.7610980519e+00    7.0352107511e+00   -2.5432942864e+01    9.6389068150e-01    3.3600000000e+02    1.5916191460e-02    5.7105654762e-01
        50   -5.9083718771e+00    3.4936709761e+01   -9.6353998670e+00    3.7270279899e+00    7.7201420032e+00    7.0352107511e+00   -2.5305751485e+01    9.1499886321e-01    3.3600000000e+02    1.5944908459e-02    5.7389880952e-01
        51   -5.9176945653e+00    3.5090548558e+01   -9.6370915014e+00    3.7193969361e+00    7.6749630029e+00    7.0352107511e+00   -2.5041245519e+01    6.9398026395e-01    3.3600000000e+02    1.5892466575e-02    5.7439732143e-01
        52   -5.9080909999e+00    3.4949925746e+01   -9.8072978159e+00    3.8992068161e+00    7.7138535519e+00    7.0352107511e+00   -2.5308846489e+01    7.5248437049e-01    3.3600000000e+02    1.5966752660e-02    5.7358630952e-01
        53   -5.9105335328e+00    3.4966518227e+01   -9.7111339341e+00    3.8006004013e+00    7.6672699044e+00    7.0352107511e+00   -2.5257794332e+01    8.4417974239e-01    3.3600000000e+02    1.5871012888e-02    5.6712797619e-01
        54   -5.9031636214e+00    3.4870299151e+01   -9.9672434055e+00    4.0640797841e+00    7.6952862258e+00    7.0352107511e+00   -2.5372783923e+01    6.7504354088e-01    3.3600000000e+02    1.5904316321e-02    5.7387648810e-01
        55   -5.8980998074e+00    3.4824994170e+01   -9.7040824020e+00    3.8059825946e+00    7.7196980657e+00    7.0352107511e+00   -2.5400284752e+01    9.4129353314e-01    3.3600000000e+02    1.5965559159e-02    5.7221726190e-01
        56   -5.9207105656e+00    3.5088077911e+01   -9.7752820714e+00    3.8545715059e+00    7.6317772726e+00    7.0352107511e+00   -2.5138479181e+01    6.9620908544e-01    3.3600000000e+02    1.5920589814e-02    5.7295386905e-01
        57   -5.9055753272e+00    3.4901522540e+01   -9.8831101679e+00    3.9775348407e+00    7.7400376095e+00    7.0352107511e+00   -2.5372737884e+01    7.1437935516e-01    3.3600000000e+02    1.5921143380e-02    5.6997023810e-01
        58   -5.9141817036e+00    3.5007004076e+01   -9.5637297332e+00    3.6495480295e+00    7.7840505169e+00    7.0352107511e+00   -2.5166821935e+01    7.8383093406e-01    3.3600000000e+02    1.5987402061e-02    5.7235863095e-01
        59   -5.9321176176e+00    3.5222801000e+01   -9.5955597964e+00    3.6634421788e+00    7.5906256306e+00    7.0352107511e+00   -2.4912440396e+01    6.9104421789e-01    3.3600000000e+02    1.5932871494e-02    5.7352678571e-01
        60   -5.9218300800e+00    3.5092816524e+01   -9.7421777625e+00    3.8203476825e+00    7.6412911414e+00    7.0352107511e+00   -2.5157197064e+01    7.3851740881e-01    3.3600000000e+02    1.5961935400e-02    5.7241071429e-01
        61   -5.9018263089e+00    3.4879180789e+01   -9.6854464895e+00    3.7836201806e+00    7.6757391337e+00    7.0352107511e+00   -2.5257441548e+01    8.6104517346e-01    3.3600000000e+02    1.5867071246e-02    5.6876488095e-01
        62   -5.9212272213e+00    3.5111710856e+01   -9.9115103404e+00    3.9902831190e+00    7.7588815004e+00    7.0352107511e+00   -2.5618800971e+01    9.1319837955e-01    3.3600000000e+02    1.5925093598e-02    5.7298363095e-01
        63   -5.9215781779e+00    3.5120737421e+01   -9.6611126990e+00    3.7395345211e+00    7.7518499885e+00    7.0352107511e+00   -2.5400447929e+01    9.5227449078e-01    3.3600000000e+02    1.5925463469e-02    5.6976190476e-01
        64   -5.9116411420e+00    3.5006306318e+01   -9.5652464264e+00    3.6536052843e+00    7.7141456211e+00    7.0352107511e+00   -2.5187980610e+01    8.7337781139e-01    3.3600000000e+02    1.5969595243e-02    5.7293898810e-01
        65   -5.9098193959e+00    3.4954750782e+01   -9.8985974050e+00    3.9887780090e+00    7.7695554609e+00    7.0352107511e+00   -2.5324973392e+01    6.2160977532e-01    3.3600000000e+02    1.5970537184e-02    5.7351934524e-01
        66   -5.9319836526e+00    3.5242271401e+01   -9.7022198923e+00    3.7702362397e+00    7.7890835634e+00    7.0352107511e+00   -2.5375190463e+01    8.4867625615e-01    3.3600000000e+02    1.5971409343e-02    5.7215773810e-01
        67   -5.8902306732e+00    3.4802753592e+01   -9.5953227928e+00    3.7050921196e+00    7.6808858162e+00    7.0352107511e+00   -2.5024240842e+01    7.1282148182e-01    3.3600000000e+02    1.5954017925e-02    5.6996279762e-01
        68   -5.9111340879e+00    3.4985322121e+01   -9.8037066073e+00    3.8925725194e+00    7.8280912078e+00    7.0352107511e+00   -2.5455316508e+01    7.8830794152e-01    3.3600000000e+02    1.5974064657e-02    5.6957589286e-01
        69   -5.8941729159e+00    3.4770783326e+01   -9.6318727213e+00    3.7376998054e+00    7.7406063517e+00    7.0352107511e+00   -2.5269513868e+01    8.6182404367e-01    3.3600000000e+02    1.6002908901e-02    5.7229910714e-01
        70   -5.9069680366e+00    3.4931947162e+01   -9.7282432706e+00    3.8212752339e+00    7.7153253446e+00    7.0352107511e+00   -2.5325763792e+01    8.4698442535e-01    3.3600000000e+02    1.5921161751e-02    5.6770833333e-01
        71   -5.9149246584e+00    3.5011137265e+01   -9.7048452398e+00    3.7899205814e+00    7.6300963387e+00    7.0352107511e+00   -2.4968339052e+01    5.9818672256e-01    3.3600000000e+02    1.5894554264e-02    5.7173363095e-01
        72   -5.9271660723e+00    3.5161800621e+01   -9.5234783864e+00    3.5963123140e+00    7.6745460800e+00    7.0352107511e+00   -2.5042961478e+01    8.0972626083e-01    3.3600000000e+02    1.5951671862e-02    5.7188988095e-01
        73   -5.9251270754e+00    3.5141683918e+01   -9.6801012688e+00    3.7549741934e+00    7.6840757920e+00    7.0352107511e+00   -2.5108843673e+01    7.0945586163e-01    3.3600000000e+02    1.5865495936e-02    5.7404761905e-01
        74   -5.9135442825e+00    3.5013152954e+01   -9.5346315098e+00    3.6210872273e+00    7.7496161637e+00    7.0352107511e+00   -2.5021302233e+01    7.0184380865e-01    3.3600000000e+02    1.5961565022e-02    5.7336309524e-01
        75   -5.9248165962e+00    3.5127436984e+01   -9.7512064979e+00    3.8263899017e+00    7.7282575323e+00    7.0352107511e+00   -2.5237147292e+01    7.2247251013e-01    3.3600000000e+02    1.5977229061e-02    5.7195684524e-01
        76   -5.9125997852e+00    3.4986421933e+01   -9.8015289081e+00    3.8889291228e+00    7.6840811185e+00    7.0352107511e+00   -2.5192733649e+01    6.7191287097e-01    3.3600000000e+02    1.5922665729e-02    5.7004464286e-01
        77   -5.9020003732e+00    3.4862262377e+01   -9.6997164849e+00    3.7977161117e+00    7.6719889213e+00    7.0352107511e+00   -2.5189682071e+01    7.8276591378e-01    3.3600000000e+02    1.5930817174e-02    5.7000744048e-01
        78   -5.9227216363e+00    3.5108705031e+01   -9.5927829187e+00    3.6700612824e+00    7.6766718404e+00    7.0352107511e+00   -2.5034876253e+01    7.3021074287e-01    3.3600000000e+02    1.5950829511e-02    5.7466517857e-01
        79   -5.9259041554e+00    3.5146261472e+01   -9.6475030113e+00    3.7215988559e+00    7.6737444937e+00    7.0352107511e+00   -2.5132278672e+01    7.7582041567e-01    3.3600000000e+02    1.5885052986e-02    5.7087053571e-01
        80   -5.9037713143e+00    3.4892308100e+01   -9.6273451292e+00    3.7235738149e+00    7.7861788547e+00    7.0352107511e+00   -2.5341827213e+01    8.9309247787e-01    3.3600000000e+02    1.5979363328e-02    5.7019345238e-01
        81   -5.8972439853e+00    3.4814447287e+01   -9.6276101379e+00    3.7303661526e+00    7.7115567470e+00    7.0352107511e+00   -2.5299175262e+01    9.2479762629e-01    3.3600000000e+02    1.5938290059e-02    5.7381696429e-01
        82   -5.8972983172e+00    3.4953441044e+01   -9.6770223559e+00    3.7797240387e+00    7.7043799916e+00    7.0352107511e+00   -2.5088193703e+01    6.7158060464e-01    3.3600000000e+02    1.5964149301e-02    5.7180059524e-01
        83   -5.9103102313e+00    3.4958752458e+01   -9.6683416479e+00    3.7580314167e+00    7.6779083180e+00    7.0352107511e+00   -2.5080474688e+01    6.9901397123e-01    3.3600000000e+02    1.5940898508e-02    5.7506696429e-01
        84   -5.9108583145e+00    3.4979314357e+01   -9.6362681377e+00    3.7254098232e+00    7.6552426062e+00    7.0352107511e+00   -2.5093444451e+01    7.6672295612e-01    3.3600000000e+02    1.5918930821e-02    5.7016369048e-01
        85   -5.9215410878e+00    3.5095708337e+01   -9.7718450134e+00    3.8503039256e+00    7.6770098686e+00    7.0352107511e+00   -2.5234146757e+01    7.5008112411e-01    3.3600000000e+02    1.5935684349e-02    5.7247023810e-01
        86   -5.9134044231e+00    3.5003277680e+01   -9.7363710360e+00    3.8229666129e+00    7.6532917946e+00    7.0352107511e+00   -2.5186985980e+01    7.6211239819e-01    3.3600000000e+02    1.5884869388e-02    5.7494791667e-01
        87   -5.9078719632e+00    3.4946443364e+01   -9.6854338784e+00    3.7775619152e+00    7.7051594775e+00    7.0352107511e+00   -2.5213381661e+01    7.8757755439e-01    3.3600000000e+02    1.5956299914e-02    5.7069940476e-01
        88   -5.9084538611e+00    3.4942268368e+01   -9.8437080826e+00    3.9352542214e+00    7.6924376560e+00    7.0352107511e+00   -2.5363671154e+01    7.9231466397e-01    3.3600000000e+02    1.5958671344e-02    5.7350446429e-01
        89   -5.9170576392e+00    3.5060630022e+01   -9.8215837617e+00    3.9045261225e+00    7.7361260217e+00    7.0352107511e+00   -2.5388050735e+01    7.9513020029e-01    3.3600000000e+02    1.5915789442e-02    5.7293154762e-01
        90   -5.9143138243e+00    3.5008301060e+01   -9.6737563614e+00    3.7594425371e+00    7.7027971701e+00    7.0352107511e+00   -2.5276053720e+01    8.6428943732e-01    3.3600000000e+02    1.5964675808e-02    5.7159970238e-01
        91   -5.8963567446e+00    3.4793991258e+01   -9.6664715243e+00    3.7701147797e+00    7.6623704627e+00    7.0352107511e+00   -2.5105292729e+01    7.4123999123e-01    3.3600000000e+02    1.5923120971e-02    5.7252232143e-01
        92   -5.9214312669e+00    3.5091802270e+01   -9.6289041463e+00    3.7074728794e+00    7.7387362366e+00    7.0352107511e+00   -2.5207062896e+01    8.0421176172e-01    3.3600000000e+02    1.5928862231e-02    5.7132440476e-01
        93   -5.9012024446e+00    3.4856315351e+01   -9.7672197033e+00    3.8660172587e+00    7.7544412991e+00    7.0352107511e+00   -2.5422301949e+01    8.6543019525e-01    3.3600000000e+02    1.6036372551e-02    5.7345982143e-01
        94   -5.9143846039e+00    3.5014867018e+01   -9.6569003197e+00    3.7425157158e+00    7.6313939893e+00    7.0352107511e+00   -2.5089692364e+01    7.6618730373e-01    3.3600000000e+02    1.5923710906e-02    5.7213541667e-01
        95   -5.9180189073e+00    3.5061488114e+01   -9.6828460853e+00    3.7648271781e+00    7.7768415187e+00    7.0352107511e+00   -2.5312410099e+01    8.1751174405e-01    3.3600000000e+02    1.5934796577e-02    5.7183779762e-01
        96   -5.9061896709e+00    3.4915520987e+01   -9.8370806048e+00    3.9308909338e+00    7.7504709041e+00    7.0352107511e+00   -2.5397833605e+01    7.7507134451e-01    3.3600000000e+02    1.6027093859e-02    5.7200148810e-01
        97   -5.9069041398e+00    3.4928961146e+01   -9.5549380526e+00    3.6480339129e+00    7.6946592045e+00    7.0352107511e+00   -2.5074421675e+01    7.8961366653e-01    3.3600000000e+02    1.5919770810e-02    5.7122767857e-01
        98   -5.9182493608e+00    3.5052078707e+01   -9.8127840447e+00    3.8945346839e+00    7.7609059852e+00    7.0352107511e+00   -2.5267009471e+01    6.5810869002e-01    3.3600000000e+02    1.5905315469e-02    5.6854910714e-01
        99   -5.8934563755e+00    3.4839144839e+01   -9.6088248328e+00    3.7153684573e+00    7.6498817284e+00    7.0352107511e+00   -2.5046923706e+01    7.5300639413e-01    3.3600000000e+02    1.5957728106e-02    5.7101934524e-01
       100   -5.9335701748e+00    3.5240623259e+01   -9.5155383519e+00    3.5819681771e+00    7.6999390744e+00    7.0352107511e+00   -2.4965277316e+01    7.1458913836e-01    3.3600000000e+02    1.5924470701e-02    5.7124255952e-01
       101   -5.9180260186e+00    3.5069444905e+01   -9.8167166066e+00    3.8986905880e+00    7.7742082136e+00    7.0352107511e+00   -2.5555770482e+01    9.2963491111e-01    3.3600000000e+02    1.5944174463e-02    5.6978422619e-01
       102   -5.9119636841e+00    3.4983132681e+01   -9.5401199122e+00    3.6281562282e+00    7.6792652547e+00    7.0352107511e+00   -2.5008350233e+01    7.5375431525e-01    3.3600000000e+02    1.5878379919e-02    5.7238095238e-01
       103   -5.9001024455e+00    3.4850553779e+01   -9.7490602982e+00    3.8489578527e+00    7.7537968751e+00    7.0352107511e+00   -2.5292612264e+01    7.5454433972e-01    3.3600000000e+02    1.5967002061e-02    5.7206845238e-01
       104   -5.9267243355e+00    3.5154880119e+01   -9.7408489977e+00    3.8141246622e+00    7.6424679123e+00    7.0352107511e+00   -2.5089878821e+01    6.7135115984e-01    3.3600000000e+02    1.5941168223e-02    5.7323660714e-01
       105   -5.9214488594e+00    3.5091443072e+01   -9.6886786822e+00    3.7672298228e+00    7.7543263019e+00    7.0352107511e+00   -2.5329813707e+01    8.5159797223e-01    3.3600000000e+02    1.5868963003e-02    5.6826636905e-01
       106   -5.9211325222e+00    3.5099212248e+01   -9.7329841146e+00    3.8118515924e+00    7.6559401558e+00    7.0352107511e+00   -2.5166417638e+01    7.4228261616e-01    3.3600000000e+02    1.5949312913e-02    5.6950892857e-01
       107   -5.9160526552e+00    3.5029683137e+01   -9.8798313541e+00    3.9637786989e+00    7.7334559332e+00    7.0352107511e+00   -2.5382782823e+01    7.3428478414e-01    3.3600000000e+02    1.5908301051e-02    5.7103422619e-01
       108   -5.9132758323e+00    3.4998858848e+01   -9.6814845626e+00    3.7682087303e+00    7.7078446971e+00    7.0352107511e+00   -2.5148591708e+01    7.2405169668e-01    3.3600000000e+02    1.5919957512e-02    5.7353422619e-01
       109   -5.9185149546e+00    3.5064313416e+01   -9.8025649067e+00    3.8840499520e+00    7.7669220005e+00    7.0352107511e+00   -2.5336637517e+01    7.3193985845e-01    3.3600000000e+02    1.5942562895e-02    5.7447172619e-01
       110   -5.9193859822e+00    3.5071590587e+01   -9.8503768796e+00    3.9309908974e+00    7.7350493337e+00    7.0352107511e+00   -2.5359856609e+01    7.3921964486e-01    3.3600000000e+02    1.6026258602e-02    5.7168154762e-01
       111   -5.9271887030e+00    3.5169233437e+01   -9.7181909159e+00    3.7910022129e+00    7.7452485401e+00    7.0352107511e+00   -2.5471036109e+01    9.7238590222e-01    3.3600000000e+02    1.5987216049e-02    5.7133184524e-01
       112   -5.9284448040e+00    3.5177972265e+01   -9.9171932644e+00    3.9887484604e+00    7.6157817773e+00    7.0352107511e+00   -2.5274056792e+01    7.0587099947e-01    3.3600000000e+02    1.5907256872e-02    5.7106398810e-01
       113   -5.8760822961e+00    3.4651130159e+01   -9.5667086940e+00    3.6906263979e+00    7.7057426645e+00    7.0352107511e+00   -2.5242586301e+01    9.3492419142e-01    3.3600000000e+02    1.5983383618e-02    5.7125744048e-01
       114   -5.9288730747e+00    3.5184222511e+01   -9.6352290278e+00    3.7063559531e+00    7.7740895955e+00    7.0352107511e+00   -2.5204330053e+01    7.5980067833e-01    3.3600000000e+02    1.5913882448e-02    5.7129464286e-01
       115   -5.9263804716e+00    3.5152693552e+01   -9.8137756555e+00    3.8873951839e+00    7.6663578136e+00    7.0352107511e+00   -2.5173437232e+01    6.5809301192e-01    3.3600000000e+02    1.5891401008e-02    5.7052083333e-01
       116   -5.9222554414e+00    3.5103343733e+01   -9.5777026160e+00    3.6554471746e+00    7.7516112616e+00    7.0352107511e+00   -2.5168124703e+01    8.0360007425e-01    3.3600000000e+02    1.5960106995e-02    5.7158482143e-01
       117   -5.8944819198e+00    3.4773256816e+01   -9.7673034659e+00    3.8728215461e+00    7.6230435336e+00    7.0352107511e+00   -2.5229387228e+01    8.0382947703e-01    3.3600000000e+02    1.5945706023e-02    5.7251488095e-01
       118   -5.9110048395e+00    3.4974720276e+01   -9.5655826631e+00    3.6545778236e+00    7.7361534848e+00    7.0352107511e+00   -2.5129066282e+01    7.9211938257e-01    3.3600000000e+02    1.5899793045e-02    5.7128720238e-01
       119   -5.9007692614e+00    3.4848674524e+01   -9.9132110082e+00    4.0124417468e+00    7.6355787984e+00    7.0352107511e+00   -2.5311062062e+01    7.2706150373e-01    3.3600000000e+02    1.5936033903e-02    5.7455357143e-01
       120   -5.9271588751e+00    3.5221848040e+01   -9.6930176647e+00    3.7658587896e+00    7.6698565540e+00    7.0352107511e+00   -2.5238020115e+01    8.3993514494e-01    3.3600000000e+02    1.5916011288e-02    5.7331845238e-01
       121   -5.9296477375e+00    3.5193901017e+01   -9.5316805037e+00    3.6020327662e+00    7.6525469920e+00    7.0352107511e+00   -2.4923123344e+01    7.0368509764e-01    3.3600000000e+02    1.5919895416e-02    5.7070684524e-01
       122   -5.9158857660e+00    3.5030737247e+01   -9.6501420280e+00    3.7342562621e+00    7.6568496738e+00    7.0352107511e+00   -2.5059060927e+01    7.1685847407e-01    3.3600000000e+02    1.5899415136e-02    5.7171130952e-01
       123   -5.9243068788e+00    3.5157717373e+01   -9.5558440839e+00    3.6315372051e+00    7.6773976364e+00    7.0352107511e+00   -2.5112436401e+01    8.4398392982e-01    3.3600000000e+02    1.5907428918e-02    5.7206845238e-01
       124   -5.9363333756e+00    3.5277999273e+01   -9.7618559742e+00    3.8255225987e+00    7.6435654008e+00    7.0352107511e+00   -2.5209897788e+01    7.6926566178e-01    3.3600000000e+02    1.5971559804e-02    5.7269345238e-01
       125   -5.9074441861e+00    3.4951257384e+01   -9.8175136295e+00    3.9100694433e+00    7.7252062461e+00    7.0352107511e+00   -2.5347192697e+01    7.6926207053e-01    3.3600000000e+02    1.5931664877e-02    5.7031250000e-01
       126   -5.9159560525e+00    3.5033082096e+01   -9.7571615678e+00    3.8412055153e+00    7.6808794722e+00    7.0352107511e+00   -2.5138227840e+01    6.6497604856e-01    3.3600000000e+02    1.5968812236e-02    5.6842261905e-01
       127   -5.9172474411e+00    3.5042501925e+01   -9.5727354868e+00    3.6554880457e+00    7.7372471331e+00    7.0352107511e+00   -2.5036006741e+01    6.9081337032e-01    3.3600000000e+02    1.5917629209e-02    5.7058779762e-01
       128   -5.9129621566e+00    3.4996473453e+01   -9.6760677725e+00    3.7631056160e+00    7.6655356822e+00    7.0352107511e+00   -2.5244586796e+01    8.6777259019e-01    3.3600000000e+02    1.5889468692e-02    5.7171875000e-01
       129   -5.9309015809e+00    3.5224028574e+01   -9.5008717204e+00    3.5699701395e+00    7.6939555277e+00    7.0352107511e+00   -2.5152272690e+01    9.2223469037e-01    3.3600000000e+02    1.5895255911e-02    5.7204613095e-01
       130   -5.9224544914e+00    3.5103572181e+01   -9.7353313420e+00    3.8128768506e+00    7.7799216498e+00    7.0352107511e+00   -2.5156050787e+01    6.0558704363e-01    3.3600000000e+02    1.5948544040e-02    5.7315476190e-01
       131   -5.9269076786e+00    3.5158317111e+01   -9.8058873838e+00    3.8789797051e+00    7.6620049436e+00    7.0352107511e+00   -2.5307188940e+01    8.0408586141e-01    3.3600000000e+02    1.5911439675e-02    5.7294642857e-01
       132   -5.9318088748e+00    3.5214666593e+01   -9.5272947705e+00    3.5954858956e+00    7.7359246892e+00    7.0352107511e+00   -2.4970304823e+01    6.7187461237e-01    3.3600000000e+02    1.5928449428e-02    5.7077380952e-01
       133   -5.9290875955e+00    3.5195953064e+01   -9.7143583096e+00    3.7852707141e+00    7.6921096819e+00    7.0352107511e+00   -2.5245541364e+01    8.0386262089e-01    3.3600000000e+02    1.5919668198e-02    5.7075892857e-01
       134   -5.9183230859e+00    3.5073485314e+01   -9.6997289234e+00    3.7814058375e+00    7.7075387704e+00    7.0352107511e+00   -2.5142980770e+01    7.0050232461e-01    3.3600000000e+02    1.5979211528e-02    5.7308779762e-01
       135   -5.9348252059e+00    3.5249682344e+01   -9.5849361888e+00    3.6501109829e+00    7.6714507765e+00    7.0352107511e+00   -2.4963908602e+01    6.7231088547e-01    3.3600000000e+02    1.5951653119e-02    5.7096726190e-01
       136   -5.9259189950e+00    3.5141516826e+01   -9.7082730608e+00    3.7823540658e+00    7.8124505410e+00    7.0352107511e+00   -2.5404683211e+01    8.4874885791e-01    3.3600000000e+02    1.5962642035e-02    5.6909226190e-01
       137   -5.9053513605e+00    3.4957195611e+01   -9.6015599339e+00    3.6962085734e+00    7.7631073330e+00    7.0352107511e+00   -2.5195027310e+01    7.9514929162e-01    3.3600000000e+02    1.5978422850e-02    5.7252976190e-01
       138   -5.9137332369e+00    3.5010192755e+01   -9.6484875891e+00    3.7347543523e+00    7.6429687440e+00    7.0352107511e+00   -2.5175284279e+01    8.4861719503e-01    3.3600000000e+02    1.5931627644e-02    5.7267857143e-01
       139   -5.9212827862e+00    3.5104187756e+01   -9.5693375119e+00    3.6480547257e+00    7.7049650983e+00    7.0352107511e+00   -2.5070085709e+01    7.6057234765e-01    3.3600000000e+02    1.5932900393e-02    5.7325892857e-01
       140   -5.9229200266e+00    3.5114769814e+01   -9.7129948864e+00    3.7900748597e+00    7.6631233743e+00    7.0352107511e+00   -2.5185871916e+01    7.7454290408e-01    3.3600000000e+02    1.5926894904e-02    5.6940476190e-01
       141   -5.9139980158e+00    3.5006901616e+01   -9.8291672082e+00    3.9151691924e+00    7.6761306168e+00    7.0352107511e+00   -2.5283821793e+01    7.4331321639e-01    3.3600000000e+02    1.5934643749e-02    5.6938988095e-01
       142   -5.9319800823e+00    3.5226375983e+01   -9.7784273993e+00    3.8464473170e+00    7.7499137834e+00    7.0352107511e+00   -2.5282175364e+01    7.1862342976e-01    3.3600000000e+02    1.6011344366e-02    5.7313988095e-01
       143   -5.9318081281e+00    3.5230542385e+01   -9.6003087824e+00    3.6685006543e+00    7.6481791418e+00    7.0352107511e+00   -2.5202576426e+01    9.1887775090e-01    3.3600000000e+02    1.5983622261e-02    5.7342261905e-01
       144   -5.8999608473e+00    3.4835980114e+01   -9.9694349217e+00    4.0694740745e+00    7.6541194067e+00    7.0352107511e+00   -2.5355048220e+01    6.9628314062e-01    3.3600000000e+02    1.5869238866e-02    5.6892857143e-01
       145   -5.9352822347e+00    3.5257121146e+01   -9.7593414752e+00    3.8240592405e+00    7.7717823692e+00    7.0352107511e+00   -2.5359850283e+01    7.9351568765e-01    3.3600000000e+02    1.5952586044e-02    5.7131696429e-01
       146   -5.9142117456e+00    3.5021945152e+01   -9.7065657483e+00    3.7923540027e+00    7.7679827210e+00    7.0352107511e+00   -2.5234125394e+01    7.2436617313e-01    3.3600000000e+02    1.5978231134e-02    5.7098958333e-01
       147   -5.9159359096e+00    3.5039949196e+01   -9.6960130013e+00    3.7800770917e+00    7.7909808846e+00    7.0352107511e+00   -2.5358101895e+01    8.3589725756e-01    3.3600000000e+02    1.5941719173e-02    5.7141369048e-01
       148   -5.9230681620e+00    3.5118582772e+01   -9.6216185475e+00    3.6985503856e+00    7.6679022211e+00    7.0352107511e+00   -2.5027687325e+01    7.0295580541e-01    3.3600000000e+02    1.5942164525e-02    5.7177083333e-01
       149   -5.9293275546e+00    3.5183097769e+01   -9.5736534226e+00    3.6443258680e+00    7.5637092020e+00    7.0352107511e+00   -2.4877731208e+01    7.0515783243e-01    3.3600000000e+02    1.5895332393e-02    5.6856398810e-01
       150   -5.9165417984e+00    3.5040796951e+01   -9.7478245475e+00    3.8312827490e+00    7.6697423979e+00    7.0352107511e+00   -2.5252608646e+01    7.9983094976e-01    3.3600000000e+02    1.5935403287e-02    5.7075148810e-01
       151   -5.9086036957e+00    3.4951296819e+01   -9.4869236860e+00    3.5783199903e+00    7.6675862848e+00    7.0352107511e+00   -2.4996656571e+01    8.0693584936e-01    3.3600000000e+02    1.5896852483e-02    5.7232142857e-01
       152   -5.9144363035e+00    3.5017632162e+01   -9.6869770970e+00    3.7725407935e+00    7.6732649871e+00    7.0352107511e+00   -2.5166569914e+01    7.7111707822e-01    3.3600000000e+02    1.5924476935e-02    5.7079613095e-01
       153   -5.9210847770e+00    3.5095749648e+01   -9.7485615483e+00    3.8274767713e+00    7.5838002124e+00    7.0352107511e+00   -2.5028221930e+01    6.6064941777e-01    3.3600000000e+02    1.5910597845e-02    5.7270833333e-01
       154   -5.9061409333e+00    3.4958759176e+01   -9.6018266892e+00    3.6956857559e+00    7.6553339595e+00    7.0352107511e+00   -2.5204872458e+01    9.1250105796e-01    3.3600000000e+02    1.5825559671e-02    5.7095982143e-01
       155   -5.9166530193e+00    3.5039329377e+01   -9.6467271203e+00    3.7300741011e+00    7.8319384299e+00    7.0352107511e+00   -2.5311104876e+01    7.9722857414e-01    3.3600000000e+02    1.5945662057e-02    5.7055803571e-01
       156   -5.9121694862e+00    3.4993993595e+01   -9.5384564846e+00    3.6262869984e+00    7.6670397879e+00    7.0352107511e+00   -2.4923613227e+01    6.8290620364e-01    3.3600000000e+02    1.6001015921e-02    5.7056547619e-01
       157   -5.9020509410e+00    3.4878577046e+01   -9.7567329144e+00    3.8546819735e+00    7.6737019396e+00    7.0352107511e+00   -2.5355255549e+01    8.8960994415e-01    3.3600000000e+02    1.5850156742e-02    5.7090773810e-01
       158   -5.9342552057e+00    3.5261678097e+01   -9.6169733286e+00    3.6827181228e+00    7.7985375348e+00    7.0352107511e+00   -2.5349611057e+01    8.9888944290e-01    3.3600000000e+02    1.5948821394e-02    5.7127976190e-01
       159   -5.9188955266e+00    3.5058368847e+01   -9.6078115924e+00    3.6889160659e+00    7.7097759504e+00    7.0352107511e+00   -2.5201456740e+01    8.4865844616e-01    3.3600000000e+02    1.5913426901e-02    5.7245535714e-01
       160   -5.9280674039e+00    3.5172400032e+01   -9.5137468510e+00    3.5856794472e+00    7.7163965630e+00    7.0352107511e+00   -2.4810734378e+01    5.4538021289e-01    3.3600000000e+02    1.5952596918e-02    5.7254464286e-01
       161   -5.9146144192e+00    3.5014585651e+01   -9.7667923127e+00    3.8521778935e+00    7.6617478706e+00    7.0352107511e+00   -2.5187578399e+01    7.2382746456e-01    3.3600000000e+02    1.5945027682e-02    5.7075148810e-01
       162   -5.9305107043e+00    3.5201811437e+01   -9.8244547259e+00    3.8939440216e+00    7.8830106196e+00    7.0352107511e+00   -2.5485211696e+01    7.4253559956e-01    3.3600000000e+02    1.5986566446e-02    5.7079613095e-01
       163   -5.9129303592e+00    3.4994638630e+01   -9.6526180204e+00    3.7396876612e+00    7.5716712248e+00    7.0352107511e+00   -2.4872963387e+01    6.1346339023e-01    3.3600000000e+02    1.5903844044e-02    5.7080357143e-01
       164   -5.9221921355e+00    3.5102115871e+01   -9.6448736177e+00    3.7226814822e+00    7.7015838655e+00    7.0352107511e+00   -2.5128764619e+01    7.4709638438e-01    3.3600000000e+02    1.5962671926e-02    5.7141369048e-01
       165   -5.9055194214e+00    3.4898889770e+01   -9.7882706722e+00    3.8827512508e+00    7.6747607248e+00    7.0352107511e+00   -2.5189301932e+01    6.9105978389e-01    3.3600000000e+02    1.5926070891e-02    5.7239583333e-01
       166   -5.9285475826e+00    3.5187818530e+01   -9.6727874283e+00    3.7442398458e+00    7.6955186250e+00    7.0352107511e+00   -2.5328477992e+01    9.2496118718e-01    3.3600000000e+02    1.5931270105e-02    5.7192708333e-01
       167   -5.8984572530e+00    3.4822093636e+01   -9.7713155377e+00    3.8728582846e+00    7.7083388125e+00    7.0352107511e+00   -2.5121037952e+01    6.0617285090e-01    3.3600000000e+02    1.5936404079e-02    5.6945684524e-01
       168   -5.9079431042e+00    3.4928230883e+01   -9.7820213359e+00    3.8740782316e+00    7.6411573804e+00    7.0352107511e+00   -2.5155748662e+01    6.9735919489e-01    3.3600000000e+02    1.5887584956e-02    5.7265625000e-01
       169   -5.9205645892e+00    3.5099483454e+01   -9.6111964261e+00    3.6906318369e+00    7.6882440212e+00    7.0352107511e+00   -2.5161777953e+01    8.2712675499e-01    3.3600000000e+02    1.5918297724e-02    5.7229166667e-01
       170   -5.9404880732e+00    3.5333542031e+01   -9.6057512576e+00    3.6652631845e+00    7.7327586598e+00    7.0352107511e+00   -2.5120653939e+01    7.4693327009e-01    3.3600000000e+02    1.5903194058e-02    5.7009672619e-01
       171   -5.9154685417e+00    3.5018650083e+01   -9.8440485259e+00    3.9285799842e+00    7.7750280211e+00    7.0352107511e+00   -2.5321037397e+01    6.6675009895e-01    3.3600000000e+02    1.5975209898e-02    5.7080357143e-01
       172   -5.9248434408e+00    3.5138389691e+01   -9.4800016827e+00    3.5551582418e+00    7.6751743598e+00    7.0352107511e+00   -2.5098262872e+01    9.0787607839e-01    3.3600000000e+02    1.5932773639e-02    5.7226190476e-01
       173   -5.9165034515e+00    3.5039773251e+01   -9.6978236215e+00    3.7813201701e+00    7.7122790926e+00    7.0352107511e+00   -2.5138330570e+01    6.9301710509e-01    3.3600000000e+02    1.5959046676e-02    5.7383184524e-01
       174   -5.9152250687e+00    3.5075062857e+01   -9.5067956654e+00    3.5915705967e+00    7.7270811113e+00    7.0352107511e+00   -2.5081510610e+01    8.1242308197e-01    3.3600000000e+02    1.5939370516e-02    5.7214285714e-01
       175   -5.9113666680e+00    3.4967526787e+01   -9.5829368257e+00    3.6715701577e+00    7.6489481992e+00    7.0352107511e+00   -2.5024740690e+01    7.5764491373e-01    3.3600000000e+02    1.5947543417e-02    5.7233630952e-01
       176   -5.9170471676e+00    3.5043431414e+01   -9.8642873840e+00    3.9472402164e+00    7.7682155167e+00    7.0352107511e+00   -2.5451091168e+01    7.8337751605e-01    3.3600000000e+02    1.5942367021e-02    5.7177827381e-01
       177   -5.9260560725e+00    3.5147425840e+01   -9.7378846905e+00    3.8118286180e+00    7.6955312564e+00    7.0352107511e+00   -2.5213221811e+01    7.4459511271e-01    3.3600000000e+02    1.5938843176e-02    5.7145089286e-01
       178   -5.9265647359e+00    3.5158761291e+01   -9.4850149156e+00    3.5584501797e+00    7.7154002554e+00    7.0352107511e+00   -2.5132458704e+01    8.9683278154e-01    3.3600000000e+02    1.5959250940e-02    5.7133928571e-01
       179   -5.9080090162e+00    3.4931834529e+01   -9.5376784572e+00    3.6296694410e+00    7.6991035363e+00    7.0352107511e+00   -2.5052171088e+01    7.8017834361e-01    3.3600000000e+02    1.5906271530e-02    5.7180803571e-01
       180   -5.8923029328e+00    3.4753891485e+01   -9.8420428144e+00    3.9497398815e+00    7.7104474734e+00    7.0352107511e+00   -2.5344246527e+01    7.5654548776e-01    3.3600000000e+02    1.5960133682e-02    5.7009672619e-01
       181   -5.9109436136e+00    3.4992537395e+01   -9.5130473997e+00    3.6021037862e+00    7.7400301084e+00    7.0352107511e+00   -2.5161216562e+01    8.7292830239e-01    3.3600000000e+02    1.5968947283e-02    5.7307291667e-01
       182   -5.9147186723e+00    3.5021596890e+01   -9.5997515716e+00    3.6850328993e+00    7.6165867431e+00    7.0352107511e+00   -2.5016596210e+01    7.6504714454e-01    3.3600000000e+02    1.5888882224e-02    5.7306547619e-01
       183   -5.9283950817e+00    3.5181965353e+01   -9.8395636516e+00    3.9111685700e+00    7.6674306281e+00    7.0352107511e+00   -2.5342279968e+01    8.0007493734e-01    3.3600000000e+02    1.5928517087e-02    5.7056547619e-01
       184   -5.9300086786e+00    3.5201104723e+01   -9.7780794990e+00    3.8480708204e+00    7.7057449765e+00    7.0352107511e+00   -2.5263049708e+01    7.4401448174e-01    3.3600000000e+02    1.5933954714e-02    5.6912202381e-01
       185   -5.9284072711e+00    3.5188718554e+01   -9.6989350969e+00    3.7705278258e+00    7.6850250333e+00    7.0352107511e+00   -2.5271331026e+01    8.5216014496e-01    3.3600000000e+02    1.5986974334e-02    5.7109375000e-01
       186   -5.8999792725e+00    3.4845233432e+01   -9.6996144441e+00    3.7996351716e+00    7.7255484722e+00    7.0352107511e+00   -2.5219961943e+01    7.5958827562e-01    3.3600000000e+02    1.5984116640e-02    5.7255952381e-01
       187   -5.9221577034e+00    3.5102429391e+01   -9.4223872912e+00    3.5002295878e+00    7.5979160505e+00    7.0352107511e+00   -2.4772428213e+01    7.1691412006e-01    3.3600000000e+02    1.5886596423e-02    5.7113839286e-01
       188   -5.9171881430e+00    3.5041168775e+01   -9.7104087842e+00    3.7932206413e+00    7.7710014506e+00    7.0352107511e+00   -2.5160823203e+01    6.4420221754e-01    3.3600000000e+02    1.5944322721e-02    5.7127976190e-01
       189   -5.9264314476e+00    3.5151301519e+01   -9.6141177887e+00    3.6876863411e+00    7.6536743404e+00    7.0352107511e+00   -2.5142427367e+01    8.3942448627e-01    3.3600000000e+02    1.5974294153e-02    5.7130952381e-01
       190   -5.9154618133e+00    3.5025528802e+01   -9.7365377352e+00    3.8210759219e+00    7.7699280787e+00    7.0352107511e+00   -2.5425256956e+01    8.8358039060e-01    3.3600000000e+02    1.5915604832e-02    5.7131696429e-01
       191   -5.9177447110e+00    3.5055448854e+01   -9.9248535067e+00    4.0071087958e+00    7.6263650245e+00    7.0352107511e+00   -2.5394273068e+01    8.0784378532e-01    3.3600000000e+02    1.5897695976e-02    5.6937500000e-01
       192   -5.9199710597e+00    3.5071036219e+01   -9.6625486628e+00    3.7425776031e+00    7.7195040267e+00    7.0352107511e+00   -2.5177595584e+01    7.6033214341e-01    3.3600000000e+02    1.5945550237e-02    5.7287202381e-01
       193   -5.9225010909e+00    3.5116392780e+01   -9.5724647321e+00    3.6499636412e+00    7.6306218913e+00    7.0352107511e+00   -2.4993760780e+01    7.5546340580e-01    3.3600000000e+02    1.5937216738e-02    5.7193452381e-01
       194   -5.9132280124e+00    3.4994798543e+01   -9.6913119758e+00    3.7780839634e+00    7.7878234050e+00    7.0352107511e+00   -2.5208207835e+01    6.9386170295e-01    3.3600000000e+02    1.5956591014e-02    5.7201636905e-01
       195   -5.9130578763e+00    3.4995836468e+01   -9.6896371017e+00    3.7765792254e+00    7.6343652436e+00    7.0352107511e+00   -2.5109488638e+01    7.5027554199e-01    3.3600000000e+02    1.5912260647e-02    5.6642113095e-01
       196   -5.9326696750e+00    3.5249643340e+01   -9.5902820156e+00    3.6576123406e+00    7.6579253423e+00    7.0352107511e+00   -2.5152462777e+01    8.6904466769e-01    3.3600000000e+02    1.5948663729e-02    5.7293154762e-01
       197   -5.9069086494e+00    3.4928525585e+01   -9.6642552097e+00    3.7573465603e+00    7.6697888749e+00    7.0352107511e+00   -2.5169196149e+01    7.9994131287e-01    3.3600000000e+02    1.5924971681e-02    5.7019345238e-01
       198   -5.8955781363e+00    3.4825950268e+01   -9.7179110946e+00    3.8223329583e+00    7.7338319487e+00    7.0352107511e+00   -2.5262806785e+01    7.7585299021e-01    3.3600000000e+02    1.5942863333e-02    5.7038690476e-01
       199   -5.9253662721e+00    3.5133714739e+01   -9.6052872284e+00    3.6799209563e+00    7.7380971630e+00    7.0352107511e+00   -2.4873493594e+01    4.9489845191e-01    3.3600000000e+02    1.5946053850e-02    5.7107886905e-01
       200   -5.9038940475e+00    3.4906493277e+01   -9.4428108095e+00    3.5389167620e+00    7.6284290785e+00    7.0352107511e+00   -2.4962487560e+01    8.5603692086e-01    3.3600000000e+02    1.5981868314e-02    5.7131696429e-01
       201   -5.8969632517e+00    3.4845940284e+01   -9.5199011901e+00    3.6229379385e+00    7.8087676937e+00    7.0352107511e+00   -2.5255038262e+01    8.9115862709e-01    3.3600000000e+02    1.5994343868e-02    5.7203125000e-01
       202   -5.9047769298e+00    3.4907182646e+01   -9.6706860669e+00    3.7659091371e+00    7.6757617543e+00    7.0352107511e+00   -2.5110631754e+01    7.2897318117e-01    3.3600000000e+02    1.5959413481e-02    5.7064732143e-01
       203   -5.9224592582e+00    3.5117042559e+01   -9.6758667873e+00    3.7534075291e+00    7.6689483960e+00    7.0352107511e+00   -2.5167142753e+01    7.8711681872e-01    3.3600000000e+02    1.5940112624e-02    5.7138392857e-01
       204   -5.9091175061e+00    3.4946888608e+01   -9.7447507657e+00    3.8356332596e+00    7.7283413450e+00    7.0352107511e+00   -2.5324983341e+01    8.1668047903e-01    3.3600000000e+02    1.6035166929e-02    5.7216517857e-01
       205   -5.9179775343e+00    3.5063209378e+01   -9.6980054462e+00    3.7800279118e+00    7.7127755895e+00    7.0352107511e+00   -2.5143257040e+01    6.9726525310e-01    3.3600000000e+02    1.5995009691e-02    5.7090029762e-01
       206   -5.9102482547e+00    3.4969938450e+01   -9.6118929335e+00    3.7016446788e+00    7.7357761610e+00    7.0352107511e+00   -2.5054731655e+01    6.7185180921e-01    3.3600000000e+02    1.5948143802e-02    5.7200892857e-01
       207   -5.9218639606e+00    3.5106381738e+01   -9.6708291724e+00    3.7489652118e+00    7.6898313796e+00    7.0352107511e+00   -2.5188108503e+01    7.9223719990e-01    3.3600000000e+02    1.5914020572e-02    5.7061755952e-01
       208   -5.9122291287e+00    3.4993789516e+01   -9.4246119112e+00    3.5123827825e+00    7.7672803323e+00    7.0352107511e+00   -2.5054816424e+01    8.2771342955e-01    3.3600000000e+02    1.5972390383e-02    5.7334821429e-01
       209   -5.9352503351e+00    3.5262256216e+01   -9.5754275308e+00    3.6401771956e+00    7.6327362680e+00    7.0352107511e+00   -2.5165862950e+01    9.2248839969e-01    3.3600000000e+02    1.5912657781e-02    5.7001488095e-01
       210   -5.9276682229e+00    3.5169913633e+01   -9.6747185402e+00    3.7470503174e+00    7.6398582109e+00    7.0352107511e+00   -2.5099377070e+01    7.4958956752e-01    3.3600000000e+02    1.5933862607e-02    5.7163690476e-01
       211   -5.9087962773e+00    3.4956805566e+01   -9.7137928441e+00    3.8049965668e+00    7.7739146505e+00    7.0352107511e+00   -2.5248948598e+01    7.2603035268e-01    3.3600000000e+02    1.5934890419e-02    5.7082589286e-01
       212   -5.9045330527e+00    3.4923149213e+01   -9.7031152874e+00    3.7985822348e+00    7.6620039749e+00    7.0352107511e+00   -2.5194054551e+01    7.9372453739e-01    3.3600000000e+02    1.5887094224e-02    5.7082589286e-01
       213   -5.9313339019e+00    3.5217633492e+01   -9.6399670219e+00    3.7086331200e+00    7.6926897063e+00    7.0352107511e+00   -2.5171663348e+01    8.0379586847e-01    3.3600000000e+02    1.5935195990e-02    5.7133928571e-01
       214   -5.9085160807e+00    3.4976903334e+01   -9.6848185293e+00    3.7763024485e+00    7.6774952861e+00    7.0352107511e+00   -2.5183140004e+01    7.8561543798e-01    3.3600000000e+02    1.5928367752e-02    5.7243303571e-01
       215   -5.9143613006e+00    3.5016994493e+01   -9.7430664079e+00    3.8287051072e+00    7.7140889892e+00    7.0352107511e+00   -2.5310887589e+01    8.1852144116e-01    3.3600000000e+02    1.5933004346e-02    5.7366815476e-01
       216   -5.9065263110e+00    3.4960818606e+01   -9.5026278053e+00    3.5961014944e+00    7.6443258174e+00    7.0352107511e+00   -2.5123818988e+01    9.4165461438e-01    3.3600000000e+02    1.5902316711e-02    5.7263392857e-01
       217   -5.9269456570e+00    3.5158240260e+01   -9.7832235080e+00    3.8562778510e+00    7.7721710321e+00    7.0352107511e+00   -2.5264186029e+01    6.7358073741e-01    3.3600000000e+02    1.5955891724e-02    5.7103422619e-01
       218   -5.9026083069e+00    3.4872085131e+01   -9.6880492718e+00    3.7854409649e+00    7.8253316423e+00    7.0352107511e+00   -2.5424641853e+01    8.7605018818e-01    3.3600000000e+02    1.6028526788e-02    5.7252976190e-01
       219   -5.9312885899e+00    3.5237080375e+01   -9.8971834202e+00    3.9658948304e+00    7.6973058161e+00    7.0352107511e+00   -2.5439755848e+01    8.1005586027e-01    3.3600000000e+02    1.5921598578e-02    5.6870535714e-01
       220   -5.9092228143e+00    3.4950860406e+01   -9.7380890023e+00    3.8288661881e+00    7.6909095082e+00    7.0352107511e+00   -2.5237617726e+01    7.7340846449e-01    3.3600000000e+02    1.5902137930e-02    5.6984375000e-01
       221   -5.9254512287e+00    3.5190191684e+01   -9.8618023723e+00    3.9363511436e+00    7.6697623726e+00    7.0352107511e+00   -2.5467840784e+01    9.0106528822e-01    3.3600000000e+02    1.5941176694e-02    5.7160714286e-01
       222   -5.9049712114e+00    3.4905582146e+01   -9.7054143837e+00    3.8004431724e+00    7.7591057159e+00    7.0352107511e+00   -2.5215448294e+01    7.1571744359e-01    3.3600000000e+02    1.5965175563e-02    5.7063988095e-01
       223   -5.9100618147e+00    3.4955823298e+01   -9.8572374945e+00    3.9471756798e+00    7.6155169446e+00    7.0352107511e+00   -2.5118676644e+01    6.1071145357e-01    3.3600000000e+02    1.5939274634e-02    5.7215029762e-01
       224   -5.9171551803e+00    3.5038048093e+01   -9.5311171538e+00    3.6139619735e+00    7.7712116923e+00    7.0352107511e+00   -2.5043742568e+01    7.0620297043e-01    3.3600000000e+02    1.5934013593e-02    5.7107886905e-01
       225   -5.9126618976e+00    3.4987406394e+01   -9.6553820901e+00    3.7427201925e+00    7.7878245911e+00    7.0352107511e+00   -2.5161889670e+01    6.8347223714e-01    3.3600000000e+02    1.5952882864e-02    5.7229166667e-01
       226   -5.9089693957e+00    3.4955431725e+01   -9.5841842761e+00    3.6752148804e+00    7.7024607156e+00    7.0352107511e+00   -2.5042946286e+01    7.2109054326e-01    3.3600000000e+02    1.5978442408e-02    5.7228422619e-01
       227   -5.9082568151e+00    3.4937207819e+01   -9.5996026818e+00    3.6913458667e+00    7.6171879973e+00    7.0352107511e+00   -2.5011048117e+01    7.5904668726e-01    3.3600000000e+02    1.5907512767e-02    5.7228422619e-01
       228   -5.9059120884e+00    3.4917217337e+01   -9.6106367434e+00    3.7047246550e+00    7.5912370395e+00    7.0352107511e+00   -2.5012972772e+01    7.7588823765e-01    3.3600000000e+02    1.5850703080e-02    5.7016369048e-01
       229   -5.9141607548e+00    3.5007320779e+01   -9.6184200835e+00    3.7042593287e+00    7.7318535183e+00    7.0352107511e+00   -2.5054405476e+01    6.6892112314e-01    3.3600000000e+02    1.5929541462e-02    5.6825892857e-01
       230   -5.9218702994e+00    3.5091881145e+01   -9.5906087351e+00    3.6687384356e+00    7.6750747398e+00    7.0352107511e+00   -2.5003134859e+01    7.0224063350e-01    3.3600000000e+02    1.5942815952e-02    5.6986607143e-01
       231   -5.9052119179e+00    3.4908362208e+01   -9.7340649562e+00    3.8288530383e+00    7.6647511477e+00    7.0352107511e+00   -2.5059373566e+01    6.2534671065e-01    3.3600000000e+02    1.5874808161e-02    5.6979166667e-01
       232   -5.9272053519e+00    3.5161366435e+01   -9.7269230809e+00    3.7997177290e+00    7.6687998319e+00    7.0352107511e+00   -2.5115532129e+01    6.8459846501e-01    3.3600000000e+02    1.5902248677e-02    5.7066964286e-01
       233   -5.9114975749e+00    3.4974637797e+01   -9.7835735443e+00    3.8720759694e+00    7.8681986527e+00    7.0352107511e+00   -2.5549973163e+01    8.6299021474e-01    3.3600000000e+02    1.5991171819e-02    5.7295386905e-01
       234   -5.9174807892e+00    3.5050347361e+01   -9.5971193274e+00    3.6796385382e+00    7.7243918833e+00    7.0352107511e+00   -2.5256109602e+01    8.9938764035e-01    3.3600000000e+02    1.5979619026e-02    5.6938244048e-01
       235   -5.9258650692e+00    3.5146571783e+01   -9.6294173833e+00    3.7035523141e+00    7.6059399156e+00    7.0352107511e+00   -2.4937274822e+01    6.6670677198e-01    3.3600000000e+02    1.5895419460e-02    5.7087797619e-01
       236   -5.9060936460e+00    3.4931395568e+01   -9.6913362023e+00    3.7852425563e+00    7.8124069217e+00    7.0352107511e+00   -2.5447829656e+01    9.0887578040e-01    3.3600000000e+02    1.5931241489e-02    5.7362351190e-01
       237   -5.9106967582e+00    3.4972515135e+01   -9.3888816446e+00    3.4781848863e+00    7.6745670372e+00    7.0352107511e+00   -2.4768773537e+01    6.7011410359e-01    3.3600000000e+02    1.5926413174e-02    5.7309523810e-01
       238   -5.9155570379e+00    3.5026936959e+01   -9.6424562816e+00    3.7268992438e+00    7.6683583844e+00    7.0352107511e+00   -2.5017384365e+01    6.7135894782e-01    3.3600000000e+02    1.5861928327e-02    5.7069940476e-01
       239   -5.9131404959e+00    3.5002163386e+01   -9.6099872831e+00    3.6968467872e+00    7.7581326641e+00    7.0352107511e+00   -2.5264482763e+01    8.6115206518e-01    3.3600000000e+02    1.5945067388e-02    5.7011904762e-01
       240   -5.9044017435e+00    3.4894360625e+01   -9.6791096023e+00    3.7747078588e+00    7.7080863125e+00    7.0352107511e+00   -2.5169402903e+01    7.4699623670e-01    3.3600000000e+02    1.6039269186e-02    5.7200892857e-01
       241   -5.9215410812e+00    3.5100260748e+01   -9.5972779360e+00    3.6757368548e+00    7.7351747524e+00    7.0352107511e+00   -2.5145839661e+01    7.7817622182e-01    3.3600000000e+02    1.5930526865e-02    5.7078125000e-01
       242   -5.9078113099e+00    3.4952800053e+01   -9.5784960490e+00    3.6706847391e+00    7.6233746206e+00    7.0352107511e+00   -2.4896071945e+01    6.5899052393e-01    3.3600000000e+02    1.5961593785e-02    5.7244047619e-01
       243   -5.9143309210e+00    3.5007915771e+01   -9.6210095212e+00    3.7066786001e+00    7.6680495840e+00    7.0352107511e+00   -2.5001505611e+01    6.7723575484e-01    3.3600000000e+02    1.5956632776e-02    5.6801339286e-01
       244   -5.9050418373e+00    3.4912049029e+01   -9.6012047299e+00    3.6961628926e+00    7.7479638016e+00    7.0352107511e+00   -2.5246241560e+01    8.6186227694e-01    3.3600000000e+02    1.5949436242e-02    5.7372767857e-01
       245   -5.9305903699e+00    3.5212436030e+01   -9.7998967925e+00    3.8693064225e+00    7.7375146548e+00    7.0352107511e+00   -2.5411764974e+01    8.3914277557e-01    3.3600000000e+02    1.5938516970e-02    5.7029017857e-01
       246   -5.9255629317e+00    3.5134467962e+01   -9.7572034594e+00    3.8316405277e+00    7.7341604216e+00    7.0352107511e+00   -2.5226285089e+01    6.9971045711e-01    3.3600000000e+02    1.5910069633e-02    5.7158482143e-01
       247   -5.9404093351e+00    3.5339546998e+01   -9.6336346767e+00    3.6932253416e+00    7.7618992290e+00    7.0352107511e+00   -2.5364322251e+01    9.3357759374e-01    3.3600000000e+02    1.5933923526e-02    5.7112351190e-01
       248   -5.8876968806e+00    3.4708192494e+01   -9.9159420567e+00    4.0282451762e+00    7.7237609369e+00    7.0352107511e+00   -2.5441005983e+01    7.6609223849e-01    3.3600000000e+02    1.5980384720e-02    5.7180059524e-01
       249   -5.9223291593e+00    3.5105141512e+01   -9.6948367479e+00    3.7725075886e+00    7.6716225460e+00    7.0352107511e+00   -2.5187038039e+01    7.8536799426e-01    3.3600000000e+02    1.5994449734e-02    5.7280505952e-01
       250   -5.9182964746e+00    3.5069119327e+01   -9.2700984341e+00    3.3518019595e+00    7.6359873197e+00    7.0352107511e+00   -2.4775458766e+01    8.3416226111e-01    3.3600000000e+02    1.5944912076e-02    5.7123511905e-01
       251   -5.9157044789e+00    3.5022709341e+01   -9.6087761971e+00    3.6930717182e+00    7.7334610329e+00    7.0352107511e+00   -2.5065181153e+01    6.8773317138e-01    3.3600000000e+02    1.5879144316e-02    5.7165922619e-01
       252   -5.8963398453e+00    3.4797622797e+01   -9.6381972674e+00    3.7418574221e+00    7.7262888962e+00    7.0352107511e+00   -2.5193020855e+01    7.9332393985e-01    3.3600000000e+02    1.5893567669e-02    5.7120535714e-01
       253   -5.9199771759e+00    3.5072083148e+01   -9.6120469153e+00    3.6920697394e+00    7.6434617018e+00    7.0352107511e+00   -2.5005428102e+01    7.1470873375e-01    3.3600000000e+02    1.5916660384e-02    5.7252232143e-01
       254   -5.9269279222e+00    3.5153550132e+01   -9.7156847954e+00    3.7887568732e+00    7.7555064078e+00    7.0352107511e+00   -2.5185224455e+01    6.7882250111e-01    3.3600000000e+02    1.5968998589e-02    5.7186011905e-01
       255   -5.9231834606e+00    3.5129710324e+01   -9.5408804373e+00    3.6176969767e+00    7.7871398084e+00    7.0352107511e+00   -2.5238173135e+01    8.7494213790e-01    3.3600000000e+02    1.5956392284e-02    5.7130952381e-01
       256   -5.9127719756e+00    3.4992828486e+01   -9.6657414425e+00    3.7529694669e+00    7.7255068518e+00    7.0352107511e+00   -2.5277349663e+01    8.5089061805e-01    3.3600000000e+02    1.5946488223e-02    5.7020833333e-01
       257   -5.9285257359e+00    3.5201589066e+01   -9.5615226249e+00    3.6329968890e+00    7.7545849863e+00    7.0352107511e+00   -2.5171117427e+01    8.1979906464e-01    3.3600000000e+02    1.5972872730e-02    5.7235863095e-01
       258   -5.9288304373e+00    3.5188989167e+01   -9.7684782663e+00    3.8396478289e+00    7.8342923402e+00    7.0352107511e+00   -2.5347796696e+01    7.0981533887e-01    3.3600000000e+02    1.6016416518e-02    5.7162202381e-01
       259   -5.9125428443e+00    3.4989048684e+01   -9.5888837661e+00    3.6763409219e+00    7.7490188750e+00    7.0352107511e+00   -2.5299271840e+01    9.2615844779e-01    3.3600000000e+02    1.5983655336e-02    5.7049107143e-01
       260   -5.9196973878e+00    3.5069832311e+01   -9.7035965255e+00    3.7838991377e+00    7.9001846335e+00    7.0352107511e+00   -2.5417980310e+01    7.7898840026e-01    3.3600000000e+02    1.5941766301e-02    5.7154017857e-01
       261   -5.9075272226e+00    3.4930445426e+01   -9.9177911162e+00    4.0102638936e+00    7.6627225206e+00    7.0352107511e+00   -2.5291777642e+01    6.7605325437e-01    3.3600000000e+02    1.5902969762e-02    5.6989583333e-01
       262   -5.9275165922e+00    3.5168930074e+01   -9.6738101695e+00    3.7462935773e+00    7.6889115974e+00    7.0352107511e+00   -2.5220615585e+01    8.2268306735e-01    3.3600000000e+02    1.5937636218e-02    5.7060267857e-01
       263   -5.9187443280e+00    3.5070833817e+01   -9.6729233587e+00    3.7541790306e+00    7.7963761873e+00    7.0352107511e+00   -2.5343929689e+01    8.3941939176e-01    3.3600000000e+02    1.5978382551e-02    5.7194940476e-01
       264   -5.9093235062e+00    3.4974479670e+01   -9.8694412361e+00    3.9601177300e+00    7.6027579098e+00    7.0352107511e+00   -2.5244106656e+01    7.3669675868e-01    3.3600000000e+02    1.5939026658e-02    5.7397321429e-01
       265   -5.9185665152e+00    3.5058423049e+01   -9.8625726303e+00    3.9440061151e+00    7.6562896571e+00    7.0352107511e+00   -2.5372905167e+01    8.1883212821e-01    3.3600000000e+02    1.5907463765e-02    5.7052083333e-01
       266   -5.9051413369e+00    3.4905718392e+01   -9.8223007019e+00    3.9171593650e+00    7.6441610811e+00    7.0352107511e+00   -2.5300027254e+01    7.9835472006e-01    3.3600000000e+02    1.5940395738e-02    5.6997767857e-01
       267   -5.8931469374e+00    3.4823823400e+01   -9.6884171098e+00    3.7952701724e+00    7.7767256001e+00    7.0352107511e+00   -2.5348132699e+01    8.4777923850e-01    3.3600000000e+02    1.5949405594e-02    5.7104166667e-01
       268   -5.8953544299e+00    3.4880006003e+01   -9.6489611887e+00    3.7536067588e+00    7.7176601282e+00    7.0352107511e+00   -2.5353946621e+01    9.5211455265e-01    3.3600000000e+02    1.5968127223e-02    5.7248511905e-01
       269   -5.9108314397e+00    3.4973831263e+01   -9.7124963800e+00    3.8016649403e+00    7.6717942652e+00    7.0352107511e+00   -2.5237444545e+01    8.1794314821e-01    3.3600000000e+02    1.5952019262e-02    5.7007440476e-01
       270   -5.9099111028e+00    3.4971650756e+01   -9.7675835113e+00    3.8576724085e+00    7.7017397411e+00    7.0352107511e+00   -2.5421190893e+01    9.1665688958e-01    3.3600000000e+02    1.5917455681e-02    5.7142113095e-01
       271   -5.9270211476e+00    3.5205355279e+01   -9.7271622450e+00    3.8001410974e+00    7.7709940183e+00    7.0352107511e+00   -2.5375540526e+01    8.4217351175e-01    3.3600000000e+02    1.5884037196e-02    5.7020833333e-01
       272   -5.9095777374e+00    3.4953966119e+01   -9.8021094703e+00    3.8925317329e+00    7.7538476456e+00    7.0352107511e+00   -2.5452691857e+01    8.6152399031e-01    3.3600000000e+02    1.5898707761e-02    5.7095238095e-01
       273   -5.9251051205e+00    3.5132653008e+01   -9.6266727328e+00    3.7015676123e+00    7.7049625779e+00    7.0352107511e+00   -2.5063855549e+01    6.9700948680e-01    3.3600000000e+02    1.5897635703e-02    5.7015625000e-01
       274   -5.9147826678e+00    3.5021475952e+01   -9.6770298588e+00    3.7622471911e+00    7.6328341264e+00    7.0352107511e+00   -2.5062593557e+01    7.1751882017e-01    3.3600000000e+02    1.5877312623e-02    5.7209077381e-01
       275   -5.9118224623e+00    3.4986420938e+01   -9.7790876825e+00    3.8672652202e+00    7.6829801323e+00    7.0352107511e+00   -2.5415941124e+01    9.1866255776e-01    3.3600000000e+02    1.5923822182e-02    5.7163690476e-01
       276   -5.9337234985e+00    3.5241849928e+01   -9.6579074665e+00    3.7241839680e+00    7.6181486474e+00    7.0352107511e+00   -2.5027343092e+01    7.1607622729e-01    3.3600000000e+02    1.5904788244e-02    5.7296875000e-01
       277   -5.9093789176e+00    3.5017356145e+01   -9.7151136403e+00    3.8057347227e+00    7.7066927108e+00    7.0352107511e+00   -2.5343768916e+01    8.8675181372e-01    3.3600000000e+02    1.5930668273e-02    5.7301339286e-01
       278   -5.9180183013e+00    3.5060171171e+01   -9.5424225245e+00    3.6244042232e+00    7.7531636160e+00    7.0352107511e+00   -2.5332347597e+01    1.0015507058e+00    3.3600000000e+02    1.5959703691e-02    5.7083333333e-01
       279   -5.9244751246e+00    3.5129173451e+01   -9.7935019904e+00    3.8690268658e+00    7.5660720753e+00    7.0352107511e+00   -2.5095777401e+01    7.0099258374e-01    3.3600000000e+02    1.5897661744e-02    5.7199404762e-01
       280   -5.9220241972e+00    3.5119093617e+01   -9.7287426129e+00    3.8067184157e+00    7.7616878703e+00    7.0352107511e+00   -2.5423719269e+01    8.9807803480e-01    3.3600000000e+02    1.5939597864e-02    5.7335565476e-01
       281   -5.9096412701e+00    3.4954470222e+01   -9.7038362910e+00    3.7941950209e+00    7.7087560620e+00    7.0352107511e+00   -2.5287061265e+01    8.3925816140e-01    3.3600000000e+02    1.5975185894e-02    5.7058779762e-01
       282   -5.9398753483e+00    3.5329828654e+01   -9.6421844457e+00    3.7023090974e+00    7.7314948375e+00    7.0352107511e+00   -2.5271164961e+01    8.6227492627e-01    3.3600000000e+02    1.5941733700e-02    5.7280505952e-01
       283   -5.9101207870e+00    3.4962355725e+01   -9.7912471196e+00    3.8811263326e+00    7.6454497797e+00    7.0352107511e+00   -2.5125448228e+01    6.5354057796e-01    3.3600000000e+02    1.5936695014e-02    5.7255952381e-01
       284   -5.9241305921e+00    3.5124034629e+01   -9.4433869301e+00    3.5192563380e+00    7.6788069460e+00    7.0352107511e+00   -2.5066934106e+01    9.0952947930e-01    3.3600000000e+02    1.5943603075e-02    5.7522321429e-01
       285   -5.9239292775e+00    3.5122626646e+01   -9.7529414009e+00    3.8290121234e+00    7.6946812003e+00    7.0352107511e+00   -2.5270354379e+01    7.8752102663e-01    3.3600000000e+02    1.5899047330e-02    5.6974702381e-01
       286   -5.9102250881e+00    3.4970576425e+01   -9.6873334018e+00    3.7771083137e+00    7.7734598168e+00    7.0352107511e+00   -2.5394319035e+01    8.9831506506e-01    3.3600000000e+02    1.5908635704e-02    5.7244047619e-01
       287   -5.9185333014e+00    3.5071614019e+01   -9.7167526361e+00    3.7982193346e+00    7.7446417814e+00    7.0352107511e+00   -2.5281255590e+01    7.8465042179e-01    3.3600000000e+02    1.5966293818e-02    5.7131696429e-01
       288   -5.9129581166e+00    3.5005159172e+01   -9.4902050640e+00    3.5772469473e+00    7.7664628546e+00    7.0352107511e+00   -2.5148658250e+01    8.5677958025e-01    3.3600000000e+02    1.5928861194e-02    5.7175595238e-01
       289   -5.9150654473e+00    3.5016298869e+01   -9.8210497043e+00    3.9059842570e+00    7.7027713597e+00    7.0352107511e+00   -2.5300793872e+01    7.4176205727e-01    3.3600000000e+02    1.5940231598e-02    5.6904761905e-01
       290   -5.9159327272e+00    3.5036585815e+01   -9.5509249530e+00    3.6349922258e+00    7.6918424864e+00    7.0352107511e+00   -2.4918069456e+01    6.4009126555e-01    3.3600000000e+02    1.5905787780e-02    5.7145833333e-01
       291   -5.9067700026e+00    3.4924453229e+01   -9.7863374170e+00    3.8795674144e+00    7.7895409185e+00    7.0352107511e+00   -2.5495597668e+01    8.8450858120e-01    3.3600000000e+02    1.5946277991e-02    5.7081101190e-01
       292   -5.9330219493e+00    3.5227245563e+01   -9.6527557870e+00    3.7197338376e+00    7.7265468839e+00    7.0352107511e+00   -2.5120729344e+01    7.0621592186e-01    3.3600000000e+02    1.5958038161e-02    5.7116071429e-01
       293   -5.9189450374e+00    3.5071570606e+01   -9.7804773708e+00    3.8615323334e+00    7.7317464600e+00    7.0352107511e+00   -2.5260113079e+01    7.1267849691e-01    3.3600000000e+02    1.5963109224e-02    5.7100446429e-01
       294   -5.9193870969e+00    3.5081074652e+01   -9.6309440381e+00    3.7115569412e+00    7.6599052341e+00    7.0352107511e+00   -2.5129106464e+01    8.0304644093e-01    3.3600000000e+02    1.5938711353e-02    5.6862351190e-01
       295   -5.9143096812e+00    3.5010717505e+01   -9.6002368526e+00    3.6859271714e+00    7.6796637033e+00    7.0352107511e+00   -2.4923227638e+01    6.0811633081e-01    3.3600000000e+02    1.5895738114e-02    5.7305059524e-01
       296   -5.8909831390e+00    3.4745736740e+01   -9.5937339355e+00    3.7027507965e+00    7.6513100250e+00    7.0352107511e+00   -2.5069844997e+01    7.8959028500e-01    3.3600000000e+02    1.5971022636e-02    5.7507440476e-01
       297   -5.9171210060e+00    3.5042174997e+01   -9.8530135245e+00    3.9358925184e+00    7.6777115518e+00    7.0352107511e+00   -2.5271398527e+01    7.0546269983e-01    3.3600000000e+02    1.5887775591e-02    5.7231398810e-01
       298   -5.9287776994e+00    3.5176973660e+01   -9.6014870369e+00    3.6727093375e+00    7.7074353510e+00    7.0352107511e+00   -2.5127318395e+01    7.8318525583e-01    3.3600000000e+02    1.5951715207e-02    5.7350446429e-01
       299   -5.9127866266e+00    3.4990784062e+01   -9.8223923196e+00    3.9096056930e+00    7.6529881108e+00    7.0352107511e+00   -2.5234828623e+01    7.2423744153e-01    3.3600000000e+02    1.5925775728e-02    5.7270089286e-01
       300   -5.9104058120e+00    3.4965528212e+01   -9.5232018498e+00    3.6127960378e+00    7.7914509423e+00    7.0352107511e+00   -2.5111162526e+01    7.6129898261e-01    3.3600000000e+02    1.5986694619e-02    5.7113095238e-01
       301   -5.9132208318e+00    3.4991057538e+01   -9.6476602442e+00    3.7344394124e+00    7.6800926576e+00    7.0352107511e+00   -2.5128776824e+01    7.6581317107e-01    3.3600000000e+02    1.5946410352e-02    5.7027529762e-01
       302   -5.9269187422e+00    3.5176333101e+01   -9.7396970751e+00    3.8127783329e+00    7.6585937912e+00    7.0352107511e+00   -2.5337265488e+01    9.0376387022e-01    3.3600000000e+02    1.5943543670e-02    5.7238839286e-01
       303   -5.9048996568e+00    3.4897254001e+01   -9.7867227581e+00    3.8818231013e+00    7.6914789067e+00    7.0352107511e+00   -2.5315287820e+01    8.0187540444e-01    3.3600000000e+02    1.5901224180e-02    5.6973214286e-01
       304   -5.9321519255e+00    3.5214762015e+01   -9.8117498003e+00    3.8795978748e+00    7.6687631974e+00    7.0352107511e+00   -2.5330807431e+01    8.1508368233e-01    3.3600000000e+02    1.5921066939e-02    5.6962053571e-01
       305   -5.9208517683e+00    3.5142718808e+01   -9.3584345465e+00    3.4375827781e+00    7.6253737132e+00    7.0352107511e+00   -2.5154134011e+01    1.1351150001e+00    3.3600000000e+02    1.5849724609e-02    5.7150297619e-01
       306   -5.9132714413e+00    3.5003647170e+01   -9.6789969163e+00    3.7657254749e+00    7.7691289533e+00    7.0352107511e+00   -2.5302746539e+01    8.1940991857e-01    3.3600000000e+02    1.5899976898e-02    5.7247767857e-01
       307   -5.8944614272e+00    3.4791417114e+01   -9.6718414071e+00    3.7773799799e+00    7.6907453792e+00    7.0352107511e+00   -2.5142954746e+01    7.4515720825e-01    3.3600000000e+02    1.5951850047e-02    5.7157738095e-01
       308   -5.9094354351e+00    3.4947008531e+01   -9.7520208442e+00    3.8425854091e+00    7.6690322698e+00    7.0352107511e+00   -2.5115980960e+01    6.5971709454e-01    3.3600000000e+02    1.5946559747e-02    5.7160714286e-01
       309   -5.9232976158e+00    3.5116412102e+01   -9.6779850655e+00    3.7546874497e+00    7.7045441342e+00    7.0352107511e+00   -2.5054298096e+01    6.3655814513e-01    3.3600000000e+02    1.5926034531e-02    5.6939732143e-01
       310   -5.9087972092e+00    3.4949078439e+01   -9.7340045581e+00    3.8252073489e+00    7.7559296195e+00    7.0352107511e+00   -2.5395130841e+01    8.6998591272e-01    3.3600000000e+02    1.5943606282e-02    5.7195684524e-01
       311   -5.9203845229e+00    3.5074913578e+01   -9.7976564401e+00    3.8772719171e+00    7.6706145124e+00    7.0352107511e+00   -2.5217473501e+01    7.1399179720e-01    3.3600000000e+02    1.5939127607e-02    5.7402529762e-01
       312   -5.9282182491e+00    3.5178137994e+01   -9.5368587000e+00    3.6086404509e+00    7.6817871781e+00    7.0352107511e+00   -2.4923494748e+01    6.6963811909e-01    3.3600000000e+02    1.5907605048e-02    5.7154761905e-01
       313   -5.9154833675e+00    3.5020724283e+01   -9.7359349062e+00    3.8204515387e+00    7.6463800705e+00    7.0352107511e+00   -2.5129743939e+01    7.1221821109e-01    3.3600000000e+02    1.5864264996e-02    5.6784226190e-01
       314   -5.9104435795e+00    3.4968018776e+01   -9.6847118257e+00    3.7742682462e+00    7.6988006198e+00    7.0352107511e+00   -2.5189044043e+01    7.7032084668e-01    3.3600000000e+02    1.5894754571e-02    5.7095982143e-01
       315   -5.9036693732e+00    3.4880443856e+01   -9.5934828236e+00    3.6898134505e+00    7.6474098974e+00    7.0352107511e+00   -2.5029812992e+01    7.5370951978e-01    3.3600000000e+02    1.5926541966e-02    5.7214285714e-01
       316   -5.9104965018e+00    3.4965146899e+01   -9.7741251148e+00    3.8636286130e+00    7.6149498616e+00    7.0352107511e+00   -2.5310627335e+01    8.8634160719e-01    3.3600000000e+02    1.5904933344e-02    5.7199404762e-01
       317   -5.9034391045e+00    3.5022326365e+01   -9.4782043038e+00    3.5747651993e+00    7.6916347118e+00    7.0352107511e+00   -2.5048345113e+01    8.4329534647e-01    3.3600000000e+02    1.5863441333e-02    5.6964285714e-01
       318   -5.9110802064e+00    3.4971757106e+01   -9.5652417271e+00    3.6541615207e+00    7.6308631363e+00    7.0352107511e+00   -2.4960520066e+01    7.2920445146e-01    3.3600000000e+02    1.5883400898e-02    5.7157738095e-01
       319   -5.9273228206e+00    3.5166607315e+01   -9.7491478425e+00    3.8218250220e+00    7.7285960490e+00    7.0352107511e+00   -2.5321735146e+01    8.0878050335e-01    3.3600000000e+02    1.5934183490e-02    5.6937500000e-01
       320   -5.9015117230e+00    3.4874677437e+01   -9.7071606262e+00    3.8056489032e+00    7.6635444687e+00    7.0352107511e+00   -2.5241390019e+01    8.3547417280e-01    3.3600000000e+02    1.5958534676e-02    5.7271577381e-01
       321   -5.9134881500e+00    3.5015656859e+01   -9.6322913061e+00    3.7188031561e+00    7.7243105587e+00    7.0352107511e+00   -2.5265022899e+01    8.7321028286e-01    3.3600000000e+02    1.5938310105e-02    5.7236607143e-01
       322   -5.9388514459e+00    3.5309075012e+01   -9.5865741180e+00    3.6477226722e+00    7.7449872566e+00    7.0352107511e+00   -2.5203121355e+01    8.3634922891e-01    3.3600000000e+02    1.5987296242e-02    5.7325892857e-01
       323   -5.9076882215e+00    3.4928575593e+01   -9.7463873952e+00    3.8386991737e+00    7.7025519136e+00    7.0352107511e+00   -2.5264731270e+01    7.8058121013e-01    3.3600000000e+02    1.5928817647e-02    5.6995535714e-01
       324   -5.9115039821e+00    3.4985846499e+01   -9.7214021058e+00    3.8098981237e+00    7.6614259521e+00    7.0352107511e+00   -2.5226767142e+01    8.0872833255e-01    3.3600000000e+02    1.5966063072e-02    5.7116071429e-01
       325   -5.9189819151e+00    3.5066579397e+01   -9.7758596319e+00    3.8568777168e+00    7.7341700454e+00    7.0352107511e+00   -2.5167510417e+01    6.2226998832e-01    3.3600000000e+02    1.5943509366e-02    5.6980654762e-01
       326   -5.9089250963e+00    3.4975361765e+01   -9.4884402667e+00    3.5795151703e+00    7.6877196616e+00    7.0352107511e+00   -2.5241995897e+01    1.0306252181e+00    3.3600000000e+02    1.5936737229e-02    5.7171130952e-01
       327   -5.9031888795e+00    3.4891565663e+01   -9.4751553468e+00    3.5719664673e+00    7.6462945641e+00    7.0352107511e+00   -2.4879682268e+01    7.2302160576e-01    3.3600000000e+02    1.5895140737e-02    5.6927083333e-01
       328   -5.9089729377e+00    3.4954337667e+01   -9.6756079954e+00    3.7666350577e+00    7.7442977397e+00    7.0352107511e+00   -2.5292207492e+01    8.3709100616e-01    3.3600000000e+02    1.5941555551e-02    5.7327380952e-01
       329   -5.9136324850e+00    3.5005829063e+01   -9.7765310825e+00    3.8628985976e+00    7.7774631966e+00    7.0352107511e+00   -2.5325693049e+01    7.3648801842e-01    3.3600000000e+02    1.5940411795e-02    5.7284970238e-01
       330   -5.8906975372e+00    3.4764898438e+01   -9.6924844055e+00    3.8017868683e+00    7.6667540671e+00    7.0352107511e+00   -2.5213057798e+01    8.1860857451e-01    3.3600000000e+02    1.5969009338e-02    5.7109375000e-01
       331   -5.9083060310e+00    3.4935667736e+01   -9.7837772465e+00    3.8754712154e+00    7.7263834581e+00    7.0352107511e+00   -2.5256307667e+01    7.1093621144e-01    3.3600000000e+02    1.5902962167e-02    5.7337797619e-01
       332   -5.9158791134e+00    3.5032101448e+01   -9.6502594303e+00    3.7343803170e+00    7.6810622707e+00    7.0352107511e+00   -2.5269207514e+01    9.0267506139e-01    3.3600000000e+02    1.5963244099e-02    5.7216517857e-01
       333   -5.9190282336e+00    3.5067694049e+01   -9.6452271548e+00    3.7261989212e+00    7.6700279796e+00    7.0352107511e+00   -2.5060577743e+01    7.1011185739e-01    3.3600000000e+02    1.5906172763e-02    5.6933779762e-01
       334   -5.9205661537e+00    3.5074937992e+01   -9.8169583832e+00    3.8963922295e+00    7.6747994700e+00    7.0352107511e+00   -2.5125116639e+01    5.9814803491e-01    3.3600000000e+02    1.5964475710e-02    5.7253720238e-01
       335   -5.9197918590e+00    3.5070754934e+01   -9.6430994569e+00    3.7233075980e+00    7.5903341047e+00    7.0352107511e+00   -2.4920492640e+01    6.5184832703e-01    3.3600000000e+02    1.5916473545e-02    5.7294642857e-01
       336   -5.9132869570e+00    3.4998889846e+01   -9.8726109181e+00    3.9593239611e+00    7.7654740685e+00    7.0352107511e+00   -2.5409780567e+01    7.3648482906e-01    3.3600000000e+02    1.5953416742e-02    5.7405505952e-01
       337   -5.9379886582e+00    3.5286832408e+01   -9.7401431201e+00    3.8021544619e+00    7.7477125269e+00    7.0352107511e+00   -2.5301535469e+01    7.7846907058e-01    3.3600000000e+02    1.5968990022e-02    5.7109375000e-01
       338   -5.9134081808e+00    3.4997665478e+01   -9.8208455625e+00    3.9074373818e+00    7.6326086547e+00    7.0352107511e+00   -2.5280898319e+01    7.9223335042e-01    3.3600000000e+02    1.5964642292e-02    5.7363095238e-01
       339   -5.9179123556e+00    3.5047052608e+01   -9.6543609698e+00    3.7364486142e+00    7.5786639562e+00    7.0352107511e+00   -2.4897729846e+01    6.2949416849e-01    3.3600000000e+02    1.5818617054e-02    5.7118303571e-01
       340   -5.9364878411e+00    3.5284128693e+01   -9.4820714367e+00    3.5455835956e+00    7.6870503475e+00    7.0352107511e+00   -2.5081248266e+01    8.7691573033e-01    3.3600000000e+02    1.5945533426e-02    5.7081845238e-01
       341   -5.9251589929e+00    3.5135112747e+01   -9.7877000843e+00    3.8625410914e+00    7.6341316597e+00    7.0352107511e+00   -2.5130344290e+01    6.7330179443e-01    3.3600000000e+02    1.5915104302e-02    5.7417410714e-01
       342   -5.9269521355e+00    3.5182104928e+01   -9.6754375458e+00    3.7484854103e+00    7.6849718716e+00    7.0352107511e+00   -2.5407372996e+01    1.0117528276e+00    3.3600000000e+02    1.5922416958e-02    5.7317708333e-01
       343   -5.8981340563e+00    3.4821560104e+01   -9.8314597678e+00    3.9333257115e+00    7.7174837894e+00    7.0352107511e+00   -2.5384486577e+01    8.0033226912e-01    3.3600000000e+02    1.5934919293e-02    5.7154761905e-01
       344   -5.9143263460e+00    3.5016793402e+01   -9.8313867955e+00    3.9170604496e+00    7.6339908058e+00    7.0352107511e+00   -2.5131065830e+01    6.3047747722e-01    3.3600000000e+02    1.5874405893e-02    5.7029761905e-01
       345   -5.9084665291e+00    3.4947675756e+01   -9.6170256727e+00    3.7085591436e+00    7.6519450812e+00    7.0352107511e+00   -2.4985584623e+01    6.8140311793e-01    3.3600000000e+02    1.5855475066e-02    5.6915922619e-01
       346   -5.9115418051e+00    3.4979954829e+01   -9.5537840225e+00    3.6422422175e+00    7.7336809884e+00    7.0352107511e+00   -2.5183903544e+01    8.6122778164e-01    3.3600000000e+02    1.5956445916e-02    5.7135416667e-01
       347   -5.9062913282e+00    3.4918140395e+01   -9.6820395858e+00    3.7757482575e+00    7.7120226397e+00    7.0352107511e+00   -2.5337255758e+01    9.0798278093e-01    3.3600000000e+02    1.5950627376e-02    5.7366815476e-01
       348   -5.9056832810e+00    3.4902521068e+01   -9.7710485516e+00    3.8653652706e+00    7.6574420793e+00    7.0352107511e+00   -2.5205077852e+01    7.4137646949e-01    3.3600000000e+02    1.5906996027e-02    5.7087053571e-01
       349   -5.9070324486e+00    3.4940654650e+01   -9.5765622341e+00    3.6695297855e+00    7.6762215534e+00    7.0352107511e+00   -2.5077696037e+01    7.8970149794e-01    3.3600000000e+02    1.5926169675e-02    5.7165922619e-01
       350   -5.9277330102e+00    3.5171471489e+01   -9.7123496038e+00    3.7846165936e+00    7.6015868125e+00    7.0352107511e+00   -2.5002982813e+01    6.5383564572e-01    3.3600000000e+02    1.5910001125e-02    5.7023809524e-01
       351   -5.9224192081e+00    3.5115297230e+01   -9.6570988435e+00    3.7346796354e+00    7.6843347510e+00    7.0352107511e+00   -2.5054198263e+01    6.7755391764e-01    3.3600000000e+02    1.5989964706e-02    5.7255208333e-01
       352   -5.9035011374e+00    3.4885110594e+01   -9.9014295597e+00    3.9979284223e+00    7.7529342823e+00    7.0352107511e+00   -2.5358226591e+01    6.6865199809e-01    3.3600000000e+02    1.5921717080e-02    5.6940476190e-01
       353   -5.9197687322e+00    3.5082527737e+01   -9.6764987915e+00    3.7567300593e+00    7.6479155200e+00    7.0352107511e+00   -2.5190959442e+01    8.3133437889e-01    3.3600000000e+02    1.5888622144e-02    5.6983630952e-01
       354   -5.9127865355e+00    3.4990511790e+01   -9.7337404496e+00    3.8209539140e+00    7.7944676456e+00    7.0352107511e+00   -2.5311679594e+01    7.4826074778e-01    3.3600000000e+02    1.5966863890e-02    5.7250744048e-01
       355   -5.9265052029e+00    3.5149432829e+01   -9.7742044665e+00    3.8476992636e+00    7.6866293926e+00    7.0352107511e+00   -2.5253096267e+01    7.5705165634e-01    3.3600000000e+02    1.5960347780e-02    5.7236607143e-01
       356   -5.9196005469e+00    3.5083393784e+01   -9.7183003751e+00    3.7986998282e+00    7.6222533165e+00    7.0352107511e+00   -2.5186032866e+01    8.1026842343e-01    3.3600000000e+02    1.5979188658e-02    5.7459077381e-01
       357   -5.9211238651e+00    3.5089749822e+01   -9.6111394363e+00    3.6900155712e+00    7.7361257157e+00    7.0352107511e+00   -2.5107064924e+01    7.2458902135e-01    3.3600000000e+02    1.5909979109e-02    5.6957589286e-01
       358   -5.9064321452e+00    3.4915216314e+01   -9.7407432604e+00    3.8343111152e+00    7.6430285502e+00    7.0352107511e+00   -2.5172270582e+01    7.5328802076e-01    3.3600000000e+02    1.5978221230e-02    5.7133184524e-01
       359   -5.9098701619e+00    3.4958688177e+01   -9.6256969538e+00    3.7158267920e+00    7.6572424977e+00    7.0352107511e+00   -2.5065253234e+01    7.4710303175e-01    3.3600000000e+02    1.5954814582e-02    5.7246279762e-01
       360   -5.9154514155e+00    3.5026306532e+01   -9.8274969712e+00    3.9120455557e+00    7.7160202503e+00    7.0352107511e+00   -2.5427474461e+01    8.4874648851e-01    3.3600000000e+02    1.5978578980e-02    5.7248511905e-01
       361   -5.9018772074e+00    3.4867011434e+01   -9.4511686172e+00    3.5492914098e+00    7.6789843992e+00    7.0352107511e+00   -2.5050643386e+01    8.8527961883e-01    3.3600000000e+02    1.5931178283e-02    5.7200892857e-01
       362   -5.9082029393e+00    3.4936762616e+01   -9.6287552850e+00    3.7205523457e+00    7.6971630930e+00    7.0352107511e+00   -2.5101173738e+01    7.4004460931e-01    3.3600000000e+02    1.5864260520e-02    5.7270089286e-01
       363   -5.9287225551e+00    3.5182962395e+01   -9.5987318759e+00    3.6700093209e+00    7.6047396527e+00    7.0352107511e+00   -2.5028902476e+01    7.9022019625e-01    3.3600000000e+02    1.5874041771e-02    5.7227678571e-01
       364   -5.9061912427e+00    3.4940996749e+01   -9.7334633834e+00    3.8272721407e+00    7.6881653057e+00    7.0352107511e+00   -2.5222389586e+01    7.6555014570e-01    3.3600000000e+02    1.5971292148e-02    5.7142113095e-01
       365   -5.9101622884e+00    3.4964406103e+01   -9.6669698811e+00    3.7568075928e+00    7.6550535890e+00    7.0352107511e+00   -2.5118572140e+01    7.6133791899e-01    3.3600000000e+02    1.5884120150e-02    5.7205357143e-01
       366   -5.9112797287e+00    3.4984796189e+01   -9.7040621780e+00    3.7927824493e+00    7.6999162147e+00    7.0352107511e+00   -2.5180373737e+01    7.4118459309e-01    3.3600000000e+02    1.5943271632e-02    5.7034970238e-01
       367   -5.9298265553e+00    3.5195593932e+01   -9.5414651496e+00    3.6116385943e+00    7.8378421248e+00    7.0352107511e+00   -2.5132506169e+01    7.1798814328e-01    3.3600000000e+02    1.5917676507e-02    5.7436755952e-01
       368   -5.9025588514e+00    3.4896793006e+01   -1.0032876207e+01    4.1303173559e+00    7.7430220500e+00    7.0352107511e+00   -2.5700040630e+01    8.8893162158e-01    3.3600000000e+02    1.5936720786e-02    5.7084821429e-01
       369   -5.9219366174e+00    3.5100116393e+01   -9.6561254490e+00    3.7341888316e+00    7.6802242573e+00    7.0352107511e+00   -2.5064815828e+01    6.9325537008e-01    3.3600000000e+02    1.5940877712e-02    5.7296130952e-01
       370   -5.9266793353e+00    3.5159561095e+01   -9.6574139125e+00    3.7307345772e+00    7.7515107737e+00    7.0352107511e+00   -2.5317195919e+01    8.7306048145e-01    3.3600000000e+02    1.5920859504e-02    5.7215029762e-01
       371   -5.9339461277e+00    3.5253225990e+01   -9.7045941979e+00    3.7706480702e+00    7.7797205823e+00    7.0352107511e+00   -2.5461788999e+01    9.4226346808e-01    3.3600000000e+02    1.6019335477e-02    5.7411458333e-01
       372   -5.9199171973e+00    3.5078502120e+01   -9.7471081544e+00    3.8271909571e+00    7.7875595318e+00    7.0352107511e+00   -2.5297431643e+01    7.2755320546e-01    3.3600000000e+02    1.5993054721e-02    5.7220982143e-01
       373   -5.9133546334e+00    3.4996133357e+01   -9.6782471098e+00    3.7648924764e+00    7.7433516644e+00    7.0352107511e+00   -2.5114247247e+01    6.5743772157e-01    3.3600000000e+02    1.5975987633e-02    5.7394345238e-01
       374   -5.9258987798e+00    3.5152223863e+01   -9.6245426175e+00    3.6986438377e+00    7.8015698224e+00    7.0352107511e+00   -2.5260406146e+01    7.9908295540e-01    3.3600000000e+02    1.5957755638e-02    5.7032738095e-01
       375   -5.9027111538e+00    3.4873606821e+01   -9.7424241284e+00    3.8397129746e+00    7.7650788086e+00    7.0352107511e+00   -2.5296431003e+01    7.5371731450e-01    3.3600000000e+02    1.5928558881e-02    5.7220238095e-01
       376   -5.8936743018e+00    3.4879064752e+01   -9.6001587142e+00    3.7064844124e+00    7.7526332642e+00    7.0352107511e+00   -2.5348751777e+01    9.6074904760e-01    3.3600000000e+02    1.5879402101e-02    5.7020089286e-01
       377   -5.9153230888e+00    3.5020014901e+01   -9.7073971584e+00    3.7920740696e+00    7.6969815713e+00    7.0352107511e+00   -2.5131581649e+01    6.9199216865e-01    3.3600000000e+02    1.5952158891e-02    5.7347470238e-01
       378   -5.9071199548e+00    3.4922657320e+01   -9.7795837696e+00    3.8724638148e+00    7.6819899925e+00    7.0352107511e+00   -2.5207787868e+01    7.1100335474e-01    3.3600000000e+02    1.5927429164e-02    5.6765625000e-01
       379   -5.9134828303e+00    3.4993122103e+01   -9.5790042711e+00    3.6655214408e+00    7.6403513987e+00    7.0352107511e+00   -2.4981601834e+01    7.2703541270e-01    3.3600000000e+02    1.5919732082e-02    5.7105654762e-01
       380   -5.9074427206e+00    3.4972389754e+01   -9.6050425055e+00    3.6975997848e+00    7.6320155593e+00    7.0352107511e+00   -2.5220473092e+01    9.4820427559e-01    3.3600000000e+02    1.5881789701e-02    5.7162202381e-01
       381   -5.9014117296e+00    3.4866583448e+01   -9.7069007153e+00    3.8054889856e+00    7.7460373669e+00    7.0352107511e+00   -2.5262755642e+01    7.7460680904e-01    3.3600000000e+02    1.5900925367e-02    5.7237351190e-01
       382   -5.9173097763e+00    3.5053741979e+01   -9.4496135834e+00    3.5323038071e+00    7.6766519778e+00    7.0352107511e+00   -2.5022242663e+01    8.6076635094e-01    3.3600000000e+02    1.5936033603e-02    5.6972470238e-01
       383   -5.9298507297e+00    3.5212609609e+01   -9.6365427804e+00    3.7066920507e+00    7.6361062982e+00    7.0352107511e+00   -2.5112523661e+01    8.0466383157e-01    3.3600000000e+02    1.5888127437e-02    5.7301339286e-01
       384   -5.9226694202e+00    3.5137165337e+01   -9.6630346830e+00    3.7403652629e+00    7.7001915988e+00    7.0352107511e+00   -2.5201036297e+01    8.0259926452e-01    3.3600000000e+02    1.5896358613e-02    5.7284970238e-01
       385   -5.9180673910e+00    3.5065761616e+01   -9.7754907163e+00    3.8574233254e+00    7.7125879619e+00    7.0352107511e+00   -2.5376885288e+01    8.5359585906e-01    3.3600000000e+02    1.5949719874e-02    5.7102678571e-01
       386   -5.9240786227e+00    3.5123497607e+01   -9.6356461381e+00    3.7115675153e+00    7.6984736180e+00    7.0352107511e+00   -2.5146876585e+01    7.7754607790e-01    3.3600000000e+02    1.5865665683e-02    5.7011160714e-01
       387   -5.9296559669e+00    3.5198972368e+01   -9.5701696804e+00    3.6405137136e+00    7.6704384244e+00    7.0352107511e+00   -2.5099798071e+01    8.2397921518e-01    3.3600000000e+02    1.5902524833e-02    5.7057291667e-01
       388   -5.9170193177e+00    3.5043343449e+01   -9.6703575477e+00    3.7533382299e+00    7.7392788258e+00    7.0352107511e+00   -2.5230001120e+01    7.8515399540e-01    3.3600000000e+02    1.5932844558e-02    5.7114583333e-01
       389   -5.9260885346e+00    3.5150168902e+01   -9.7348908583e+00    3.8088023237e+00    7.6807534592e+00    7.0352107511e+00   -2.5053936245e+01    6.0308117635e-01    3.3600000000e+02    1.5892758536e-02    5.7071428571e-01
       390   -5.9250617800e+00    3.5148036114e+01   -9.7570903065e+00    3.8320285265e+00    7.6938230106e+00    7.0352107511e+00   -2.5314256433e+01    8.2813236448e-01    3.3600000000e+02    1.5931358292e-02    5.7218750000e-01
       391   -5.9229732231e+00    3.5119844726e+01   -9.6591523112e+00    3.7361790881e+00    7.7439785726e+00    7.0352107511e+00   -2.5353971994e+01    9.1563035891e-01    3.3600000000e+02    1.5886142825e-02    5.7007440476e-01
       392   -5.9083638760e+00    3.4944848580e+01   -9.7110967134e+00    3.8027328374e+00    7.7202465146e+00    7.0352107511e+00   -2.5284779480e+01    8.1822550082e-01    3.3600000000e+02    1.5957588175e-02    5.7498511905e-01
       393   -5.9174859184e+00    3.5050912086e+01   -9.5255503788e+00    3.6080644604e+00    7.7873452772e+00    7.0352107511e+00   -2.5239945149e+01    8.9183874149e-01    3.3600000000e+02    1.5903401635e-02    5.7286458333e-01
       394   -5.9325925907e+00    3.5224668899e+01   -9.7580330390e+00    3.8254404483e+00    7.6997813606e+00    7.0352107511e+00   -2.5172497005e+01    6.7947185460e-01    3.3600000000e+02    1.5898784947e-02    5.6982142857e-01
       395   -5.9104450068e+00    3.4973768439e+01   -9.5716676039e+00    3.6612225971e+00    7.6554905958e+00    7.0352107511e+00   -2.4951380244e+01    6.8901129291e-01    3.3600000000e+02    1.5925162491e-02    5.7159970238e-01
       396   -5.9172245648e+00    3.5045385165e+01   -9.6419277292e+00    3.7247031644e+00    7.6015601950e+00    7.0352107511e+00   -2.5070949411e+01    7.9225073553e-01    3.3600000000e+02    1.5868296281e-02    5.7393601190e-01
       397   -5.9321810276e+00    3.5214076013e+01   -9.6688932824e+00    3.7367122548e+00    7.6242439764e+00    7.0352107511e+00   -2.5048535093e+01    7.2018708300e-01    3.3600000000e+02    1.5897762964e-02    5.7167410714e-01
       398   -5.9166126653e+00    3.5044701924e+01   -9.7932980864e+00    3.8766854211e+00    7.6513650473e+00    7.0352107511e+00   -2.5287315036e+01    8.0744115088e-01    3.3600000000e+02    1.5902817127e-02    5.7223958333e-01
       399   -5.9335237751e+00    3.5241018517e+01   -9.7675224840e+00    3.8339987089e+00    7.7272140931e+00    7.0352107511e+00   -2.5335198776e+01    8.0525144754e-01    3.3600000000e+02    1.5934740071e-02    5.7159970238e-01
