#   index    LocalEnergy         LocalEnergy_sq      LocalPotential      Kinetic             ElecElec            IonIon              LocalECP            NonLocalECP         BlockWeight         BlockCPU            AcceptRatio         
         0   -5.9227622306e+00    3.5117313213e+01   -9.6845424749e+00    3.7617802443e+00    7.6983017383e+00    7.0352107511e+00   -2.5196291777e+01    7.7823681301e-01    2.5215940000e+06    3.1990195603e+01    9.9996371944e-01
         1   -5.9251757233e+00    3.5157652688e+01   -9.6797498047e+00    3.7545740814e+00    7.6951404149e+00    7.0352107511e+00   -2.5210644091e+01    8.0054311975e-01    2.5202430000e+06    3.2382150781e+01    9.9996424108e-01
         2   -5.9247781638e+00    3.5139901313e+01   -9.7083938276e+00    3.7836156638e+00    7.6838682174e+00    7.0352107511e+00   -2.5201016474e+01    7.7354367759e-01    2.5101930000e+06    3.2467773892e+01    9.9996678266e-01
         3   -5.9265040391e+00    3.5160758757e+01   -9.6952562835e+00    3.7687522443e+00    7.6868151765e+00    7.0352107511e+00   -2.5160743107e+01    7.4346089585e-01    2.5192210000e+06    3.1981841266e+01    9.9996214286e-01
         4   -5.9259487207e+00    3.5155572138e+01   -9.7171041081e+00    3.7911553874e+00    7.7237042986e+00    7.0352107511e+00   -2.5243724789e+01    7.6770563107e-01    2.5146690000e+06    3.2333179106e+01    9.9996296876e-01
         5   -5.9256906146e+00    3.5156220093e+01   -9.6647627817e+00    3.7390721672e+00    7.6939064849e+00    7.0352107511e+00   -2.5176067212e+01    7.8218719470e-01    2.5082400000e+06    3.2368651446e+01    9.9996082588e-01
         6   -5.9230554116e+00    3.5119289830e+01   -9.6790847527e+00    3.7560293412e+00    7.6770154854e+00    7.0352107511e+00   -2.5140800762e+01    7.4948977270e-01    2.5051450000e+06    3.1860231346e+01    9.9996258127e-01
         7   -5.9255349074e+00    3.5152170342e+01   -9.6923437845e+00    3.7668088771e+00    7.6773873857e+00    7.0352107511e+00   -2.5182438352e+01    7.7749643030e-01    2.5167520000e+06    3.2205210936e+01    9.9996368882e-01
         8   -5.9286658872e+00    3.5190725964e+01   -9.6617021181e+00    3.7330362310e+00    7.6840501679e+00    7.0352107511e+00   -2.5133813408e+01    7.5285037116e-01    2.5254770000e+06    3.2482429177e+01    9.9996475676e-01
         9   -5.9290764531e+00    3.5195241801e+01   -9.7101717484e+00    3.7810952953e+00    7.6967824706e+00    7.0352107511e+00   -2.5224890194e+01    7.8272522412e-01    2.5239590000e+06    3.2637728230e+01    9.9996330274e-01
        10   -5.9274722015e+00    3.5175403133e+01   -9.6731874218e+00    3.7457152203e+00    7.6893308879e+00    7.0352107511e+00   -2.5196805258e+01    7.9907619735e-01    2.5158130000e+06    3.2342632594e+01    9.9996273786e-01
        11   -5.9283565482e+00    3.5185446321e+01   -9.5950521746e+00    3.6666956264e+00    7.6500834449e+00    7.0352107511e+00   -2.5049857227e+01    7.6951085685e-01    2.5071910000e+06    3.1485794920e+01    9.9996240289e-01
        12   -5.9311181190e+00    3.5219598038e+01   -9.6323630121e+00    3.7012448931e+00    7.6834019000e+00    7.0352107511e+00   -2.5155394218e+01    8.0441855433e-01    2.5253300000e+06    3.1943231005e+01    9.9996287329e-01
        13   -5.9262813500e+00    3.5158476515e+01   -9.6716309731e+00    3.7453496231e+00    7.7004928089e+00    7.0352107511e+00   -2.5195338987e+01    7.8800445423e-01    2.5139290000e+06    3.2025217068e+01    9.9996296215e-01
        14   -5.9267079751e+00    3.5161553853e+01   -9.6878497111e+00    3.7611417361e+00    7.7059406315e+00    7.0352107511e+00   -2.5173132041e+01    7.4413094770e-01    2.5158820000e+06    3.1952000341e+01    9.9996457717e-01
        15   -5.9253016755e+00    3.5147820983e+01   -9.7364849994e+00    3.8111833239e+00    7.6941970196e+00    7.0352107511e+00   -2.5225750571e+01    7.5985780132e-01    2.5193140000e+06    3.2612104650e+01    9.9996183737e-01
        16   -5.9228098186e+00    3.5117533289e+01   -9.7240314891e+00    3.8012216705e+00    7.6898834489e+00    7.0352107511e+00   -2.5193932456e+01    7.4480676670e-01    2.5085460000e+06    3.2307371757e+01    9.9996482190e-01
        17   -5.9271725847e+00    3.5170119005e+01   -9.6373118300e+00    3.7101392452e+00    7.7016398206e+00    7.0352107511e+00   -2.5165544406e+01    7.9138200409e-01    2.5037310000e+06    3.1671057780e+01    9.9996380430e-01
        18   -5.9264681742e+00    3.5162511881e+01   -9.6732603056e+00    3.7467921314e+00    7.7055419925e+00    7.0352107511e+00   -2.5214180648e+01    8.0016759890e-01    2.5035920000e+06    3.1941255864e+01    9.9996510335e-01
        19   -5.9294775105e+00    3.5196272962e+01   -9.7169127318e+00    3.7874352214e+00    7.6783900326e+00    7.0352107511e+00   -2.5207418147e+01    7.7690463169e-01    2.5146100000e+06    3.1897865449e+01    9.9996406118e-01
        20   -5.9287485656e+00    3.5187908162e+01   -9.7005787474e+00    3.7718301817e+00    7.6747371412e+00    7.0352107511e+00   -2.5191102283e+01    7.8057564341e-01    2.5377170000e+06    3.1779721578e+01    9.9996601012e-01
        21   -5.9294143138e+00    3.5194870734e+01   -9.6683113339e+00    3.7388970201e+00    7.6615582082e+00    7.0352107511e+00   -2.5134807795e+01    7.6972750149e-01    2.5249390000e+06    3.1568617546e+01    9.9996603804e-01
        22   -5.9253612716e+00    3.5149191100e+01   -9.7163699221e+00    3.7910086505e+00    7.6809302666e+00    7.0352107511e+00   -2.5192530403e+01    7.6001946362e-01    2.5111010000e+06    3.2083384534e+01    9.9996316492e-01
        23   -5.9282393672e+00    3.5183448700e+01   -9.6651795086e+00    3.7369401414e+00    7.7034540880e+00    7.0352107511e+00   -2.5188432614e+01    7.8458826668e-01    2.5099580000e+06    3.1886557287e+01    9.9996419171e-01
        24   -5.9280329078e+00    3.5179296408e+01   -9.6917375100e+00    3.7637046023e+00    7.7030299941e+00    7.0352107511e+00   -2.5212337922e+01    7.8235966635e-01    2.5019050000e+06    3.1959285393e+01    9.9996482352e-01
        25   -5.9273509728e+00    3.5173674803e+01   -9.6963148399e+00    3.7689638671e+00    7.7114458317e+00    7.0352107511e+00   -2.5215940455e+01    7.7296903239e-01    2.5138870000e+06    3.1911892965e+01    9.9996409773e-01
        26   -5.9269975595e+00    3.5167323586e+01   -9.6795151536e+00    3.7525175941e+00    7.6809171729e+00    7.0352107511e+00   -2.5158932981e+01    7.6328990317e-01    2.5202210000e+06    3.1694713982e+01    9.9996458296e-01
        27   -5.9268227719e+00    3.5165208172e+01   -9.6642068073e+00    3.7373840353e+00    7.6686732854e+00    7.0352107511e+00   -2.5166714800e+01    7.9862395670e-01    2.5313410000e+06    3.2134572520e+01    9.9996400463e-01
        28   -5.9295872337e+00    3.5200404221e+01   -9.6656104899e+00    3.7360232563e+00    7.7005278017e+00    7.0352107511e+00   -2.5225850012e+01    8.2450096892e-01    2.5174550000e+06    3.1619130342e+01    9.9996365706e-01
        29   -5.9270607668e+00    3.5167182194e+01   -9.6981622448e+00    3.7711014780e+00    7.6899412971e+00    7.0352107511e+00   -2.5209749689e+01    7.8643539612e-01    2.5187310000e+06    3.1646202711e+01    9.9996184118e-01
        30   -5.9290736007e+00    3.5192066624e+01   -9.6795770965e+00    3.7505034958e+00    7.6906045221e+00    7.0352107511e+00   -2.5167915263e+01    7.6252289287e-01    2.5300920000e+06    3.1711899011e+01    9.9996042451e-01
        31   -5.9306344863e+00    3.5213828127e+01   -9.6594844477e+00    3.7288499614e+00    7.6940463004e+00    7.0352107511e+00   -2.5136097125e+01    7.4735562527e-01    2.5224260000e+06    3.1871923495e+01    9.9996278356e-01
        32   -5.9287790658e+00    3.5193371477e+01   -9.6514615786e+00    3.7226825128e+00    7.6983624687e+00    7.0352107511e+00   -2.5201784123e+01    8.1674932450e-01    2.5177890000e+06    3.2195523588e+01    9.9996206609e-01
        33   -5.9252948325e+00    3.5149693394e+01   -9.6590585303e+00    3.7337636978e+00    7.6913400704e+00    7.0352107511e+00   -2.5183645672e+01    7.9803632037e-01    2.5229230000e+06    3.2170622315e+01    9.9996185112e-01
        34   -5.9268521875e+00    3.5167589800e+01   -9.6615156507e+00    3.7346634632e+00    7.6872098528e+00    7.0352107511e+00   -2.5178384736e+01    7.9444848111e-01    2.5181450000e+06    3.2081299943e+01    9.9996346481e-01
        35   -5.9280355981e+00    3.5183614793e+01   -9.6827855656e+00    3.7547499674e+00    7.6864701253e+00    7.0352107511e+00   -2.5199575179e+01    7.9510873732e-01    2.5292240000e+06    3.2348354654e+01    9.9996224586e-01
        36   -5.9275002810e+00    3.5173836016e+01   -9.6700528836e+00    3.7425526026e+00    7.6908870133e+00    7.0352107511e+00   -2.5178834440e+01    7.8268379209e-01    2.5255460000e+06    3.1719303334e+01    9.9996416967e-01
        37   -5.9281746583e+00    3.5184048933e+01   -9.6914187819e+00    3.7632441236e+00    7.6825672408e+00    7.0352107511e+00   -2.5164703056e+01    7.5550628219e-01    2.5174340000e+06    3.1847130274e+01    9.9996440176e-01
        38   -5.9291069912e+00    3.5192735167e+01   -9.7222045434e+00    3.7930975523e+00    7.7020846168e+00    7.0352107511e+00   -2.5214813727e+01    7.5531381526e-01    2.5170560000e+06    3.1800478929e+01    9.9996513955e-01
        39   -5.9274909902e+00    3.5173724234e+01   -9.6598987577e+00    3.7324077675e+00    7.6794902056e+00    7.0352107511e+00   -2.5148937440e+01    7.7433772532e-01    2.5317200000e+06    3.2063078457e+01    9.9996539052e-01
        40   -5.9254692118e+00    3.5148505059e+01   -9.7079816588e+00    3.7825124470e+00    7.6917643740e+00    7.0352107511e+00   -2.5195516696e+01    7.6055991253e-01    2.5288830000e+06    3.2307550363e+01    9.9996401238e-01
        41   -5.9259103566e+00    3.5154260090e+01   -9.6812018324e+00    3.7552914758e+00    7.6877871496e+00    7.0352107511e+00   -2.5171975884e+01    7.6777615040e-01    2.5328080000e+06    3.2072797846e+01    9.9996382020e-01
        42   -5.9279319641e+00    3.5177167323e+01   -9.7130953155e+00    3.7851633514e+00    7.7028065009e+00    7.0352107511e+00   -2.5208624205e+01    7.5751163701e-01    2.5316210000e+06    3.2172170938e+01    9.9996222800e-01
        43   -5.9299536432e+00    3.5203760705e+01   -9.7092738289e+00    3.7793201857e+00    7.7230111483e+00    7.0352107511e+00   -2.5262920512e+01    7.9542478342e-01    2.5343540000e+06    3.2055796981e+01    9.9996251570e-01
        44   -5.9291843224e+00    3.5191544466e+01   -9.6975548352e+00    3.7683705128e+00    7.6954896558e+00    7.0352107511e+00   -2.5205047822e+01    7.7679257967e-01    2.5227070000e+06    3.1782566057e+01    9.9996224541e-01
        45   -5.9274226104e+00    3.5171122732e+01   -9.7221869682e+00    3.7947643579e+00    7.7048775643e+00    7.0352107511e+00   -2.5239778480e+01    7.7750319605e-01    2.5158940000e+06    3.2036227323e+01    9.9996119385e-01
        46   -5.9270693640e+00    3.5168438255e+01   -9.7180850103e+00    3.7910156462e+00    7.6829345828e+00    7.0352107511e+00   -2.5177536448e+01    7.4130610375e-01    2.5131020000e+06    3.2249564153e+01    9.9996453512e-01
        47   -5.9266440041e+00    3.5164877117e+01   -9.6971293833e+00    3.7704853792e+00    7.6801629663e+00    7.0352107511e+00   -2.5179061252e+01    7.6655815124e-01    2.5194800000e+06    3.2398974820e+01    9.9996199383e-01
        48   -5.9305014399e+00    3.5206044054e+01   -9.7240363880e+00    3.7935349481e+00    7.6738746481e+00    7.0352107511e+00   -2.5175434749e+01    7.4231296154e-01    2.5174990000e+06    3.1860010068e+01    9.9996385038e-01
        49   -5.9313431614e+00    3.5219862988e+01   -9.6787845388e+00    3.7474413774e+00    7.6908989010e+00    7.0352107511e+00   -2.5171234751e+01    7.6634055990e-01    2.5098920000e+06    3.1995097838e+01    9.9996005944e-01
        50   -5.9294910045e+00    3.5201556529e+01   -9.6837211145e+00    3.7542301100e+00    7.6857658947e+00    7.0352107511e+00   -2.5202933246e+01    7.9823548561e-01    2.5261040000e+06    3.1695580825e+01    9.9996472033e-01
        51   -5.9298131002e+00    3.5211073225e+01   -9.6891620397e+00    3.7593489395e+00    7.6847017402e+00    7.0352107511e+00   -2.5210420025e+01    8.0134549438e-01    2.5278050000e+06    3.2331300656e+01    9.9996291285e-01
        52   -5.9302938092e+00    3.5207277651e+01   -9.7160333839e+00    3.7857395747e+00    7.7061629782e+00    7.0352107511e+00   -2.5228853908e+01    7.7144679442e-01    2.5251480000e+06    3.2323738250e+01    9.9996391054e-01
        53   -5.9277117174e+00    3.5173285524e+01   -9.7360347610e+00    3.8083230436e+00    7.6887486512e+00    7.0352107511e+00   -2.5194827791e+01    7.3483362717e-01    2.5231020000e+06    3.2178023407e+01    9.9996349023e-01
        54   -5.9293512909e+00    3.5195881322e+01   -9.7052516600e+00    3.7759003690e+00    7.6872402532e+00    7.0352107511e+00   -2.5186786480e+01    7.5908381603e-01    2.5191310000e+06    3.1770318949e+01    9.9996556908e-01
        55   -5.9318401540e+00    3.5228542542e+01   -9.6747078900e+00    3.7428677361e+00    7.7094867310e+00    7.0352107511e+00   -2.5194684027e+01    7.7527865504e-01    2.5005060000e+06    3.1959510971e+01    9.9996346277e-01
        56   -5.9297768168e+00    3.5199817656e+01   -9.6643622040e+00    3.7345853872e+00    7.7135778422e+00    7.0352107511e+00   -2.5188458641e+01    7.7530784347e-01    2.5137750000e+06    3.2145764491e+01    9.9996251060e-01
        57   -5.9285890540e+00    3.5185540561e+01   -9.6617921282e+00    3.7332030742e+00    7.7138207557e+00    7.0352107511e+00   -2.5213316038e+01    8.0249240267e-01    2.5209410000e+06    3.2177610020e+01    9.9996246345e-01
        58   -5.9281066442e+00    3.5181585858e+01   -9.6866227352e+00    3.7585160910e+00    7.7492324481e+00    7.0352107511e+00   -2.5273467392e+01    8.0240145768e-01    2.5318470000e+06    3.1711118015e+01    9.9996287309e-01
        59   -5.9276760232e+00    3.5175171252e+01   -9.7108011603e+00    3.7831251370e+00    7.7278747036e+00    7.0352107511e+00   -2.5254087166e+01    7.8020055081e-01    2.5382400000e+06    3.2357947946e+01    9.9996153994e-01
        60   -5.9267487715e+00    3.5168683240e+01   -9.7501098601e+00    3.8233610885e+00    7.7361283950e+00    7.0352107511e+00   -2.5298716278e+01    7.7726727199e-01    2.5133660000e+06    3.1912888640e+01    9.9996453766e-01
        61   -5.9241419169e+00    3.5136426147e+01   -9.7239589416e+00    3.7998170247e+00    7.7267153066e+00    7.0352107511e+00   -2.5246070746e+01    7.6018574703e-01    2.5270590000e+06    3.2330798206e+01    9.9996383990e-01
        62   -5.9229835208e+00    3.5119224638e+01   -9.6861336238e+00    3.7631501030e+00    7.7197992657e+00    7.0352107511e+00   -2.5242925931e+01    8.0178229063e-01    2.5129470000e+06    3.2325986207e+01    9.9996483196e-01
        63   -5.9225788345e+00    3.5115797677e+01   -9.6999422922e+00    3.7773634577e+00    7.7036360650e+00    7.0352107511e+00   -2.5224015807e+01    7.8522669905e-01    2.5161220000e+06    3.2160953329e+01    9.9996487214e-01
        64   -5.9266348260e+00    3.5164205147e+01   -9.7022015074e+00    3.7755666814e+00    7.6961392772e+00    7.0352107511e+00   -2.5189288180e+01    7.5573664438e-01    2.5222780000e+06    3.1682436574e+01    9.9996337247e-01
        65   -5.9273285241e+00    3.5172202936e+01   -9.6531364283e+00    3.7258079042e+00    7.6972756824e+00    7.0352107511e+00   -2.5183689286e+01    7.9806642422e-01    2.5212820000e+06    3.2268149938e+01    9.9996207479e-01
        66   -5.9273151811e+00    3.5174339091e+01   -9.6611721337e+00    3.7338569527e+00    7.6859064081e+00    7.0352107511e+00   -2.5161731691e+01    7.7944239762e-01    2.5308380000e+06    3.2421513273e+01    9.9996454085e-01
        67   -5.9262512220e+00    3.5158708772e+01   -9.6807641355e+00    3.7545129135e+00    7.6899670016e+00    7.0352107511e+00   -2.5146996429e+01    7.4105454118e-01    2.5240210000e+06    3.1835737200e+01    9.9996315470e-01
        68   -5.9262537888e+00    3.5161323656e+01   -9.6475714604e+00    3.7213176716e+00    7.6881267173e+00    7.0352107511e+00   -2.5137498577e+01    7.6658964841e-01    2.5219120000e+06    3.2063156012e+01    9.9996401524e-01
        69   -5.9307312543e+00    3.5211351665e+01   -9.6991345363e+00    3.7684032820e+00    7.6913914961e+00    7.0352107511e+00   -2.5203483473e+01    7.7774668900e-01    2.5296430000e+06    3.2276956904e+01    9.9996476797e-01
        70   -5.9263162411e+00    3.5157701867e+01   -9.6869966029e+00    3.7606803618e+00    7.6795006390e+00    7.0352107511e+00   -2.5155148895e+01    7.5344090179e-01    2.5326590000e+06    3.1963547894e+01    9.9996145231e-01
        71   -5.9286854187e+00    3.5188303440e+01   -9.6907146269e+00    3.7620292082e+00    7.7033705674e+00    7.0352107511e+00   -2.5219271647e+01    7.8997570188e-01    2.5453060000e+06    3.2146334127e+01    9.9996631165e-01
        72   -5.9263408860e+00    3.5160304353e+01   -9.7141507136e+00    3.7878098276e+00    7.6955146900e+00    7.0352107511e+00   -2.5229468910e+01    7.8459275482e-01    2.5220910000e+06    3.2447443246e+01    9.9996178812e-01
        73   -5.9254878244e+00    3.5150866692e+01   -9.7271285484e+00    3.8016407240e+00    7.6966949666e+00    7.0352107511e+00   -2.5238926311e+01    7.7989204481e-01    2.5176060000e+06    3.1795173883e+01    9.9996231117e-01
        74   -5.9246056419e+00    3.5141055062e+01   -9.6750063129e+00    3.7504006710e+00    7.7099693239e+00    7.0352107511e+00   -2.5209443547e+01    7.8925715915e-01    2.5080730000e+06    3.1752047531e+01    9.9996316758e-01
        75   -5.9273729627e+00    3.5173581104e+01   -9.6491280219e+00    3.7217550592e+00    7.7328295205e+00    7.0352107511e+00   -2.5196795177e+01    7.7962688332e-01    2.5069260000e+06    3.2096091188e+01    9.9996544305e-01
        76   -5.9281042001e+00    3.5186296920e+01   -9.7097610744e+00    3.7816568742e+00    7.7179063838e+00    7.0352107511e+00   -2.5232521890e+01    7.6964368087e-01    2.5134410000e+06    3.2292038624e+01    9.9996300024e-01
        77   -5.9284164514e+00    3.5184545502e+01   -9.7523237070e+00    3.8239072556e+00    7.7169583732e+00    7.0352107511e+00   -2.5253391497e+01    7.4889866574e-01    2.5252330000e+06    3.2134919204e+01    9.9996312246e-01
        78   -5.9270665063e+00    3.5172619812e+01   -9.7583656686e+00    3.8312991624e+00    7.7416498812e+00    7.0352107511e+00   -2.5310369359e+01    7.7514305818e-01    2.5213070000e+06    3.3114756434e+01    9.9996588863e-01
        79   -5.9258539558e+00    3.5154980069e+01   -9.6975685877e+00    3.7717146318e+00    7.7395190544e+00    7.0352107511e+00   -2.5257454989e+01    7.8515659619e-01    2.5304000000e+06    3.3024132068e+01    9.9996295318e-01
        80   -5.9269513169e+00    3.5171923497e+01   -9.7417878813e+00    3.8148365644e+00    7.7327380893e+00    7.0352107511e+00   -2.5310432164e+01    8.0069544255e-01    2.5253370000e+06    3.2175859025e+01    9.9996153801e-01
        81   -5.9310071534e+00    3.5211840001e+01   -9.7673813023e+00    3.8363741489e+00    7.7027917858e+00    7.0352107511e+00   -2.5257662557e+01    7.5227871741e-01    2.5110950000e+06    3.1886650605e+01    9.9996590212e-01
        82   -5.9294779075e+00    3.5196383004e+01   -9.7157578378e+00    3.7862799303e+00    7.6857763195e+00    7.0352107511e+00   -2.5206889814e+01    7.7014490543e-01    2.5083950000e+06    3.2262392702e+01    9.9996057739e-01
        83   -5.9308798168e+00    3.5213201270e+01   -9.6714783040e+00    3.7405984871e+00    7.6919810908e+00    7.0352107511e+00   -2.5147623520e+01    7.4895337372e-01    2.5245400000e+06    3.2676016306e+01    9.9996256980e-01
        84   -5.9310800370e+00    3.5217037814e+01   -9.6985997312e+00    3.7675196942e+00    7.7062851762e+00    7.0352107511e+00   -2.5214865585e+01    7.7476992649e-01    2.5450490000e+06    3.2342012981e+01    9.9996271684e-01
        85   -5.9279321386e+00    3.5180131591e+01   -9.7017923978e+00    3.7738602592e+00    7.7136849459e+00    7.0352107511e+00   -2.5225961466e+01    7.7527337080e-01    2.5389510000e+06    3.2261329829e+01    9.9996435558e-01
        86   -5.9267040596e+00    3.5165517729e+01   -9.7024455272e+00    3.7757414676e+00    7.6858914372e+00    7.0352107511e+00   -2.5197487911e+01    7.7394019567e-01    2.5009490000e+06    3.2036291057e+01    9.9996140701e-01
        87   -5.9278341989e+00    3.5176144598e+01   -9.7468604519e+00    3.8190262530e+00    7.6853628290e+00    7.0352107511e+00   -2.5222657067e+01    7.5522303460e-01    2.5002350000e+06    3.1681417238e+01    9.9996319699e-01
        88   -5.9254836637e+00    3.5152587074e+01   -9.6992781024e+00    3.7737944387e+00    7.6980708712e+00    7.0352107511e+00   -2.5236125333e+01    8.0356560799e-01    2.5040580000e+06    3.2120143147e+01    9.9996231010e-01
        89   -5.9253452748e+00    3.5147474831e+01   -9.6903085112e+00    3.7649632364e+00    7.6937417982e+00    7.0352107511e+00   -2.5219437090e+01    8.0017602971e-01    2.5127730000e+06    3.2656389231e+01    9.9996258861e-01
        90   -5.9276968155e+00    3.5176920036e+01   -9.7132238361e+00    3.7855270206e+00    7.7039075902e+00    7.0352107511e+00   -2.5248480757e+01    7.9613857995e-01    2.5207530000e+06    3.2881139962e+01    9.9996444814e-01
        91   -5.9282092241e+00    3.5182068778e+01   -9.7068649694e+00    3.7786557453e+00    7.6744759362e+00    7.0352107511e+00   -2.5187804234e+01    7.7125257678e-01    2.5166630000e+06    3.1558452489e+01    9.9996493245e-01
        92   -5.9269211670e+00    3.5167320759e+01   -9.6758030130e+00    3.7488818460e+00    7.6777547011e+00    7.0352107511e+00   -2.5141148768e+01    7.5238030315e-01    2.5128090000e+06    3.1442434756e+01    9.9996408442e-01
        93   -5.9240919872e+00    3.5134190600e+01   -9.6587853128e+00    3.7346933256e+00    7.6814672082e+00    7.0352107511e+00   -2.5125181803e+01    7.4971853057e-01    2.5060760000e+06    3.2169676617e+01    9.9996418445e-01
        94   -5.9271035942e+00    3.5167861436e+01   -9.6763493169e+00    3.7492457228e+00    7.6890103455e+00    7.0352107511e+00   -2.5168925169e+01    7.6835475589e-01    2.5048420000e+06    3.2093961094e+01    9.9996446880e-01
        95   -5.9276436069e+00    3.5172592663e+01   -9.6991325366e+00    3.7714889297e+00    7.6746023616e+00    7.0352107511e+00   -2.5136799784e+01    7.2785413518e-01    2.5082390000e+06    3.2249617560e+01    9.9996446664e-01
        96   -5.9284742968e+00    3.5186801466e+01   -9.6489915884e+00    3.7205172915e+00    7.6800167253e+00    7.0352107511e+00   -2.5147649177e+01    7.8343011266e-01    2.5183550000e+06    3.2619854166e+01    9.9996297518e-01
        97   -5.9289880482e+00    3.5191387868e+01   -9.6979469850e+00    3.7689589368e+00    7.6963962287e+00    7.0352107511e+00   -2.5200129742e+01    7.7057577680e-01    2.5344750000e+06    3.2360071877e+01    9.9996286556e-01
        98   -5.9275048030e+00    3.5175999418e+01   -9.6965507321e+00    3.7690459291e+00    7.6944092795e+00    7.0352107511e+00   -2.5208399233e+01    7.8222847064e-01    2.5168130000e+06    3.2030715252e+01    9.9996374526e-01
        99   -5.9287098337e+00    3.5189203388e+01   -9.6775410510e+00    3.7488312173e+00    7.6963088824e+00    7.0352107511e+00   -2.5189744961e+01    7.8068427615e-01    2.5051500000e+06    3.3022865254e+01    9.9996158038e-01
       100   -5.9301514754e+00    3.5208311117e+01   -9.6682895599e+00    3.7381380845e+00    7.7036202182e+00    7.0352107511e+00   -2.5227092996e+01    8.1997246654e-01    2.5213270000e+06    3.2397788542e+01    9.9996316866e-01
       101   -5.9264002724e+00    3.5160502684e+01   -9.6773859995e+00    3.7509857271e+00    7.6882837420e+00    7.0352107511e+00   -2.5191893941e+01    7.9101344833e-01    2.5293750000e+06    3.2039198456e+01    9.9996387489e-01
       102   -5.9265588529e+00    3.5161248824e+01   -9.7024478028e+00    3.7758889499e+00    7.7019377898e+00    7.0352107511e+00   -2.5207191551e+01    7.6759520758e-01    2.5204700000e+06    3.2100014948e+01    9.9996340240e-01
       103   -5.9270246850e+00    3.5166004599e+01   -9.7103903884e+00    3.7833657034e+00    7.7048125445e+00    7.0352107511e+00   -2.5213158891e+01    7.6274520716e-01    2.5098280000e+06    3.2134622704e+01    9.9996284347e-01
       104   -5.9296671565e+00    3.5201659355e+01   -9.6697878833e+00    3.7401207268e+00    7.6852250808e+00    7.0352107511e+00   -2.5167252228e+01    7.7702851283e-01    2.5300900000e+06    3.1674970253e+01    9.9996482021e-01
       105   -5.9282533730e+00    3.5180827817e+01   -9.6301998663e+00    3.7019464933e+00    7.6806963681e+00    7.0352107511e+00   -2.5135017855e+01    7.8891086984e-01    2.5352210000e+06    3.1952712384e+01    9.9996247695e-01
       106   -5.9242317636e+00    3.5135025429e+01   -9.6747237774e+00    3.7504920138e+00    7.6974295623e+00    7.0352107511e+00   -2.5180287682e+01    7.7292359143e-01    2.5213910000e+06    3.2247411042e+01    9.9996355849e-01
       107   -5.9266985087e+00    3.5164268673e+01   -9.6863080407e+00    3.7596095320e+00    7.6771952818e+00    7.0352107511e+00   -2.5154996213e+01    7.5628213932e-01    2.5279420000e+06    3.2381705477e+01    9.9996296494e-01
       108   -5.9294361383e+00    3.5195943776e+01   -9.7034021019e+00    3.7739659636e+00    7.6794036456e+00    7.0352107511e+00   -2.5173043005e+01    7.5502650618e-01    2.5369230000e+06    3.2177061548e+01    9.9996220660e-01
       109   -5.9293263247e+00    3.5202172708e+01   -9.6854038537e+00    3.7560775291e+00    7.6848761289e+00    7.0352107511e+00   -2.5188414897e+01    7.8292416348e-01    2.5370880000e+06    3.2320450563e+01    9.9996358966e-01
       110   -5.9274772849e+00    3.5177712035e+01   -9.6835844570e+00    3.7561071721e+00    7.7054624374e+00    7.0352107511e+00   -2.5213939797e+01    7.8968215182e-01    2.5302460000e+06    3.2230366952e+01    9.9996131387e-01
       111   -5.9293629967e+00    3.5198636190e+01   -9.7042110170e+00    3.7748480203e+00    7.7061791243e+00    7.0352107511e+00   -2.5219917404e+01    7.7431651188e-01    2.5240750000e+06    3.2020233377e+01    9.9996454046e-01
       112   -5.9257640604e+00    3.5151677907e+01   -9.7116853749e+00    3.7859213145e+00    7.6959192276e+00    7.0352107511e+00   -2.5205133741e+01    7.6231838700e-01    2.5161850000e+06    3.1731166871e+01    9.9996383431e-01
       113   -5.9292040947e+00    3.5193061427e+01   -9.7040354262e+00    3.7748313315e+00    7.6845345978e+00    7.0352107511e+00   -2.5203687428e+01    7.7990665305e-01    2.5125120000e+06    3.1747584911e+01    9.9996512310e-01
       114   -5.9284333187e+00    3.5181778357e+01   -9.6910724066e+00    3.7626390879e+00    7.6880187743e+00    7.0352107511e+00   -2.5161775576e+01    7.4747364418e-01    2.5053440000e+06    3.2013366972e+01    9.9996577420e-01
       115   -5.9289330608e+00    3.5192979157e+01   -9.6895152412e+00    3.7605821804e+00    7.7016784610e+00    7.0352107511e+00   -2.5192746065e+01    7.6634161163e-01    2.5152390000e+06    3.1714130914e+01    9.9996387135e-01
       116   -5.9253735681e+00    3.5149019883e+01   -9.6951383967e+00    3.7697648286e+00    7.6794849385e+00    7.0352107511e+00   -2.5171002169e+01    7.6116808273e-01    2.5096210000e+06    3.1675162431e+01    9.9996418249e-01
       117   -5.9258592880e+00    3.5153200580e+01   -9.6723705757e+00    3.7465112877e+00    7.6965392338e+00    7.0352107511e+00   -2.5148830912e+01    7.4471035123e-01    2.5127720000e+06    3.2326842578e+01    9.9996378500e-01
       118   -5.9294822435e+00    3.5195952699e+01   -9.6601297411e+00    3.7306474976e+00    7.6925287996e+00    7.0352107511e+00   -2.5149797952e+01    7.6192866067e-01    2.5330920000e+06    3.2176733711e+01    9.9996244787e-01
       119   -5.9256311392e+00    3.5152186585e+01   -9.7384917407e+00    3.8128606015e+00    7.7098228161e+00    7.0352107511e+00   -2.5261400708e+01    7.7787540004e-01    2.5200380000e+06    3.2150614030e+01    9.9996373718e-01
       120   -5.9248561700e+00    3.5144261128e+01   -9.7389006785e+00    3.8140445085e+00    7.7102872554e+00    7.0352107511e+00   -2.5245273207e+01    7.6087452222e-01    2.5055440000e+06    3.2499584488e+01    9.9996313522e-01
       121   -5.9273522149e+00    3.5176660778e+01   -9.6566910225e+00    3.7293388076e+00    7.6984710600e+00    7.0352107511e+00   -2.5196216822e+01    8.0584398874e-01    2.5019110000e+06    3.2548054592e+01    9.9996422902e-01
       122   -5.9244677805e+00    3.5136095029e+01   -9.7053470214e+00    3.7808792409e+00    7.6860153486e+00    7.0352107511e+00   -2.5209450927e+01    7.8287780625e-01    2.4814460000e+06    3.1908192804e+01    9.9996579740e-01
       123   -5.9274995472e+00    3.5173796433e+01   -9.7006544749e+00    3.7731549277e+00    7.6898528122e+00    7.0352107511e+00   -2.5246622548e+01    8.2090450984e-01    2.5028450000e+06    3.1695182253e+01    9.9996518347e-01
       124   -5.9277447833e+00    3.5176164587e+01   -9.7130394144e+00    3.7852946311e+00    7.6814384067e+00    7.0352107511e+00   -2.5207638235e+01    7.7794966305e-01    2.5080250000e+06    3.1828320477e+01    9.9996555834e-01
       125   -5.9279349361e+00    3.5183566784e+01   -9.6642166622e+00    3.7362817261e+00    7.6729623336e+00    7.0352107511e+00   -2.5187561485e+01    8.1517173759e-01    2.5266100000e+06    3.2238466681e+01    9.9996171005e-01
       126   -5.9312981437e+00    3.5221256559e+01   -9.7055728074e+00    3.7742746636e+00    7.6663062586e+00    7.0352107511e+00   -2.5206826668e+01    7.9973685126e-01    2.5265590000e+06    3.1855895689e+01    9.9996517054e-01
       127   -5.9290143682e+00    3.5192732154e+01   -9.6847432987e+00    3.7557289304e+00    7.6734965091e+00    7.0352107511e+00   -2.5176261395e+01    7.8281083577e-01    2.5211610000e+06    3.1895334472e+01    9.9996350860e-01
       128   -5.9270241783e+00    3.5172824602e+01   -9.6682411637e+00    3.7412169854e+00    7.6920470316e+00    7.0352107511e+00   -2.5194565036e+01    7.9906609003e-01    2.5154980000e+06    3.2093011572e+01    9.9996387848e-01
       129   -5.9303521896e+00    3.5207512682e+01   -9.7049014341e+00    3.7745492446e+00    7.6898819619e+00    7.0352107511e+00   -2.5196734683e+01    7.6674053568e-01    2.5461570000e+06    3.1807691130e+01    9.9996509532e-01
       130   -5.9286434208e+00    3.5187653525e+01   -9.6826063699e+00    3.7539629492e+00    7.6791041219e+00    7.0352107511e+00   -2.5160244323e+01    7.6332307972e-01    2.5395550000e+06    3.2634127501e+01    9.9996253864e-01
       131   -5.9265225352e+00    3.5163602884e+01   -9.6605197570e+00    3.7339972217e+00    7.6760846579e+00    7.0352107511e+00   -2.5132610157e+01    7.6079499066e-01    2.5330070000e+06    3.1919589104e+01    9.9996520755e-01
       132   -5.9232614286e+00    3.5124665246e+01   -9.7132210780e+00    3.7899596494e+00    7.6823319805e+00    7.0352107511e+00   -2.5212132055e+01    7.8136824495e-01    2.5051340000e+06    3.2489326774e+01    9.9996282884e-01
       133   -5.9258946395e+00    3.5154546796e+01   -9.7144852461e+00    3.7885906066e+00    7.6896087560e+00    7.0352107511e+00   -2.5223400191e+01    7.8409543786e-01    2.4950920000e+06    3.1866794319e+01    9.9996297585e-01
       134   -5.9296387217e+00    3.5197022647e+01   -9.7222733745e+00    3.7926346528e+00    7.7299036483e+00    7.0352107511e+00   -2.5284071982e+01    7.9668420833e-01    2.5127770000e+06    3.1843364517e+01    9.9996288799e-01
       135   -5.9263048111e+00    3.5162378397e+01   -9.7297528477e+00    3.8034480366e+00    7.7200684056e+00    7.0352107511e+00   -2.5280324175e+01    7.9529217076e-01    2.5195370000e+06    3.1906068349e+01    9.9996160300e-01
       136   -5.9268109195e+00    3.5168183901e+01   -9.7072640321e+00    3.7804531126e+00    7.7413083152e+00    7.0352107511e+00   -2.5279690163e+01    7.9590706446e-01    2.5391440000e+06    3.2043660036e+01    9.9996258705e-01
       137   -5.9239632261e+00    3.5133384077e+01   -9.7243059182e+00    3.8003426921e+00    7.7108964356e+00    7.0352107511e+00   -2.5255263697e+01    7.8485059162e-01    2.5329150000e+06    3.2287776802e+01    9.9996431751e-01
       138   -5.9258768011e+00    3.5158319010e+01   -9.7276293867e+00    3.8017525856e+00    7.7003925233e+00    7.0352107511e+00   -2.5233033763e+01    7.6980110227e-01    2.5261940000e+06    3.2233009899e+01    9.9996566079e-01
       139   -5.9266715744e+00    3.5162638117e+01   -9.7088496608e+00    3.7821780865e+00    7.6890935913e+00    7.0352107511e+00   -2.5194504153e+01    7.6135014998e-01    2.5043760000e+06    3.1806721263e+01    9.9996226555e-01
       140   -5.9289717935e+00    3.5190584986e+01   -9.7292702123e+00    3.8002984188e+00    7.7015671353e+00    7.0352107511e+00   -2.5223463641e+01    7.5741554195e-01    2.5077920000e+06    3.2119481359e+01    9.9996281337e-01
       141   -5.9241731526e+00    3.5133473740e+01   -9.6632180658e+00    3.7390449132e+00    7.7126332074e+00    7.0352107511e+00   -2.5203924906e+01    7.9286288155e-01    2.5085580000e+06    3.2329875729e+01    9.9996133050e-01
       142   -5.9262728578e+00    3.5161337827e+01   -9.6926181185e+00    3.7663452607e+00    7.7347722109e+00    7.0352107511e+00   -2.5266703363e+01    8.0410228242e-01    2.5065720000e+06    3.2064147383e+01    9.9996235092e-01
       143   -5.9272016611e+00    3.5172496821e+01   -9.6929231669e+00    3.7657215057e+00    7.6945058581e+00    7.0352107511e+00   -2.5222762927e+01    8.0012315069e-01    2.5165060000e+06    3.1550605775e+01    9.9996190468e-01
       144   -5.9301001620e+00    3.5203732839e+01   -9.6977325979e+00    3.7676324359e+00    7.6920728643e+00    7.0352107511e+00   -2.5198457955e+01    7.7344174137e-01    2.5313960000e+06    3.2029949458e+01    9.9996390312e-01
       145   -5.9292051312e+00    3.5191951215e+01   -9.7082309202e+00    3.7790257890e+00    7.6855122416e+00    7.0352107511e+00   -2.5186152246e+01    7.5719833266e-01    2.5376750000e+06    3.1932441740e+01    9.9996625925e-01
       146   -5.9306195675e+00    3.5211838956e+01   -9.6980952781e+00    3.7674757105e+00    7.6733796771e+00    7.0352107511e+00   -2.5181469389e+01    7.7478368309e-01    2.5384040000e+06    3.1899969002e+01    9.9996070513e-01
       147   -5.9252272779e+00    3.5146957655e+01   -9.6860596282e+00    3.7608323503e+00    7.6624117875e+00    7.0352107511e+00   -2.5140921181e+01    7.5723901421e-01    2.5266790000e+06    3.2588544701e+01    9.9996309263e-01
       148   -5.9245336689e+00    3.5137529064e+01   -9.6862542649e+00    3.7617205961e+00    7.6763551855e+00    7.0352107511e+00   -2.5142357514e+01    7.4453731229e-01    2.5130940000e+06    3.1733001627e+01    9.9996454041e-01
       149   -5.9294450931e+00    3.5200524027e+01   -9.6775034911e+00    3.7480583980e+00    7.6842205644e+00    7.0352107511e+00   -2.5184642110e+01    7.8770730378e-01    2.5218050000e+06    3.2206712565e+01    9.9996431226e-01
       150   -5.9239353082e+00    3.5135045237e+01   -9.6652555318e+00    3.7413202236e+00    7.6894220199e+00    7.0352107511e+00   -2.5170665267e+01    7.8077696379e-01    2.5211430000e+06    3.1572632930e+01    9.9996335579e-01
       151   -5.9258952667e+00    3.5153373670e+01   -9.7052200762e+00    3.7793248095e+00    7.6824864887e+00    7.0352107511e+00   -2.5167859481e+01    7.4494216483e-01    2.5272730000e+06    3.1839306751e+01    9.9996310019e-01
       152   -5.9250182670e+00    3.5143130665e+01   -9.6817382129e+00    3.7567199458e+00    7.6912388450e+00    7.0352107511e+00   -2.5143405856e+01    7.3521804672e-01    2.5366230000e+06    3.3014997207e+01    9.9996324263e-01
       153   -5.9267779211e+00    3.5182638262e+01   -9.6902032732e+00    3.7634253521e+00    7.6927225301e+00    7.0352107511e+00   -2.5202040373e+01    7.8390381897e-01    2.5360580000e+06    3.1486381797e+01    9.9996376605e-01
       154   -5.9252641212e+00    3.5146376984e+01   -9.6962016106e+00    3.7709374894e+00    7.6959737105e+00    7.0352107511e+00   -2.5204671545e+01    7.7728547328e-01    2.5355340000e+06    3.2138330982e+01    9.9996470042e-01
       155   -5.9266414667e+00    3.5161734192e+01   -9.6957594540e+00    3.7691179872e+00    7.6996586139e+00    7.0352107511e+00   -2.5188099975e+01    7.5747115553e-01    2.5198170000e+06    3.2002045984e+01    9.9996467735e-01
       156   -5.9281629188e+00    3.5184744371e+01   -9.6959128722e+00    3.7677499534e+00    7.7213457138e+00    7.0352107511e+00   -2.5251073403e+01    7.9860406605e-01    2.5031930000e+06    3.1863872874e+01    9.9996319767e-01
       157   -5.9267506899e+00    3.5163361669e+01   -9.6807180654e+00    3.7539673755e+00    7.7096418217e+00    7.0352107511e+00   -2.5203730601e+01    7.7815996271e-01    2.5128440000e+06    3.1704959855e+01    9.9996224482e-01
       158   -5.9268798030e+00    3.5169692717e+01   -9.7036679930e+00    3.7767881900e+00    7.6967530867e+00    7.0352107511e+00   -2.5219985014e+01    7.8435318302e-01    2.5044300000e+06    3.1764418612e+01    9.9996655870e-01
       159   -5.9237177074e+00    3.5126491838e+01   -9.7516107517e+00    3.8278930443e+00    7.7158002594e+00    7.0352107511e+00   -2.5273246714e+01    7.7062495192e-01    2.5156780000e+06    3.2153404065e+01    9.9996436694e-01
       160   -5.9247431722e+00    3.5141384533e+01   -9.6884541924e+00    3.7637110202e+00    7.7330297182e+00    7.0352107511e+00   -2.5239104422e+01    7.8240975985e-01    2.5102060000e+06    3.1864996039e+01    9.9996360005e-01
       161   -5.9302030948e+00    3.5205907500e+01   -9.7025862787e+00    3.7723831839e+00    7.6923533494e+00    7.0352107511e+00   -2.5226690984e+01    7.9654060437e-01    2.5131960000e+06    3.1740092975e+01    9.9996249797e-01
       162   -5.9321564063e+00    3.5230953016e+01   -9.6724188133e+00    3.7402624070e+00    7.6908107579e+00    7.0352107511e+00   -2.5195784811e+01    7.9734448838e-01    2.5196460000e+06    3.1732330734e+01    9.9996269533e-01
       163   -5.9296468630e+00    3.5199073583e+01   -9.6989854033e+00    3.7693385402e+00    7.7016794985e+00    7.0352107511e+00   -2.5223331711e+01    7.8745605757e-01    2.5109580000e+06    3.3101730363e+01    9.9996306202e-01
       164   -5.9274904181e+00    3.5174635638e+01   -9.7370869326e+00    3.8095965145e+00    7.6982269238e+00    7.0352107511e+00   -2.5245002807e+01    7.7447819907e-01    2.5058460000e+06    3.2133908733e+01    9.9996458452e-01
       165   -5.9304641769e+00    3.5209705863e+01   -9.7305815287e+00    3.8001173518e+00    7.6978656132e+00    7.0352107511e+00   -2.5235936697e+01    7.7227880347e-01    2.5161890000e+06    3.1772975097e+01    9.9996443304e-01
       166   -5.9296433167e+00    3.5199462342e+01   -9.7278029316e+00    3.7981596149e+00    7.6888330376e+00    7.0352107511e+00   -2.5243943829e+01    7.9209710902e-01    2.5297190000e+06    3.2833454166e+01    9.9996333485e-01
       167   -5.9278666536e+00    3.5177339030e+01   -9.7149899320e+00    3.7871232785e+00    7.7016370347e+00    7.0352107511e+00   -2.5241564570e+01    7.8972685251e-01    2.5236910000e+06    3.2423423362e+01    9.9996364123e-01
       168   -5.9284038684e+00    3.5182940144e+01   -9.7158358633e+00    3.7874319949e+00    7.7024096378e+00    7.0352107511e+00   -2.5228945714e+01    7.7548946205e-01    2.5276970000e+06    3.2429214593e+01    9.9996463782e-01
       169   -5.9284382720e+00    3.5183524258e+01   -9.7483286057e+00    3.8198903337e+00    7.7338791324e+00    7.0352107511e+00   -2.5322943445e+01    8.0552495536e-01    2.5216220000e+06    3.2417883025e+01    9.9996406082e-01
       170   -5.9264976098e+00    3.5161187447e+01   -9.7353422584e+00    3.8088446486e+00    7.7147486844e+00    7.0352107511e+00   -2.5276786354e+01    7.9148466004e-01    2.5130760000e+06    3.2515948351e+01    9.9996453745e-01
       171   -5.9273292176e+00    3.5170622365e+01   -9.7310123353e+00    3.8036831177e+00    7.7091929867e+00    7.0352107511e+00   -2.5266338305e+01    7.9092223216e-01    2.5046600000e+06    3.1881427350e+01    9.9996537374e-01
       172   -5.9282043093e+00    3.5181849868e+01   -9.6858312034e+00    3.7576268942e+00    7.6906565533e+00    7.0352107511e+00   -2.5192530910e+01    7.8083240177e-01    2.5153160000e+06    3.1846459365e+01    9.9996143417e-01
       173   -5.9274584418e+00    3.5173113343e+01   -9.6948097670e+00    3.7673513252e+00    7.6964932164e+00    7.0352107511e+00   -2.5197134594e+01    7.7062085904e-01    2.5320430000e+06    3.2036694612e+01    9.9996075388e-01
       174   -5.9271539783e+00    3.5174835958e+01   -9.7204636321e+00    3.7933096538e+00    7.7211593333e+00    7.0352107511e+00   -2.5259443998e+01    7.8261028107e-01    2.5328150000e+06    3.2691648265e+01    9.9996268562e-01
       175   -5.9275370187e+00    3.5174810343e+01   -9.7267955025e+00    3.7992584837e+00    7.7117509911e+00    7.0352107511e+00   -2.5244902146e+01    7.7114490090e-01    2.5147410000e+06    3.2315982841e+01    9.9996500847e-01
       176   -5.9273186381e+00    3.5173362974e+01   -9.7341410033e+00    3.8068223652e+00    7.6982013957e+00    7.0352107511e+00   -2.5235060193e+01    7.6750704254e-01    2.5104690000e+06    3.2070097165e+01    9.9996524346e-01
       177   -5.9263233345e+00    3.5161396854e+01   -9.7059005271e+00    3.7795771926e+00    7.7191619062e+00    7.0352107511e+00   -2.5220246642e+01    7.5997345734e-01    2.5115070000e+06    3.2503547475e+01    9.9996356867e-01
       178   -5.9269760745e+00    3.5165726917e+01   -9.6898279876e+00    3.7628519131e+00    7.7053129213e+00    7.0352107511e+00   -2.5186637776e+01    7.5628611644e-01    2.5105650000e+06    3.2484233943e+01    9.9996310661e-01
       179   -5.9267970206e+00    3.5166004053e+01   -9.6999236923e+00    3.7731266717e+00    7.6856242568e+00    7.0352107511e+00   -2.5181517816e+01    7.6075911543e-01    2.5047270000e+06    3.2593501473e+01    9.9996471840e-01
       180   -5.9299451272e+00    3.5205102709e+01   -9.6802303194e+00    3.7502851922e+00    7.6854702180e+00    7.0352107511e+00   -2.5185206831e+01    7.8429554220e-01    2.5068930000e+06    3.2169034016e+01    9.9996589269e-01
       181   -5.9315461880e+00    3.5217908192e+01   -9.6847963141e+00    3.7532501260e+00    7.6859045515e+00    7.0352107511e+00   -2.5149291834e+01    7.4338021713e-01    2.5189440000e+06    3.1871381827e+01    9.9996347777e-01
       182   -5.9301171096e+00    3.5203492761e+01   -9.6855415174e+00    3.7554244078e+00    7.7047915446e+00    7.0352107511e+00   -2.5198092934e+01    7.7254912107e-01    2.5145170000e+06    3.1954882378e+01    9.9996524964e-01
       183   -5.9308043432e+00    3.5217272869e+01   -9.7020608173e+00    3.7712564741e+00    7.7184398069e+00    7.0352107511e+00   -2.5262242320e+01    8.0653094500e-01    2.5166660000e+06    3.2482054301e+01    9.9996264549e-01
       184   -5.9297139634e+00    3.5200122571e+01   -9.6883706652e+00    3.7586567018e+00    7.6978425808e+00    7.0352107511e+00   -2.5200319389e+01    7.7889539141e-01    2.5209590000e+06    3.1985685921e+01    9.9996266184e-01
       185   -5.9266662440e+00    3.5162576622e+01   -9.6681418531e+00    3.7414756091e+00    7.6889850558e+00    7.0352107511e+00   -2.5184211170e+01    7.9187351028e-01    2.5342040000e+06    3.2067471815e+01    9.9996468323e-01
       186   -5.9277315678e+00    3.5180260012e+01   -9.6599284450e+00    3.7321968772e+00    7.6704412467e+00    7.0352107511e+00   -2.5151429445e+01    7.8584900249e-01    2.5319920000e+06    3.2490678456e+01    9.9996248174e-01
       187   -5.9280683649e+00    3.5177513526e+01   -9.6598988417e+00    3.7318304768e+00    7.6642293838e+00    7.0352107511e+00   -2.5099833797e+01    7.4049482035e-01    2.5169600000e+06    3.2184993564e+01    9.9996309839e-01
       188   -5.9266324481e+00    3.5163142574e+01   -9.6687117549e+00    3.7420793068e+00    7.6751907653e+00    7.0352107511e+00   -2.5150805555e+01    7.7169228397e-01    2.5238650000e+06    3.2148817338e+01    9.9996587773e-01
       189   -5.9271176103e+00    3.5169984824e+01   -9.7264332186e+00    3.7993156082e+00    7.6561290574e+00    7.0352107511e+00   -2.5190570779e+01    7.7279775190e-01    2.5182520000e+06    3.1672700560e+01    9.9996158098e-01
       190   -5.9305995550e+00    3.5211635573e+01   -9.6793988904e+00    3.7487993354e+00    7.6590192074e+00    7.0352107511e+00   -2.5164532323e+01    7.9090347414e-01    2.5144520000e+06    3.1663065468e+01    9.9996594671e-01
       191   -5.9286597270e+00    3.5189461428e+01   -9.6867024443e+00    3.7580427173e+00    7.7095676635e+00    7.0352107511e+00   -2.5213646406e+01    7.8216554662e-01    2.5259190000e+06    3.1676039371e+01    9.9996427175e-01
       192   -5.9262040527e+00    3.5158807285e+01   -9.6850658932e+00    3.7588618404e+00    7.6892701326e+00    7.0352107511e+00   -2.5194759979e+01    7.8521320247e-01    2.5319350000e+06    3.2115399156e+01    9.9996475257e-01
       193   -5.9234069359e+00    3.5125765580e+01   -9.6885166305e+00    3.7651096946e+00    7.6938249415e+00    7.0352107511e+00   -2.5195218192e+01    7.7766586859e-01    2.5202530000e+06    3.2540044454e+01    9.9996324956e-01
       194   -5.9257628823e+00    3.5156667025e+01   -9.7045620917e+00    3.7787992093e+00    7.7158536034e+00    7.0352107511e+00   -2.5223848389e+01    7.6822194321e-01    2.5167060000e+06    3.2483007790e+01    9.9996354645e-01
       195   -5.9236137664e+00    3.5130469415e+01   -9.7281811606e+00    3.8045673942e+00    7.7109311637e+00    7.0352107511e+00   -2.5243922385e+01    7.6959930954e-01    2.5134980000e+06    3.2378008626e+01    9.9996299493e-01
       196   -5.9275045478e+00    3.5174666502e+01   -9.7416805615e+00    3.8141760136e+00    7.6978327420e+00    7.0352107511e+00   -2.5260334618e+01    7.8561056378e-01    2.5176710000e+06    3.2995054668e+01    9.9996564406e-01
       197   -5.9283228831e+00    3.5181236102e+01   -9.7230263072e+00    3.7947034241e+00    7.7044553389e+00    7.0352107511e+00   -2.5248806645e+01    7.8611424786e-01    2.5067250000e+06    3.2190482567e+01    9.9996484507e-01
       198   -5.9266880294e+00    3.5164598885e+01   -9.6740195390e+00    3.7473315096e+00    7.7144608341e+00    7.0352107511e+00   -2.5193298658e+01    7.6960753365e-01    2.5030710000e+06    3.2312297578e+01    9.9996304863e-01
       199   -5.9299254921e+00    3.5204132959e+01   -9.6517778875e+00    3.7218523954e+00    7.7048704144e+00    7.0352107511e+00   -2.5179201095e+01    7.8734204160e-01    2.5250890000e+06    3.1926449640e+01    9.9996475422e-01
       200   -5.9277942109e+00    3.5179970820e+01   -9.6582592645e+00    3.7304650537e+00    7.7053984213e+00    7.0352107511e+00   -2.5162930610e+01    7.6406217299e-01    2.5213390000e+06    3.2049344477e+01    9.9996088656e-01
       201   -5.9281672054e+00    3.5182766095e+01   -9.6896596930e+00    3.7614924876e+00    7.7003484260e+00    7.0352107511e+00   -2.5187452100e+01    7.6223323018e-01    2.5112350000e+06    3.2677026775e+01    9.9996391173e-01
       202   -5.9312897726e+00    3.5219448344e+01   -9.6889606767e+00    3.7576709041e+00    7.7097857815e+00    7.0352107511e+00   -2.5209460668e+01    7.7550345905e-01    2.5319140000e+06    3.3022324359e+01    9.9996060191e-01
       203   -5.9304218957e+00    3.5215819485e+01   -9.6983509413e+00    3.7679290457e+00    7.7136000996e+00    7.0352107511e+00   -2.5243857410e+01    7.9669561845e-01    2.5392840000e+06    3.2556034503e+01    9.9996416189e-01
       204   -5.9251631416e+00    3.5144247869e+01   -9.6510750849e+00    3.7259119434e+00    7.6826492236e+00    7.0352107511e+00   -2.5147984308e+01    7.7904924869e-01    2.5449510000e+06    3.1941025624e+01    9.9996537196e-01
       205   -5.9256077093e+00    3.5148043785e+01   -9.6607963073e+00    3.7351885980e+00    7.6837070470e+00    7.0352107511e+00   -2.5116932124e+01    7.3721801839e-01    2.5295570000e+06    3.2289569792e+01    9.9996585370e-01
       206   -5.9316554497e+00    3.5223726574e+01   -9.7267658588e+00    3.7951104091e+00    7.6835255832e+00    7.0352107511e+00   -2.5218980091e+01    7.7347789839e-01    2.5356330000e+06    3.2150155907e+01    9.9996544374e-01
       207   -5.9275946843e+00    3.5173485710e+01   -9.6522031779e+00    3.7246084936e+00    7.6589701634e+00    7.0352107511e+00   -2.5133908879e+01    7.8752478608e-01    2.5251470000e+06    3.2095469432e+01    9.9996381791e-01
       208   -5.9288256145e+00    3.5188689786e+01   -9.6506097608e+00    3.7217841463e+00    7.6775814660e+00    7.0352107511e+00   -2.5096676516e+01    7.3327453783e-01    2.5257080000e+06    3.1760210358e+01    9.9996164952e-01
       209   -5.9265869577e+00    3.5160448335e+01   -9.6161491653e+00    3.6895622076e+00    7.6644625595e+00    7.0352107511e+00   -2.5075139741e+01    7.5931726492e-01    2.5195880000e+06    3.2379035073e+01    9.9996646683e-01
       210   -5.9272521094e+00    3.5170168657e+01   -9.6592667385e+00    3.7320146291e+00    7.6617692132e+00    7.0352107511e+00   -2.5112586598e+01    7.5633989481e-01    2.5235030000e+06    3.1947089964e+01    9.9996230181e-01
       211   -5.9256773012e+00    3.5151268658e+01   -9.6923728420e+00    3.7666955408e+00    7.6754720327e+00    7.0352107511e+00   -2.5169154127e+01    7.6609850121e-01    2.5092320000e+06    3.1940036658e+01    9.9996259000e-01
       212   -5.9278176624e+00    3.5177777344e+01   -9.6548696839e+00    3.7270520215e+00    7.6673624407e+00    7.0352107511e+00   -2.5128685715e+01    7.7124283879e-01    2.5075210000e+06    3.1498137883e+01    9.9996644686e-01
       213   -5.9308890026e+00    3.5213544191e+01   -9.6950643922e+00    3.7641753896e+00    7.6689772464e+00    7.0352107511e+00   -2.5145999128e+01    7.4674673830e-01    2.5073720000e+06    3.1724990983e+01    9.9996360289e-01
       214   -5.9313431420e+00    3.5217542272e+01   -9.6884965924e+00    3.7571534504e+00    7.6728263324e+00    7.0352107511e+00   -2.5163577275e+01    7.6704359941e-01    2.5261460000e+06    3.2002311604e+01    9.9996422381e-01
       215   -5.9338443578e+00    3.5249659516e+01   -9.6821445851e+00    3.7483002273e+00    7.6771162040e+00    7.0352107511e+00   -2.5160614002e+01    7.6614246199e-01    2.5261170000e+06    3.1926827157e+01    9.9996303732e-01
       216   -5.9306477062e+00    3.5218346378e+01   -9.6720678810e+00    3.7414201747e+00    7.6786642217e+00    7.0352107511e+00   -2.5133682299e+01    7.4773944526e-01    2.5278080000e+06    3.1840369249e+01    9.9996563659e-01
