#   index    LocalEnergy         LocalEnergy_sq      LocalPotential      Kinetic             ElecElec            IonIon              LocalECP            NonLocalECP         BlockWeight         BlockCPU            AcceptRatio         
         0   -5.9240609333e+00    3.5129086250e+01   -9.7281555863e+00    3.8040946530e+00    7.7278446891e+00    7.0352107511e+00   -2.5291392298e+01    8.0018127141e-01    2.5199610000e+06    2.4729701295e+01    9.9996057739e-01
         1   -5.9252473918e+00    3.5141841337e+01   -9.7319199039e+00    3.8066725121e+00    7.7102125848e+00    7.0352107511e+00   -2.5272073861e+01    7.9473062072e-01    2.5283440000e+06    2.4371893429e+01    9.9996277263e-01
         2   -5.9244608417e+00    3.5136630580e+01   -9.7139643844e+00    3.7895035428e+00    7.6979343681e+00    7.0352107511e+00   -2.5226185563e+01    7.7907605973e-01    2.5101290000e+06    2.4405707518e+01    9.9996355050e-01
         3   -5.9256842365e+00    3.5147250607e+01   -9.6997173502e+00    3.7740331137e+00    7.6981070073e+00    7.0352107511e+00   -2.5193475129e+01    7.6044002020e-01    2.5055920000e+06    2.4493257673e+01    9.9996347973e-01
         4   -5.9263886149e+00    3.5155729344e+01   -9.7326274308e+00    3.8062388158e+00    7.6878005066e+00    7.0352107511e+00   -2.5215268194e+01    7.5962950580e-01    2.5049490000e+06    2.4854269943e+01    9.9996168020e-01
         5   -5.9253659412e+00    3.5145340607e+01   -9.6889690160e+00    3.7636030749e+00    7.7043361750e+00    7.0352107511e+00   -2.5205040389e+01    7.7652444730e-01    2.5110470000e+06    2.4753137144e+01    9.9996141506e-01
         6   -5.9283568550e+00    3.5179888333e+01   -9.7102034218e+00    3.7818465668e+00    7.7225705639e+00    7.0352107511e+00   -2.5238687936e+01    7.7070319919e-01    2.5059960000e+06    2.4751825340e+01    9.9996124125e-01
         7   -5.9283493635e+00    3.5179976340e+01   -9.6810958850e+00    3.7527465215e+00    7.7182913569e+00    7.0352107511e+00   -2.5204045817e+01    7.6944782430e-01    2.5272280000e+06    2.4873663398e+01    9.9996191742e-01
         8   -5.9256476000e+00    3.5146281071e+01   -9.7280891569e+00    3.8024415569e+00    7.7125587766e+00    7.0352107511e+00   -2.5254144738e+01    7.7828605388e-01    2.5130090000e+06    2.4576532434e+01    9.9996304041e-01
         9   -5.9270950667e+00    3.5164791404e+01   -9.7035001049e+00    3.7764050382e+00    7.7005517257e+00    7.0352107511e+00   -2.5202178791e+01    7.6291620953e-01    2.4992360000e+06    2.4304515235e+01    9.9996749033e-01
        10   -5.9265764014e+00    3.5158114796e+01   -9.6664745475e+00    3.7398981460e+00    7.7007417891e+00    7.0352107511e+00   -2.5200922440e+01    7.9849535199e-01    2.5077540000e+06    2.4635181584e+01    9.9996461482e-01
        11   -5.9254977053e+00    3.5145350638e+01   -9.6496342662e+00    3.7241365610e+00    7.6831221093e+00    7.0352107511e+00   -2.5145689676e+01    7.7772254899e-01    2.5141000000e+06    2.4662828104e+01    9.9996519493e-01
        12   -5.9272904635e+00    3.5167413606e+01   -9.6578839253e+00    3.7305934618e+00    7.6856423362e+00    7.0352107511e+00   -2.5161411679e+01    7.8267466659e-01    2.5109780000e+06    2.4553422851e+01    9.9996326636e-01
        13   -5.9270428960e+00    3.5164142497e+01   -9.6847945046e+00    3.7577516087e+00    7.7069894792e+00    7.0352107511e+00   -2.5219510033e+01    7.9251529808e-01    2.5221550000e+06    2.5118515521e+01    9.9996639480e-01
        14   -5.9263243475e+00    3.5156854795e+01   -9.7011032230e+00    3.7747788755e+00    7.6930817789e+00    7.0352107511e+00   -2.5195399433e+01    7.6600367988e-01    2.5221990000e+06    2.4660434492e+01    9.9996531279e-01
        15   -5.9259352854e+00    3.5153635025e+01   -9.7279321263e+00    3.8019968410e+00    7.6716650860e+00    7.0352107511e+00   -2.5223909985e+01    7.8910202144e-01    2.5219920000e+06    2.4460127525e+01    9.9996267460e-01
        16   -5.9285575343e+00    3.5182254242e+01   -9.7473193913e+00    3.8187618570e+00    7.6809037449e+00    7.0352107511e+00   -2.5231328717e+01    7.6789482937e-01    2.5192470000e+06    2.4657716736e+01    9.9996382413e-01
        17   -5.9226414012e+00    3.5112159388e+01   -9.7131214952e+00    3.7904800940e+00    7.6995810600e+00    7.0352107511e+00   -2.5220188810e+01    7.7227550357e-01    2.5104780000e+06    2.4602293840e+01    9.9996470400e-01
        18   -5.9223409967e+00    3.5106994654e+01   -9.7226257614e+00    3.8002847647e+00    7.6999574150e+00    7.0352107511e+00   -2.5239446297e+01    7.8165236981e-01    2.5115520000e+06    2.4476002455e+01    9.9996217503e-01
        19   -5.9255975607e+00    3.5147361749e+01   -9.7115518652e+00    3.7859543045e+00    7.7219517128e+00    7.0352107511e+00   -2.5279418880e+01    8.1070455119e-01    2.5096380000e+06    2.4480626691e+01    9.9996134155e-01
        20   -5.9279733426e+00    3.5175797042e+01   -9.6898824136e+00    3.7619090709e+00    7.7016505521e+00    7.0352107511e+00   -2.5200135382e+01    7.7339166480e-01    2.5221420000e+06    2.4714180144e+01    9.9996382479e-01
        21   -5.9264210020e+00    3.5156005671e+01   -9.6789553806e+00    3.7525343785e+00    7.6703795848e+00    7.0352107511e+00   -2.5174051250e+01    7.8950553376e-01    2.5277030000e+06    2.4279680357e+01    9.9996439710e-01
        22   -5.9280511011e+00    3.5176174839e+01   -9.7136778151e+00    3.7856267139e+00    7.6768713990e+00    7.0352107511e+00   -2.5192954381e+01    7.6719441552e-01    2.5267950000e+06    2.4736760973e+01    9.9996208691e-01
        23   -5.9302768255e+00    3.5202253953e+01   -9.7481758848e+00    3.8178990592e+00    7.6801376950e+00    7.0352107511e+00   -2.5223052069e+01    7.5952773851e-01    2.4978960000e+06    2.4528850970e+01    9.9996447443e-01
        24   -5.9296783660e+00    3.5193213698e+01   -9.7008884690e+00    3.7712101030e+00    7.7048758542e+00    7.0352107511e+00   -2.5228534978e+01    7.8755990355e-01    2.5038310000e+06    2.4485563816e+01    9.9996105660e-01
        25   -5.9304325063e+00    3.5204151375e+01   -9.6981149979e+00    3.7676824916e+00    7.6748481323e+00    7.0352107511e+00   -2.5194004105e+01    7.8583022328e-01    2.5133610000e+06    2.4295267086e+01    9.9996280201e-01
        26   -5.9257241832e+00    3.5147260042e+01   -9.7068674634e+00    3.7811432802e+00    7.6692454304e+00    7.0352107511e+00   -2.5177903691e+01    7.6658004588e-01    2.5216800000e+06    2.4354930442e+01    9.9996232553e-01
        27   -5.9295418691e+00    3.5192960176e+01   -9.6724750601e+00    3.7429331910e+00    7.6647885061e+00    7.0352107511e+00   -2.5171940279e+01    7.9946596141e-01    2.5202480000e+06    2.4401876410e+01    9.9996209467e-01
        28   -5.9233355217e+00    3.5119504541e+01   -9.6759610342e+00    3.7526255124e+00    7.6831438438e+00    7.0352107511e+00   -2.5177571276e+01    7.8325564734e-01    2.5305360000e+06    2.4719163724e+01    9.9996295458e-01
        29   -5.9263525535e+00    3.5153809042e+01   -9.7281778423e+00    3.8018252888e+00    7.6759094939e+00    7.0352107511e+00   -2.5201215956e+01    7.6191786871e-01    2.5179760000e+06    2.4820547784e+01    9.9996426898e-01
        30   -5.9255112587e+00    3.5145043775e+01   -9.6903636887e+00    3.7648524300e+00    7.6797048883e+00    7.0352107511e+00   -2.5174452906e+01    7.6917357750e-01    2.5124020000e+06    2.4653275090e+01    9.9996343333e-01
        31   -5.9269275739e+00    3.5161435138e+01   -9.7205052259e+00    3.7935776520e+00    7.7014252917e+00    7.0352107511e+00   -2.5218651668e+01    7.6151039969e-01    2.5054920000e+06    2.4509729918e+01    9.9996484091e-01
        32   -5.9246171779e+00    3.5138846635e+01   -9.7130128471e+00    3.7883956692e+00    7.6879627878e+00    7.0352107511e+00   -2.5173906281e+01    7.3771989480e-01    2.4858720000e+06    2.4732127017e+01    9.9996379642e-01
        33   -5.9301107365e+00    3.5200337072e+01   -9.7248325163e+00    3.7947217798e+00    7.6891843137e+00    7.0352107511e+00   -2.5222447220e+01    7.7321963896e-01    2.5050420000e+06    2.4887357009e+01    9.9996297078e-01
        34   -5.9282909095e+00    3.5181210260e+01   -9.6974752712e+00    3.7691843617e+00    7.6843192471e+00    7.0352107511e+00   -2.5187883496e+01    7.7087822608e-01    2.5262480000e+06    2.4742985321e+01    9.9996432639e-01
        35   -5.9266863739e+00    3.5159387236e+01   -9.7142844521e+00    3.7875980782e+00    7.6975260482e+00    7.0352107511e+00   -2.5215073728e+01    7.6805247612e-01    2.5206230000e+06    2.4585128840e+01    9.9996023466e-01
        36   -5.9283093902e+00    3.5176496968e+01   -9.7315458152e+00    3.8032364250e+00    7.6840155766e+00    7.0352107511e+00   -2.5217015354e+01    7.6624321083e-01    2.5160050000e+06    2.4574127114e+01    9.9996287998e-01
        37   -5.9309684324e+00    3.5211474744e+01   -9.7299199410e+00    3.7989515086e+00    7.6831938500e+00    7.0352107511e+00   -2.5232784979e+01    7.8446043714e-01    2.5266590000e+06    2.4604135320e+01    9.9996542321e-01
        38   -5.9293173230e+00    3.5190493429e+01   -9.6872302806e+00    3.7579129576e+00    7.6840773225e+00    7.0352107511e+00   -2.5188540713e+01    7.8202235926e-01    2.5380490000e+06    2.4768989930e+01    9.9996414558e-01
        39   -5.9282243928e+00    3.5180180935e+01   -9.7056904428e+00    3.7774660500e+00    7.6951833935e+00    7.0352107511e+00   -2.5211036566e+01    7.7495197851e-01    2.5244950000e+06    2.4756926130e+01    9.9996236492e-01
        40   -5.9288728221e+00    3.5184041369e+01   -9.7095652411e+00    3.7806924190e+00    7.7061808463e+00    7.0352107511e+00   -2.5219825485e+01    7.6886864687e-01    2.5260380000e+06    2.4480908718e+01    9.9996407211e-01
        41   -5.9265597840e+00    3.5158837075e+01   -9.6831281170e+00    3.7565683330e+00    7.6973978615e+00    7.0352107511e+00   -2.5196163247e+01    7.8042651723e-01    2.5398860000e+06    2.4467771664e+01    9.9996337909e-01
        42   -5.9262215124e+00    3.5154112236e+01   -9.6895385425e+00    3.7633170301e+00    7.7181744783e+00    7.0352107511e+00   -2.5228887967e+01    7.8596419477e-01    2.5182110000e+06    2.4595660412e+01    9.9996301434e-01
        43   -5.9268786234e+00    3.5165658381e+01   -9.6977361089e+00    3.7708574855e+00    7.7052795736e+00    7.0352107511e+00   -2.5237370396e+01    7.9914396269e-01    2.5265930000e+06    2.4494018001e+01    9.9996641857e-01
        44   -5.9259188447e+00    3.5149622828e+01   -9.6803725735e+00    3.7544537289e+00    7.7046733076e+00    7.0352107511e+00   -2.5229949028e+01    8.0969239629e-01    2.5272860000e+06    2.4686146402e+01    9.9996241074e-01
        45   -5.9242490324e+00    3.5128791042e+01   -9.6559306200e+00    3.7316815875e+00    7.6900083793e+00    7.0352107511e+00   -2.5170480288e+01    7.8933053758e-01    2.5188460000e+06    2.4325811262e+01    9.9996555758e-01
        46   -5.9266365969e+00    3.5158540635e+01   -9.6495683037e+00    3.7229317068e+00    7.6680234781e+00    7.0352107511e+00   -2.5098033812e+01    7.4523127897e-01    2.5263100000e+06    2.4851250392e+01    9.9996334207e-01
        47   -5.9291054502e+00    3.5187091794e+01   -9.6541215653e+00    3.7250161152e+00    7.6829713765e+00    7.0352107511e+00   -2.5134395622e+01    7.6209192882e-01    2.5340380000e+06    2.4986175732e+01    9.9996457594e-01
        48   -5.9287845669e+00    3.5183594210e+01   -9.7060349273e+00    3.7772503605e+00    7.6885854764e+00    7.0352107511e+00   -2.5185890562e+01    7.5605940714e-01    2.5286160000e+06    2.4698485910e+01    9.9996461791e-01
        49   -5.9282965338e+00    3.5181834659e+01   -9.7115491031e+00    3.7832525694e+00    7.6767258657e+00    7.0352107511e+00   -2.5203133721e+01    7.7964800095e-01    2.5221660000e+06    2.4484439566e+01    9.9996148632e-01
        50   -5.9280391517e+00    3.5178548051e+01   -9.6882518344e+00    3.7602126827e+00    7.6691413554e+00    7.0352107511e+00   -2.5158049150e+01    7.6544520900e-01    2.5176140000e+06    2.4701897613e+01    9.9995998348e-01
        51   -5.9245837418e+00    3.5135872871e+01   -9.6799402351e+00    3.7553564934e+00    7.6826823243e+00    7.0352107511e+00   -2.5142273888e+01    7.4444057790e-01    2.4983310000e+06    2.4407627623e+01    9.9996422892e-01
        52   -5.9264263327e+00    3.5156058710e+01   -9.7001403545e+00    3.7737140218e+00    7.6898062713e+00    7.0352107511e+00   -2.5186733050e+01    7.6157567347e-01    2.4861310000e+06    2.4378931612e+01    9.9996163350e-01
        53   -5.9243224599e+00    3.5131783805e+01   -9.7028244625e+00    3.7785020026e+00    7.6949057711e+00    7.0352107511e+00   -2.5181593466e+01    7.4865248098e-01    2.5085420000e+06    2.4696308133e+01    9.9996323897e-01
        54   -5.9241572911e+00    3.5128474877e+01   -9.6910186788e+00    3.7668613877e+00    7.7049733745e+00    7.0352107511e+00   -2.5219950839e+01    7.8874803437e-01    2.5212280000e+06    2.5051751329e+01    9.9996330057e-01
        55   -5.9292188281e+00    3.5189485056e+01   -9.7306374852e+00    3.8014186571e+00    7.6948715499e+00    7.0352107511e+00   -2.5226493459e+01    7.6577367243e-01    2.5030300000e+06    2.4161395028e+01    9.9996534794e-01
        56   -5.9277098356e+00    3.5170104295e+01   -9.6803947659e+00    3.7526849303e+00    7.7083831317e+00    7.0352107511e+00   -2.5195871769e+01    7.7188312054e-01    2.5121400000e+06    2.4863075478e+01    9.9996630205e-01
        57   -5.9280092506e+00    3.5173646516e+01   -9.6826460621e+00    3.7546368115e+00    7.7073552446e+00    7.0352107511e+00   -2.5196018914e+01    7.7080685648e-01    2.5291990000e+06    2.4536409311e+01    9.9996535620e-01
        58   -5.9260085811e+00    3.5153197468e+01   -9.6894342890e+00    3.7634257078e+00    7.7111272598e+00    7.0352107511e+00   -2.5200495696e+01    7.6472339613e-01    2.5210930000e+06    2.4653128983e+01    9.9996390683e-01
        59   -5.9320973557e+00    3.5225452761e+01   -9.7034231075e+00    3.7713257518e+00    7.7070379297e+00    7.0352107511e+00   -2.5222829874e+01    7.7715808622e-01    2.5159140000e+06    2.4411277607e+01    9.9996382499e-01
        60   -5.9288857110e+00    3.5185687493e+01   -9.6894788638e+00    3.7605931528e+00    7.6921047366e+00    7.0352107511e+00   -2.5189970394e+01    7.7317604211e-01    2.5082570000e+06    2.4593879743e+01    9.9996042448e-01
        61   -5.9217637275e+00    3.5099874162e+01   -9.6902243225e+00    3.7684605950e+00    7.6871536643e+00    7.0352107511e+00   -2.5195500609e+01    7.8291187052e-01    2.4986130000e+06    2.4931025180e+01    9.9996323122e-01
        62   -5.9296881425e+00    3.5198176872e+01   -9.6741198819e+00    3.7444317394e+00    7.6681504624e+00    7.0352107511e+00   -2.5142029713e+01    7.6454861739e-01    2.5056640000e+06    2.4904473995e+01    9.9996363775e-01
        63   -5.9307016431e+00    3.5204525633e+01   -9.7009107440e+00    3.7702091009e+00    7.6736713372e+00    7.0352107511e+00   -2.5157338789e+01    7.4754595683e-01    2.5209220000e+06    2.4650619712e+01    9.9996136784e-01
        64   -5.9311473262e+00    3.5210220371e+01   -9.6899125827e+00    3.7587652565e+00    7.6581754962e+00    7.0352107511e+00   -2.5147437391e+01    7.6413856052e-01    2.5221460000e+06    2.5007226254e+01    9.9996560519e-01
        65   -5.9267330413e+00    3.5160289729e+01   -9.7377082824e+00    3.8109752411e+00    7.6993368229e+00    7.0352107511e+00   -2.5261028927e+01    7.8877307068e-01    2.5260000000e+06    2.4707462335e+01    9.9996110324e-01
        66   -5.9264217200e+00    3.5154018316e+01   -9.6942534843e+00    3.7678317643e+00    7.6779281203e+00    7.0352107511e+00   -2.5168236191e+01    7.6084383488e-01    2.5102570000e+06    2.5055456767e+01    9.9996409686e-01
        67   -5.9248604986e+00    3.5137746298e+01   -9.6722052007e+00    3.7473447021e+00    7.6821015354e+00    7.0352107511e+00   -2.5150705687e+01    7.6118819946e-01    2.5133060000e+06    2.5138899656e+01    9.9996210170e-01
        68   -5.9236416617e+00    3.5122690520e+01   -9.6813052963e+00    3.7576636346e+00    7.6818847160e+00    7.0352107511e+00   -2.5187803634e+01    7.8940287051e-01    2.5119710000e+06    2.4935452747e+01    9.9996083810e-01
        69   -5.9274471053e+00    3.5167894546e+01   -9.6544615376e+00    3.7270144323e+00    7.6565574802e+00    7.0352107511e+00   -2.5124040514e+01    7.7781074534e-01    2.5227610000e+06    2.4411616022e+01    9.9996551074e-01
        70   -5.9269016902e+00    3.5161968562e+01   -9.6391144163e+00    3.7122127261e+00    7.6545700674e+00    7.0352107511e+00   -2.5123483987e+01    7.9458875259e-01    2.5197130000e+06    2.4747246645e+01    9.9996408472e-01
        71   -5.9277007805e+00    3.5174097173e+01   -9.6676907895e+00    3.7399900090e+00    7.6897074864e+00    7.0352107511e+00   -2.5196515378e+01    8.0390635100e-01    2.5280340000e+06    2.4614727554e+01    9.9996251724e-01
        72   -5.9266626096e+00    3.5160778758e+01   -9.7028264034e+00    3.7761637938e+00    7.6950243094e+00    7.0352107511e+00   -2.5225825598e+01    7.9276413415e-01    2.5355700000e+06    2.4411973389e+01    9.9996350748e-01
        73   -5.9286080892e+00    3.5180676631e+01   -9.7298535008e+00    3.8012454116e+00    7.6918175587e+00    7.0352107511e+00   -2.5233192626e+01    7.7631081500e-01    2.5302380000e+06    2.4639418191e+01    9.9996220655e-01
        74   -5.9270519693e+00    3.5166433912e+01   -9.6316841053e+00    3.7046321360e+00    7.6935948897e+00    7.0352107511e+00   -2.5152856502e+01    7.9236675598e-01    2.5376440000e+06    2.4298820357e+01    9.9996395055e-01
        75   -5.9268233687e+00    3.5162558826e+01   -9.6395471107e+00    3.7127237420e+00    7.7055637680e+00    7.0352107511e+00   -2.5169304397e+01    7.8898276692e-01    2.5458360000e+06    2.4380335624e+01    9.9996517973e-01
        76   -5.9271439806e+00    3.5162605073e+01   -9.6528110674e+00    3.7256670868e+00    7.7017194297e+00    7.0352107511e+00   -2.5148160738e+01    7.5841948999e-01    2.5260460000e+06    2.4555459856e+01    9.9996565789e-01
        77   -5.9245469145e+00    3.5134790066e+01   -9.6642817259e+00    3.7397348114e+00    7.6931279441e+00    7.0352107511e+00   -2.5195323914e+01    8.0270349273e-01    2.5083530000e+06    2.4334098100e+01    9.9996351935e-01
        78   -5.9248620331e+00    3.5139857197e+01   -9.7075879870e+00    3.7827259540e+00    7.6940063822e+00    7.0352107511e+00   -2.5227767488e+01    7.9096236784e-01    2.5113450000e+06    2.5048135864e+01    9.9996287333e-01
        79   -5.9252698028e+00    3.5141309093e+01   -9.6500211993e+00    3.7247513966e+00    7.6845363006e+00    7.0352107511e+00   -2.5152252720e+01    7.8248446862e-01    2.5148050000e+06    2.4411279010e+01    9.9996146845e-01
        80   -5.9270343102e+00    3.5164049268e+01   -9.6972572096e+00    3.7702228995e+00    7.6946171360e+00    7.0352107511e+00   -2.5190636383e+01    7.6355128622e-01    2.5103520000e+06    2.4960586247e+01    9.9996390302e-01
        81   -5.9275983346e+00    3.5169079161e+01   -9.7109974659e+00    3.7833991313e+00    7.7343450101e+00    7.0352107511e+00   -2.5252612258e+01    7.7205903040e-01    2.5259100000e+06    2.4929957513e+01    9.9996392078e-01
        82   -5.9271837304e+00    3.5166104037e+01   -9.6774742163e+00    3.7502904859e+00    7.7270642960e+00    7.0352107511e+00   -2.5224157318e+01    7.8440805491e-01    2.5154350000e+06    2.4626056258e+01    9.9996283815e-01
        83   -5.9287948157e+00    3.5185673490e+01   -9.6829216679e+00    3.7541268522e+00    7.7192188229e+00    7.0352107511e+00   -2.5223305910e+01    7.8595466818e-01    2.5147310000e+06    2.5046152594e+01    9.9996491133e-01
        84   -5.9298236596e+00    3.5198209769e+01   -9.6951616786e+00    3.7653380189e+00    7.6942776849e+00    7.0352107511e+00   -2.5188318940e+01    7.6366882531e-01    2.5149530000e+06    2.4946194066e+01    9.9996481355e-01
        85   -5.9238467698e+00    3.5132153891e+01   -9.6805620860e+00    3.7567153162e+00    7.6909612114e+00    7.0352107511e+00   -2.5192754153e+01    7.8602010482e-01    2.5288230000e+06    2.4689251547e+01    9.9996291868e-01
        86   -5.9261211281e+00    3.5152894155e+01   -9.7283804368e+00    3.8022593087e+00    7.6851367124e+00    7.0352107511e+00   -2.5216764253e+01    7.6803635286e-01    2.5317830000e+06    2.4548295582e+01    9.9996405154e-01
        87   -5.9271955607e+00    3.5165640093e+01   -9.6925664780e+00    3.7653709173e+00    7.6918935781e+00    7.0352107511e+00   -2.5207136664e+01    7.8746585640e-01    2.5208670000e+06    2.4404061283e+01    9.9996008250e-01
        88   -5.9328111734e+00    3.5234491072e+01   -9.7318132069e+00    3.7990020335e+00    7.6797276290e+00    7.0352107511e+00   -2.5225506782e+01    7.7875519451e-01    2.5365370000e+06    2.4698689977e+01    9.9996191576e-01
        89   -5.9262243308e+00    3.5156352467e+01   -9.6874999247e+00    3.7612755939e+00    7.6711220432e+00    7.0352107511e+00   -2.5160226183e+01    7.6639346366e-01    2.5263010000e+06    2.4250921399e+01    9.9996492689e-01
        90   -5.9287568525e+00    3.5183017539e+01   -9.7251632169e+00    3.7964063644e+00    7.6778630798e+00    7.0352107511e+00   -2.5188537438e+01    7.5030038986e-01    2.5218470000e+06    2.4732274484e+01    9.9996347267e-01
        91   -5.9319600188e+00    3.5222769572e+01   -9.7289842440e+00    3.7970242252e+00    7.6717050516e+00    7.0352107511e+00   -2.5184017780e+01    7.4811773350e-01    2.5170640000e+06    2.4645937743e+01    9.9996296143e-01
        92   -5.9285973179e+00    3.5182535141e+01   -9.7335609536e+00    3.8049636358e+00    7.6761586756e+00    7.0352107511e+00   -2.5243431819e+01    7.9850143878e-01    2.5297140000e+06    2.4947390150e+01    9.9996220566e-01
        93   -5.9274346916e+00    3.5167959482e+01   -9.6966438079e+00    3.7692091163e+00    7.6686712376e+00    7.0352107511e+00   -2.5178356294e+01    7.7783049719e-01    2.5242370000e+06    2.4716150854e+01    9.9996275511e-01
        94   -5.9279014079e+00    3.5174759416e+01   -9.7235692649e+00    3.7956678570e+00    7.6679823260e+00    7.0352107511e+00   -2.5225346251e+01    7.9858390909e-01    2.5416500000e+06    2.4269259009e+01    9.9996119615e-01
        95   -5.9305361190e+00    3.5210340970e+01   -9.7070790792e+00    3.7765429602e+00    7.6728770862e+00    7.0352107511e+00   -2.5211985238e+01    7.9681832119e-01    2.5494510000e+06    2.4485490691e+01    9.9996258296e-01
        96   -5.9308771203e+00    3.5212192761e+01   -9.6963612000e+00    3.7654840797e+00    7.6722460191e+00    7.0352107511e+00   -2.5167406808e+01    7.6358883786e-01    2.5292170000e+06    2.4855813385e+01    9.9996293506e-01
        97   -5.9278444420e+00    3.5169362567e+01   -9.6813613173e+00    3.7535168753e+00    7.6663306048e+00    7.0352107511e+00   -2.5119380461e+01    7.3647778769e-01    2.5283580000e+06    2.4864396729e+01    9.9996307719e-01
        98   -5.9276062303e+00    3.5169087894e+01   -9.6981957154e+00    3.7705894851e+00    7.6739555965e+00    7.0352107511e+00   -2.5161006147e+01    7.5364408370e-01    2.5231270000e+06    2.4387153245e+01    9.9996353983e-01
        99   -5.9279453733e+00    3.5173946591e+01   -9.6836469372e+00    3.7557015639e+00    7.6779910436e+00    7.0352107511e+00   -2.5134001986e+01    7.3715325413e-01    2.5240010000e+06    2.4549116693e+01    9.9996532948e-01
       100   -5.9292040086e+00    3.5187375540e+01   -9.6748628252e+00    3.7456588166e+00    7.6912914146e+00    7.0352107511e+00   -2.5164369257e+01    7.6300426639e-01    2.5301720000e+06    2.4447061610e+01    9.9996477325e-01
       101   -5.9288385977e+00    3.5238812294e+01   -9.6837174431e+00    3.7548788454e+00    7.6669994515e+00    7.0352107511e+00   -2.5188293478e+01    8.0236583206e-01    2.5321530000e+06    2.4232674398e+01    9.9996238274e-01
       102   -5.9281456278e+00    3.5179527280e+01   -9.6727220337e+00    3.7445764059e+00    7.6842502811e+00    7.0352107511e+00   -2.5157589626e+01    7.6540656041e-01    2.5211870000e+06    2.4463432308e+01    9.9996420615e-01
       103   -5.9274619903e+00    3.5170788470e+01   -9.6541004739e+00    3.7266384836e+00    7.6719317715e+00    7.0352107511e+00   -2.5142624686e+01    7.8138168976e-01    2.5096350000e+06    2.4674459332e+01    9.9996215088e-01
       104   -5.9256502679e+00    3.5151315216e+01   -9.6556135109e+00    3.7299632431e+00    7.6903616298e+00    7.0352107511e+00   -2.5178932755e+01    7.9774686323e-01    2.5060460000e+06    2.4467790833e+01    9.9996318822e-01
       105   -5.9285133373e+00    3.5184075806e+01   -9.6733128058e+00    3.7447994685e+00    7.6860063054e+00    7.0352107511e+00   -2.5201465338e+01    8.0693547528e-01    2.5160270000e+06    2.4759910799e+01    9.9996532591e-01
       106   -5.9271659964e+00    3.5164594356e+01   -9.6499849247e+00    3.7228189283e+00    7.6986917200e+00    7.0352107511e+00   -2.5161941114e+01    7.7805371860e-01    2.5221300000e+06    2.4731068348e+01    9.9996431347e-01
       107   -5.9303621197e+00    3.5204489770e+01   -9.6739909102e+00    3.7436287905e+00    7.6573175675e+00    7.0352107511e+00   -2.5124889820e+01    7.5837059156e-01    2.5238380000e+06    2.4268947294e+01    9.9996444016e-01
       108   -5.9258724592e+00    3.5148930100e+01   -9.7296425128e+00    3.8037700536e+00    7.6610634155e+00    7.0352107511e+00   -2.5184778503e+01    7.5886182336e-01    2.5254560000e+06    2.4388154144e+01    9.9996332707e-01
       109   -5.9285605689e+00    3.5180066843e+01   -9.6923844711e+00    3.7638239022e+00    7.6805764741e+00    7.0352107511e+00   -2.5173480920e+01    7.6530922412e-01    2.5176780000e+06    2.4674779386e+01    9.9996321301e-01
       110   -5.9267842032e+00    3.5166502068e+01   -9.6857935131e+00    3.7590093100e+00    7.6700067019e+00    7.0352107511e+00   -2.5155185925e+01    7.6417495909e-01    2.5197230000e+06    2.4768395148e+01    9.9996526933e-01
       111   -5.9255831171e+00    3.5145430902e+01   -9.6866613920e+00    3.7610782749e+00    7.6866212638e+00    7.0352107511e+00   -2.5158714001e+01    7.5022059409e-01    2.5037360000e+06    2.4734610092e+01    9.9996494952e-01
       112   -5.9261348873e+00    3.5154440019e+01   -9.6646136046e+00    3.7384787173e+00    7.7095961935e+00    7.0352107511e+00   -2.5207996593e+01    7.9857604358e-01    2.5067180000e+06    2.4806733452e+01    9.9996414333e-01
       113   -5.9276549057e+00    3.5168415161e+01   -9.6975961504e+00    3.7699412448e+00    7.7000343223e+00    7.0352107511e+00   -2.5177082497e+01    7.4424127339e-01    2.4984180000e+06    2.4597616072e+01    9.9996362511e-01
       114   -5.9275103852e+00    3.5168387497e+01   -9.7098649349e+00    3.7823545497e+00    7.7078226201e+00    7.0352107511e+00   -2.5209499562e+01    7.5660125623e-01    2.4983720000e+06    2.4628729834e+01    9.9996598513e-01
       115   -5.9265138693e+00    3.5155040368e+01   -9.7195838439e+00    3.7930699746e+00    7.6792576770e+00    7.0352107511e+00   -2.5190416315e+01    7.5636404325e-01    2.5043180000e+06    2.4705023505e+01    9.9996186472e-01
       116   -5.9242431049e+00    3.5131694271e+01   -9.7188907606e+00    3.7946476557e+00    7.7011475145e+00    7.0352107511e+00   -2.5236854145e+01    7.8160511863e-01    2.5125030000e+06    2.4345399536e+01    9.9996448001e-01
       117   -5.9256958363e+00    3.5147488103e+01   -9.7120770674e+00    3.7863812311e+00    7.7045144807e+00    7.0352107511e+00   -2.5216651036e+01    7.6484873722e-01    2.5007920000e+06    2.4836585812e+01    9.9996200406e-01
       118   -5.9259696348e+00    3.5155324439e+01   -9.7021907821e+00    3.7762211473e+00    7.6756750158e+00    7.0352107511e+00   -2.5171535830e+01    7.5845928120e-01    2.5040180000e+06    2.4254096919e+01    9.9996739983e-01
       119   -5.9266215575e+00    3.5159805245e+01   -9.6535363758e+00    3.7269148183e+00    7.6682021152e+00    7.0352107511e+00   -2.5137463430e+01    7.8051418770e-01    2.5145710000e+06    2.4814215176e+01    9.9996430729e-01
       120   -5.9287020081e+00    3.5183385005e+01   -9.6817428792e+00    3.7530408711e+00    7.6822021394e+00    7.0352107511e+00   -2.5190083447e+01    7.9092767722e-01    2.5256210000e+06    2.4756393834e+01    9.9996377182e-01
       121   -5.9270790178e+00    3.5163059269e+01   -9.6971242515e+00    3.7700452337e+00    7.6650284342e+00    7.0352107511e+00   -2.5175472512e+01    7.7810907551e-01    2.5267990000e+06    2.4402348822e+01    9.9995982570e-01
       122   -5.9277290698e+00    3.5170189442e+01   -9.7013699152e+00    3.7736408454e+00    7.6738412367e+00    7.0352107511e+00   -2.5173894048e+01    7.6347214454e-01    2.5366940000e+06    2.4564412525e+01    9.9996426965e-01
       123   -5.9298811238e+00    3.5199879763e+01   -9.6868935318e+00    3.7570124081e+00    7.6711398419e+00    7.0352107511e+00   -2.5152461843e+01    7.5921771852e-01    2.5253040000e+06    2.4446950941e+01    9.9996341917e-01
       124   -5.9281773186e+00    3.5177424558e+01   -9.6923267613e+00    3.7641494427e+00    7.6555257830e+00    7.0352107511e+00   -2.5131492388e+01    7.4842909238e-01    2.5238950000e+06    2.4378340923e+01    9.9996340008e-01
       125   -5.9239528786e+00    3.5129176045e+01   -9.6865064910e+00    3.7625536124e+00    7.6926568113e+00    7.0352107511e+00   -2.5198626994e+01    7.8425294027e-01    2.5309200000e+06    2.4719727614e+01    9.9996547315e-01
       126   -5.9279591253e+00    3.5177540178e+01   -9.6844632530e+00    3.7565041277e+00    7.6834879879e+00    7.0352107511e+00   -2.5180679679e+01    7.7751768730e-01    2.5352200000e+06    2.4711122932e+01    9.9996276919e-01
       127   -5.9302897475e+00    3.5200678547e+01   -9.6861201886e+00    3.7558304412e+00    7.6755385091e+00    7.0352107511e+00   -2.5171276655e+01    7.7440720663e-01    2.5200650000e+06    2.4509211132e+01    9.9996443047e-01
       128   -5.9290057627e+00    3.5187244228e+01   -9.6984704035e+00    3.7694646409e+00    7.7010340541e+00    7.0352107511e+00   -2.5189777530e+01    7.5506232160e-01    2.5210700000e+06    2.4785797015e+01    9.9996390377e-01
       129   -5.9270991045e+00    3.5161554998e+01   -9.7349193674e+00    3.8078202629e+00    7.6855041406e+00    7.0352107511e+00   -2.5229256964e+01    7.7362270472e-01    2.5223810000e+06    2.4456584014e+01    9.9996482651e-01
       130   -5.9289832836e+00    3.5185792074e+01   -9.7180953869e+00    3.7891121033e+00    7.6904147169e+00    7.0352107511e+00   -2.5223152172e+01    7.7943131709e-01    2.5324660000e+06    2.4618391489e+01    9.9996367337e-01
       131   -5.9268823811e+00    3.5160530551e+01   -9.6842504303e+00    3.7573680492e+00    7.6967788376e+00    7.0352107511e+00   -2.5182548121e+01    7.6630810164e-01    2.5155400000e+06    2.4581978151e+01    9.9996367622e-01
       132   -5.9275161883e+00    3.5172851338e+01   -9.7139627639e+00    3.7864465757e+00    7.7012785180e+00    7.0352107511e+00   -2.5267997168e+01    8.1754513460e-01    2.5034510000e+06    2.4816937756e+01    9.9996244569e-01
       133   -5.9305904903e+00    3.5207044176e+01   -9.7301988689e+00    3.7996083786e+00    7.6852942595e+00    7.0352107511e+00   -2.5226958516e+01    7.7625463662e-01    2.4971620000e+06    2.4802851347e+01    9.9996485594e-01
       134   -5.9311167524e+00    3.5212245908e+01   -9.7213642203e+00    3.7902474680e+00    7.6829507339e+00    7.0352107511e+00   -2.5211820140e+01    7.7229443496e-01    2.5240320000e+06    2.4681179631e+01    9.9996256376e-01
       135   -5.9312242583e+00    3.5211935626e+01   -9.6932633997e+00    3.7620391414e+00    7.6573462522e+00    7.0352107511e+00   -2.5146681695e+01    7.6086129213e-01    2.5255000000e+06    2.4385933890e+01    9.9996441032e-01
       136   -5.9278907957e+00    3.5176131203e+01   -9.6996982851e+00    3.7718074893e+00    7.6464201643e+00    7.0352107511e+00   -2.5165292919e+01    7.8396371887e-01    2.5441590000e+06    2.4366455201e+01    9.9996149457e-01
       137   -5.9292443769e+00    3.5190612688e+01   -9.6924221508e+00    3.7631777739e+00    7.6510503308e+00    7.0352107511e+00   -2.5166846474e+01    7.8816324090e-01    2.5283930000e+06    2.4377913870e+01    9.9996193450e-01
       138   -5.9294669534e+00    3.5195795023e+01   -9.6747555981e+00    3.7452886447e+00    7.6636233099e+00    7.0352107511e+00   -2.5130599038e+01    7.5700937843e-01    2.5169490000e+06    2.4436918828e+01    9.9996380164e-01
       139   -5.9265571967e+00    3.5162446275e+01   -9.6616636408e+00    3.7351064441e+00    7.7066892966e+00    7.0352107511e+00   -2.5209540987e+01    8.0597729888e-01    2.5231100000e+06    2.5471758185e+01    9.9996031537e-01
       140   -5.9288100086e+00    3.5189538104e+01   -9.6690609192e+00    3.7402509106e+00    7.6897471615e+00    7.0352107511e+00   -2.5208949486e+01    8.1493065390e-01    2.5233210000e+06    2.4372256903e+01    9.9996412830e-01
       141   -5.9203452255e+00    3.5083543819e+01   -9.6951440269e+00    3.7747988014e+00    7.6756354659e+00    7.0352107511e+00   -2.5189328063e+01    7.8333781951e-01    2.5212310000e+06    2.4788947775e+01    9.9996504062e-01
       142   -5.9253606869e+00    3.5144030872e+01   -9.6950243085e+00    3.7696636215e+00    7.6835436109e+00    7.0352107511e+00   -2.5177551051e+01    7.6377238099e-01    2.4957730000e+06    2.4641960176e+01    9.9996209368e-01
       143   -5.9266812405e+00    3.5160839892e+01   -9.6537056772e+00    3.7270244367e+00    7.6824773118e+00    7.0352107511e+00   -2.5170020354e+01    7.9862661418e-01    2.5029430000e+06    2.4192535719e+01    9.9996124009e-01
       144   -5.9274659809e+00    3.5169659229e+01   -9.6611919686e+00    3.7337259877e+00    7.6726832010e+00    7.0352107511e+00   -2.5108317909e+01    7.3923198862e-01    2.5219410000e+06    2.4243293598e+01    9.9996332057e-01
       145   -5.9296422942e+00    3.5196806227e+01   -9.7045181729e+00    3.7748758787e+00    7.6713468141e+00    7.0352107511e+00   -2.5172804088e+01    7.6172835039e-01    2.5239020000e+06    2.4675431392e+01    9.9996320366e-01
       146   -5.9313772885e+00    3.5217025216e+01   -9.6957601364e+00    3.7643828480e+00    7.6927607085e+00    7.0352107511e+00   -2.5212976698e+01    7.8924510150e-01    2.5377220000e+06    2.5072604931e+01    9.9996201141e-01
       147   -5.9276055335e+00    3.5171693544e+01   -9.6746569880e+00    3.7470514545e+00    7.6607247915e+00    7.0352107511e+00   -2.5129345476e+01    7.5875294516e-01    2.5256830000e+06    2.4512808699e+01    9.9996287730e-01
       148   -5.9295998233e+00    3.5190495715e+01   -9.6735956228e+00    3.7439957996e+00    7.6430332449e+00    7.0352107511e+00   -2.5093289775e+01    7.4145015582e-01    2.5206370000e+06    2.4752481322e+01    9.9996171916e-01
       149   -5.9260185346e+00    3.5153302706e+01   -9.6716893296e+00    3.7456707950e+00    7.6739435126e+00    7.0352107511e+00   -2.5137905167e+01    7.5706157325e-01    2.5377390000e+06    2.4868327692e+01    9.9996207481e-01
       150   -5.9288363011e+00    3.5186026279e+01   -9.6868875510e+00    3.7580512499e+00    7.6588340050e+00    7.0352107511e+00   -2.5145734047e+01    7.6480173937e-01    2.5125150000e+06    2.4503597960e+01    9.9996272893e-01
       151   -5.9263751029e+00    3.5155089467e+01   -9.7202995663e+00    3.7939244634e+00    7.6691454218e+00    7.0352107511e+00   -2.5175686379e+01    7.5103063932e-01    2.5106640000e+06    2.4438712874e+01    9.9996593874e-01
       152   -5.9297427774e+00    3.5194510763e+01   -9.7395296260e+00    3.8097868486e+00    7.6471447217e+00    7.0352107511e+00   -2.5157824930e+01    7.3593983137e-01    2.5205870000e+06    2.4553747759e+01    9.9996408917e-01
       153   -5.9306066871e+00    3.5208380486e+01   -9.7090564268e+00    3.7784497397e+00    7.6240421420e+00    7.0352107511e+00   -2.5117358098e+01    7.4904877783e-01    2.5133030000e+06    2.4583710354e+01    9.9996175019e-01
       154   -5.9257627478e+00    3.5149655516e+01   -9.6777585104e+00    3.7519957626e+00    7.6407131242e+00    7.0352107511e+00   -2.5135668718e+01    7.8198633244e-01    2.5153760000e+06    2.4472028161e+01    9.9996376809e-01
       155   -5.9271871765e+00    3.5168455030e+01   -9.6884579586e+00    3.7612707821e+00    7.6529336441e+00    7.0352107511e+00   -2.5160598582e+01    7.8399622788e-01    2.5181490000e+06    2.4233627856e+01    9.9996126685e-01
       156   -5.9261703603e+00    3.5154377610e+01   -9.7031579111e+00    3.7769875508e+00    7.6731521614e+00    7.0352107511e+00   -2.5215105296e+01    8.0358447206e-01    2.5168400000e+06    2.4869074327e+01    9.9996092161e-01
       157   -5.9235514768e+00    3.5123130519e+01   -9.7406777918e+00    3.8171263150e+00    7.6911072725e+00    7.0352107511e+00   -2.5271772615e+01    8.0477679953e-01    2.5074810000e+06    2.4474394504e+01    9.9996080169e-01
       158   -5.9247696734e+00    3.5136809915e+01   -9.7198508877e+00    3.7950812142e+00    7.6842200766e+00    7.0352107511e+00   -2.5238698484e+01    7.9941676843e-01    2.5037610000e+06    2.4157534871e+01    9.9996304958e-01
       159   -5.9283797488e+00    3.5178101797e+01   -9.7439974250e+00    3.8156176762e+00    7.6683979080e+00    7.0352107511e+00   -2.5228386419e+01    7.8078033469e-01    2.5054930000e+06    2.4487078014e+01    9.9996113745e-01
       160   -5.9235540547e+00    3.5120885557e+01   -9.6975638607e+00    3.7740098060e+00    7.6692456852e+00    7.0352107511e+00   -2.5159378137e+01    7.5735783949e-01    2.5160530000e+06    2.4328711372e+01    9.9996278215e-01
       161   -5.9265998535e+00    3.5157672427e+01   -9.6835514087e+00    3.7569515552e+00    7.6749536670e+00    7.0352107511e+00   -2.5165837511e+01    7.7212168391e-01    2.5264200000e+06    2.4668952428e+01    9.9996561256e-01
       162   -5.9260868978e+00    3.5152182511e+01   -9.6908064092e+00    3.7647195114e+00    7.6716134888e+00    7.0352107511e+00   -2.5178680342e+01    7.8104969277e-01    2.5108540000e+06    2.4916209986e+01    9.9996593948e-01
       163   -5.9280382446e+00    3.5175524808e+01   -9.6906278121e+00    3.7625895675e+00    7.6729129167e+00    7.0352107511e+00   -2.5159804220e+01    7.6105274038e-01    2.5282980000e+06    2.4598083862e+01    9.9996346174e-01
       164   -5.9288911171e+00    3.5185003641e+01   -9.6798337734e+00    3.7509426563e+00    7.6701075735e+00    7.0352107511e+00   -2.5172200853e+01    7.8704875505e-01    2.5285400000e+06    2.4759807247e+01    9.9996346992e-01
       165   -5.9295290644e+00    3.5191522136e+01   -9.6479095260e+00    3.7183804616e+00    7.6507892542e+00    7.0352107511e+00   -2.5100925713e+01    7.6701618194e-01    2.5117510000e+06    2.4561822680e+01    9.9996461898e-01
       166   -5.9278594494e+00    3.5172727145e+01   -9.7027167830e+00    3.7748573335e+00    7.6541622649e+00    7.0352107511e+00   -2.5145691118e+01    7.5360131897e-01    2.5171360000e+06    2.4492138174e+01    9.9996228973e-01
       167   -5.9282867065e+00    3.5178380377e+01   -9.6680559493e+00    3.7397692428e+00    7.6714579351e+00    7.0352107511e+00   -2.5152702966e+01    7.7797833092e-01    2.5190320000e+06    2.4539095589e+01    9.9996194342e-01
       168   -5.9289771276e+00    3.5187728558e+01   -9.6840913781e+00    3.7551142505e+00    7.6681759463e+00    7.0352107511e+00   -2.5166174519e+01    7.7869644314e-01    2.5179940000e+06    2.4566194256e+01    9.9996336701e-01
       169   -5.9267484163e+00    3.5161331152e+01   -9.6673416222e+00    3.7405932059e+00    7.6691534717e+00    7.0352107511e+00   -2.5115186739e+01    7.4348089356e-01    2.5291600000e+06    2.4797970121e+01    9.9996470833e-01
       170   -5.9304239208e+00    3.5207492099e+01   -9.6529422623e+00    3.7225183415e+00    7.6737887336e+00    7.0352107511e+00   -2.5120927429e+01    7.5898568167e-01    2.5220170000e+06    2.4573122828e+01    9.9996416925e-01
       171   -5.9316978452e+00    3.5217298613e+01   -9.6757966143e+00    3.7440987690e+00    7.6636331873e+00    7.0352107511e+00   -2.5132427191e+01    7.5778663866e-01    2.5266970000e+06    2.4943225465e+01    9.9996402850e-01
       172   -5.9280790922e+00    3.5174734920e+01   -9.6965715767e+00    3.7684924845e+00    7.6845899281e+00    7.0352107511e+00   -2.5161917131e+01    7.4554487493e-01    2.5175280000e+06    2.4521823949e+01    9.9996528828e-01
       173   -5.9309036004e+00    3.5209193150e+01   -9.6759832956e+00    3.7450796952e+00    7.6810246103e+00    7.0352107511e+00   -2.5144647932e+01    7.5242927543e-01    2.5192080000e+06    2.4494039526e+01    9.9996179157e-01
       174   -5.9314468334e+00    3.5215843386e+01   -9.6538919538e+00    3.7224451203e+00    7.6633348225e+00    7.0352107511e+00   -2.5086064467e+01    7.3362693950e-01    2.5232810000e+06    2.5216954088e+01    9.9996319443e-01
       175   -5.9306947172e+00    3.5209224660e+01   -9.6830714895e+00    3.7523767724e+00    7.6692981937e+00    7.0352107511e+00   -2.5131811689e+01    7.4423125413e-01    2.5270040000e+06    2.4405100919e+01    9.9996215414e-01
       176   -5.9301379497e+00    3.5201254922e+01   -9.7162884795e+00    3.7861505298e+00    7.6838444319e+00    7.0352107511e+00   -2.5206229157e+01    7.7088549411e-01    2.5217940000e+06    2.5164747485e+01    9.9996534711e-01
       177   -5.9260379998e+00    3.5153379048e+01   -9.6599096437e+00    3.7338716440e+00    7.6722640515e+00    7.0352107511e+00   -2.5133295091e+01    7.6591064510e-01    2.5243140000e+06    2.4934994855e+01    9.9996480084e-01
       178   -5.9261729514e+00    3.5151248784e+01   -9.7025558243e+00    3.7763828729e+00    7.6708484952e+00    7.0352107511e+00   -2.5149161815e+01    7.4054674453e-01    2.5317570000e+06    2.4877395215e+01    9.9996479532e-01
       179   -5.9281812098e+00    3.5176825739e+01   -9.6762763373e+00    3.7480951274e+00    7.6681212555e+00    7.0352107511e+00   -2.5132030205e+01    7.5242186148e-01    2.5114280000e+06    2.4481668313e+01    9.9996476855e-01
       180   -5.9257107575e+00    3.5148537855e+01   -9.7014082261e+00    3.7756974687e+00    7.6759825187e+00    7.0352107511e+00   -2.5171911758e+01    7.5931026238e-01    2.5129510000e+06    2.4560887137e+01    9.9996263812e-01
       181   -5.9257925559e+00    3.5145722728e+01   -9.7033080670e+00    3.7775155111e+00    7.6777530370e+00    7.0352107511e+00   -2.5167889882e+01    7.5161802673e-01    2.4938100000e+06    2.4477877313e+01    9.9996411632e-01
       182   -5.9307842816e+00    3.5206764992e+01   -9.6817821534e+00    3.7509978718e+00    7.6773687960e+00    7.0352107511e+00   -2.5150883471e+01    7.5652177075e-01    2.5054620000e+06    2.4357527271e+01    9.9996418098e-01
       183   -5.9299234235e+00    3.5202157299e+01   -9.6411352410e+00    3.7112118175e+00    7.6582352735e+00    7.0352107511e+00   -2.5128925677e+01    7.9434441116e-01    2.5034340000e+06    2.4767434219e+01    9.9996215969e-01
       184   -5.9319398707e+00    3.5225676134e+01   -9.6777928873e+00    3.7458530166e+00    7.6683546956e+00    7.0352107511e+00   -2.5172498706e+01    7.9114037178e-01    2.5060330000e+06    2.4396802368e+01    9.9996298407e-01
       185   -5.9330820296e+00    3.5234048802e+01   -9.7194805863e+00    3.7863985567e+00    7.6935498347e+00    7.0352107511e+00   -2.5197918182e+01    7.4967700999e-01    2.5065930000e+06    2.4648650528e+01    9.9996164992e-01
       186   -5.9305547530e+00    3.5205892321e+01   -9.7224183626e+00    3.7918636096e+00    7.6719207290e+00    7.0352107511e+00   -2.5164533224e+01    7.3498338105e-01    2.5169990000e+06    2.4593060794e+01    9.9996269841e-01
       187   -5.9300505806e+00    3.5197551434e+01   -9.7051680900e+00    3.7751175094e+00    7.6632721961e+00    7.0352107511e+00   -2.5145881407e+01    7.4223036993e-01    2.5137090000e+06    2.4797803042e+01    9.9996344973e-01
       188   -5.9289743271e+00    3.5188388223e+01   -9.6832481012e+00    3.7542737741e+00    7.6726882683e+00    7.0352107511e+00   -2.5169040503e+01    7.7789338210e-01    2.5382220000e+06    2.4423651092e+01    9.9996255622e-01
       189   -5.9264137873e+00    3.5154532106e+01   -9.6899967429e+00    3.7635829556e+00    7.6780045082e+00    7.0352107511e+00   -2.5138544225e+01    7.3533222314e-01    2.5264090000e+06    2.4597782959e+01    9.9996333967e-01
       190   -5.9267340823e+00    3.5160560937e+01   -9.6570304909e+00    3.7302964086e+00    7.6622051672e+00    7.0352107511e+00   -2.5093461166e+01    7.3901475721e-01    2.5180160000e+06    2.4363209066e+01    9.9996486261e-01
       191   -5.9328559032e+00    3.5232018824e+01   -9.7090640707e+00    3.7762081675e+00    7.6668228705e+00    7.0352107511e+00   -2.5158005361e+01    7.4690766820e-01    2.5367600000e+06    2.4666625291e+01    9.9996369749e-01
       192   -5.9255694587e+00    3.5145023228e+01   -9.7227213703e+00    3.7971519116e+00    7.6889061464e+00    7.0352107511e+00   -2.5223945771e+01    7.7710750337e-01    2.5205360000e+06    2.4791111376e+01    9.9996616948e-01
       193   -5.9251302166e+00    3.5142211076e+01   -9.7069603693e+00    3.7818301527e+00    7.6764473827e+00    7.0352107511e+00   -2.5202904612e+01    7.8428610846e-01    2.5218510000e+06    2.4438250777e+01    9.9996040241e-01
       194   -5.9293084105e+00    3.5191421790e+01   -9.7188672507e+00    3.7895588402e+00    7.6678582905e+00    7.0352107511e+00   -2.5223965833e+01    8.0202954048e-01    2.5282650000e+06    2.4456593881e+01    9.9996598650e-01
       195   -5.9308165933e+00    3.5209962552e+01   -9.6966429713e+00    3.7658263780e+00    7.6783852046e+00    7.0352107511e+00   -2.5188743321e+01    7.7850439415e-01    2.5264470000e+06    2.4862648054e+01    9.9996397493e-01
       196   -5.9279974415e+00    3.5174550625e+01   -9.6808169852e+00    3.7528195437e+00    7.6589578207e+00    7.0352107511e+00   -2.5134912270e+01    7.5992671253e-01    2.5305340000e+06    2.4786845257e+01    9.9996334834e-01
       197   -5.9270863837e+00    3.5165383548e+01   -9.6925444807e+00    3.7654580970e+00    7.6760473194e+00    7.0352107511e+00   -2.5193132671e+01    7.8933011940e-01    2.5278450000e+06    2.4502523632e+01    9.9996133203e-01
       198   -5.9303563556e+00    3.5202500887e+01   -9.7254136066e+00    3.7950572509e+00    7.6727926019e+00    7.0352107511e+00   -2.5204162286e+01    7.7074532604e-01    2.5226810000e+06    2.4826845308e+01    9.9996378108e-01
       199   -5.9303820412e+00    3.5202683549e+01   -9.7058348300e+00    3.7754527887e+00    7.6976656850e+00    7.0352107511e+00   -2.5203769738e+01    7.6505847233e-01    2.5189890000e+06    2.4918166533e+01    9.9996323308e-01
       200   -5.9282998036e+00    3.5178191526e+01   -9.7194755830e+00    3.7911757794e+00    7.6993673154e+00    7.0352107511e+00   -2.5250408560e+01    7.9635491084e-01    2.5268880000e+06    2.4666738452e+01    9.9996052848e-01
       201   -5.9311692065e+00    3.5216236978e+01   -9.7096479731e+00    3.7784787666e+00    7.6905511037e+00    7.0352107511e+00   -2.5209233677e+01    7.7382384867e-01    2.5265490000e+06    2.4801780496e+01    9.9996181153e-01
       202   -5.9277863628e+00    3.5171913436e+01   -9.7352583165e+00    3.8074719537e+00    7.7129630541e+00    7.0352107511e+00   -2.5234633216e+01    7.5120109425e-01    2.5165050000e+06    2.4466405596e+01    9.9996518571e-01
       203   -5.9292329907e+00    3.5188106008e+01   -9.7137182058e+00    3.7844852151e+00    7.6911061025e+00    7.0352107511e+00   -2.5189860758e+01    7.4982569813e-01    2.5050560000e+06    2.4609347301e+01    9.9996321833e-01
       204   -5.9299402607e+00    3.5198411830e+01   -9.7166893959e+00    3.7867491352e+00    7.6922194831e+00    7.0352107511e+00   -2.5218412561e+01    7.7429293059e-01    2.5169370000e+06    2.4493901299e+01    9.9996369534e-01
       205   -5.9330818605e+00    3.5236862017e+01   -9.6855118326e+00    3.7524299721e+00    7.7117947944e+00    7.0352107511e+00   -2.5218997943e+01    7.8648056529e-01    2.5182400000e+06    2.5020072351e+01    9.9996227858e-01
       206   -5.9304910579e+00    3.5208150385e+01   -9.6901473548e+00    3.7596562970e+00    7.7057104253e+00    7.0352107511e+00   -2.5211476427e+01    7.8040789550e-01    2.5288480000e+06    2.5150580276e+01    9.9996184187e-01
       207   -5.9279504476e+00    3.5175472961e+01   -9.7181917565e+00    3.7902413089e+00    7.7137623341e+00    7.0352107511e+00   -2.5251672406e+01    7.8450756400e-01    2.5216740000e+06    2.4677912894e+01    9.9996336847e-01
       208   -5.9266420148e+00    3.5159828220e+01   -9.6916806225e+00    3.7650386078e+00    7.6859396367e+00    7.0352107511e+00   -2.5191089172e+01    7.7825816204e-01    2.5231210000e+06    2.4637160599e+01    9.9995997186e-01
       209   -5.9279402827e+00    3.5173374457e+01   -9.6804604968e+00    3.7525202141e+00    7.6740153044e+00    7.0352107511e+00   -2.5181098582e+01    7.9141202980e-01    2.5245620000e+06    2.5018087723e+01    9.9996425211e-01
       210   -5.9279652177e+00    3.5174388903e+01   -9.6195036385e+00    3.6915384209e+00    7.6775043804e+00    7.0352107511e+00   -2.5095903657e+01    7.6368488687e-01    2.5153360000e+06    2.4652126016e+01    9.9996664994e-01
       211   -5.9266477729e+00    3.5158516156e+01   -9.6860253533e+00    3.7593775804e+00    7.6922424815e+00    7.0352107511e+00   -2.5192953489e+01    7.7947490290e-01    2.5101140000e+06    2.4685904878e+01    9.9996310636e-01
       212   -5.9274169022e+00    3.5167843193e+01   -9.6970841955e+00    3.7696672933e+00    7.6929585563e+00    7.0352107511e+00   -2.5195364197e+01    7.7011069369e-01    2.5087910000e+06    2.4643529224e+01    9.9996343275e-01
       213   -5.9296830403e+00    3.5196082963e+01   -9.7068853384e+00    3.7772022981e+00    7.6850938173e+00    7.0352107511e+00   -2.5199391764e+01    7.7220185699e-01    2.5125030000e+06    2.4641440854e+01    9.9996178633e-01
       214   -5.9257921858e+00    3.5172508618e+01   -9.6713780508e+00    3.7455858650e+00    7.6640222934e+00    7.0352107511e+00   -2.5131830496e+01    7.6121940062e-01    2.5067330000e+06    2.4596990105e+01    9.9996454729e-01
       215   -5.9219078676e+00    3.5102756663e+01   -9.6874143028e+00    3.7655064352e+00    7.6773521504e+00    7.0352107511e+00   -2.5176955558e+01    7.7697835338e-01    2.5070740000e+06    2.4611376837e+01    9.9996374084e-01
       216   -5.9296031364e+00    3.5191866406e+01   -9.6570784300e+00    3.7274752936e+00    7.6999572964e+00    7.0352107511e+00   -2.5160408424e+01    7.6816194613e-01    2.5227580000e+06    2.4710041419e+01    9.9996724627e-01
       217   -5.9301734514e+00    3.5203384276e+01   -9.6545782087e+00    3.7244047573e+00    7.6968367780e+00    7.0352107511e+00   -2.5187029174e+01    8.0040343579e-01    2.5299700000e+06    2.4575989642e+01    9.9996195457e-01
       218   -5.9293790145e+00    3.5192328368e+01   -9.6798533585e+00    3.7504743440e+00    7.7117308733e+00    7.0352107511e+00   -2.5194538563e+01    7.6774357973e-01    2.5260240000e+06    2.4733406521e+01    9.9996531404e-01
       219   -5.9278220739e+00    3.5171920465e+01   -9.7342144994e+00    3.8063924255e+00    7.6938010942e+00    7.0352107511e+00   -2.5203102641e+01    7.3987629639e-01    2.5105470000e+06    2.4480320051e+01    9.9996508825e-01
       220   -5.9255016760e+00    3.5145082672e+01   -9.7336184008e+00    3.8081167248e+00    7.6731805994e+00    7.0352107511e+00   -2.5192145747e+01    7.5013599556e-01    2.4957910000e+06    2.4226401476e+01    9.9996664053e-01
       221   -5.9251956296e+00    3.5140428297e+01   -9.7118502188e+00    3.7866545892e+00    7.6706875676e+00    7.0352107511e+00   -2.5183218784e+01    7.6547024629e-01    2.5047670000e+06    2.4349178773e+01    9.9996455316e-01
       222   -5.9289019607e+00    3.5184671397e+01   -9.7248246416e+00    3.7959226809e+00    7.6785104201e+00    7.0352107511e+00   -2.5230569086e+01    7.9202327303e-01    2.5172900000e+06    2.4548682694e+01    9.9996469050e-01
       223   -5.9293232614e+00    3.5190724171e+01   -9.6992856521e+00    3.7699623906e+00    7.6905475472e+00    7.0352107511e+00   -2.5186261861e+01    7.6121791027e-01    2.5278150000e+06    2.4808091490e+01    9.9996464088e-01
       224   -5.9306374953e+00    3.5207607053e+01   -9.6626252446e+00    3.7319877493e+00    7.6927659308e+00    7.0352107511e+00   -2.5198073867e+01    8.0747194087e-01    2.5126810000e+06    2.4719646729e+01    9.9996104387e-01
       225   -5.9282791740e+00    3.5176184570e+01   -9.7196331909e+00    3.7913540170e+00    7.6918222033e+00    7.0352107511e+00   -2.5203106906e+01    7.5644076036e-01    2.5143560000e+06    2.4805841612e+01    9.9996236236e-01
       226   -5.9282521115e+00    3.5178816716e+01   -9.6919371087e+00    3.7636849973e+00    7.6985859840e+00    7.0352107511e+00   -2.5216944591e+01    7.9121074724e-01    2.5146040000e+06    2.4642207080e+01    9.9996375610e-01
       227   -5.9258097569e+00    3.5148262325e+01   -9.6799589810e+00    3.7541492241e+00    7.7131408853e+00    7.0352107511e+00   -2.5215169400e+01    7.8685878220e-01    2.5050210000e+06    2.4784505214e+01    9.9996243317e-01
       228   -5.9290875766e+00    3.5187265513e+01   -9.6791137453e+00    3.7500261687e+00    7.6714213810e+00    7.0352107511e+00   -2.5115090220e+01    7.2934434260e-01    2.5121290000e+06    2.4609637321e+01    9.9996735639e-01
       229   -5.9299828364e+00    3.5197413910e+01   -9.6996014180e+00    3.7696185816e+00    7.6709065938e+00    7.0352107511e+00   -2.5182137611e+01    7.7641884852e-01    2.5123130000e+06    2.4387118867e+01    9.9996552676e-01
       230   -5.9284022195e+00    3.5177566350e+01   -9.6977328756e+00    3.7693306561e+00    7.6908694146e+00    7.0352107511e+00   -2.5186877026e+01    7.6306398424e-01    2.5069500000e+06    2.4858358521e+01    9.9996439709e-01
       231   -5.9264370994e+00    3.5158506320e+01   -9.7495824195e+00    3.8231453201e+00    7.7022514135e+00    7.0352107511e+00   -2.5266143243e+01    7.7909865857e-01    2.5065390000e+06    2.4458844415e+01    9.9996205480e-01
       232   -5.9301004094e+00    3.5198485508e+01   -9.6826007597e+00    3.7525003503e+00    7.6780737566e+00    7.0352107511e+00   -2.5182555617e+01    7.8667034963e-01    2.5155980000e+06    2.4422720232e+01    9.9996234207e-01
       233   -5.9262075318e+00    3.5153481583e+01   -9.6961612562e+00    3.7699537245e+00    7.6769568852e+00    7.0352107511e+00   -2.5174818512e+01    7.6648961979e-01    2.5137620000e+06    2.4240610619e+01    9.9996534360e-01
       234   -5.9282421668e+00    3.5177571116e+01   -9.7012238815e+00    3.7729817147e+00    7.6918480414e+00    7.0352107511e+00   -2.5197424103e+01    7.6914142946e-01    2.5071010000e+06    2.4506556861e+01    9.9996395935e-01
       235   -5.9262341767e+00    3.5154338103e+01   -9.7271962306e+00    3.8009620539e+00    7.7180555180e+00    7.0352107511e+00   -2.5253966485e+01    7.7350398573e-01    2.5171310000e+06    2.4612770791e+01    9.9996544373e-01
       236   -5.9283759032e+00    3.5178028357e+01   -9.7301432401e+00    3.8017673369e+00    7.7278536198e+00    7.0352107511e+00   -2.5264237490e+01    7.7102987933e-01    2.5092220000e+06    2.4783313762e+01    9.9996248409e-01
       237   -5.9266437502e+00    3.5165413917e+01   -9.7034221844e+00    3.7767784342e+00    7.7440920725e+00    7.0352107511e+00   -2.5287937164e+01    8.0521215627e-01    2.5109900000e+06    2.4930726721e+01    9.9996470347e-01
       238   -5.9312432274e+00    3.5214316113e+01   -9.7020352384e+00    3.7707920110e+00    7.7387337829e+00    7.0352107511e+00   -2.5312726455e+01    8.3674668265e-01    2.5255500000e+06    2.4781389946e+01    9.9996402296e-01
       239   -5.9279971238e+00    3.5181077487e+01   -9.7132037410e+00    3.7852066171e+00    7.7071127189e+00    7.0352107511e+00   -2.5253975966e+01    7.9844875509e-01    2.5241980000e+06    2.4836594027e+01    9.9996207307e-01
       240   -5.9289655154e+00    3.5185868863e+01   -9.6965167161e+00    3.7675512007e+00    7.6923205893e+00    7.0352107511e+00   -2.5195452722e+01    7.7140466576e-01    2.5167770000e+06    2.4541911975e+01    9.9996533520e-01
       241   -5.9300594324e+00    3.5199950644e+01   -9.6858360044e+00    3.7557765720e+00    7.6930301953e+00    7.0352107511e+00   -2.5210423950e+01    7.9634699922e-01    2.5031980000e+06    2.4684032756e+01    9.9996396125e-01
       242   -5.9285585031e+00    3.5183062999e+01   -9.7215179173e+00    3.7929594142e+00    7.7028391447e+00    7.0352107511e+00   -2.5269298129e+01    8.0973031556e-01    2.5044590000e+06    2.4930782689e+01    9.9996132183e-01
       243   -5.9264059115e+00    3.5159230878e+01   -9.6855798851e+00    3.7591739736e+00    7.6927486948e+00    7.0352107511e+00   -2.5197632062e+01    7.8409273095e-01    2.5172720000e+06    2.4503389699e+01    9.9996017713e-01
       244   -5.9261718264e+00    3.5155659250e+01   -9.6802909074e+00    3.7541190810e+00    7.6921433305e+00    7.0352107511e+00   -2.5171802014e+01    7.6415702514e-01    2.5204980000e+06    2.4429643908e+01    9.9996225442e-01
       245   -5.9304743497e+00    3.5203643657e+01   -9.7071614851e+00    3.7766871354e+00    7.6693654901e+00    7.0352107511e+00   -2.5153898660e+01    7.4216093353e-01    2.5251400000e+06    2.4362614780e+01    9.9996559863e-01
       246   -5.9265863587e+00    3.5157957132e+01   -9.7451346202e+00    3.8185482614e+00    7.7137648443e+00    7.0352107511e+00   -2.5277653562e+01    7.8354334638e-01    2.5306270000e+06    2.4754371802e+01    9.9996350060e-01
       247   -5.9295085073e+00    3.5193575609e+01   -9.7427748055e+00    3.8132662983e+00    7.7031521616e+00    7.0352107511e+00   -2.5223208392e+01    7.4207067387e-01    2.4989890000e+06    2.4622059073e+01    9.9996319496e-01
       248   -5.9279709377e+00    3.5175516504e+01   -9.6941725711e+00    3.7662016334e+00    7.6769952421e+00    7.0352107511e+00   -2.5166384422e+01    7.6000585750e-01    2.4997620000e+06    2.4418821642e+01    9.9996559928e-01
       249   -5.9266398907e+00    3.5158034257e+01   -9.6388671341e+00    3.7122272433e+00    7.6879132125e+00    7.0352107511e+00   -2.5149915330e+01    7.8792423214e-01    2.5108760000e+06    2.4584393594e+01    9.9996277570e-01
       250   -5.9252351499e+00    3.5141303914e+01   -9.6813688314e+00    3.7561336816e+00    7.6816867231e+00    7.0352107511e+00   -2.5164830856e+01    7.6656455032e-01    2.5279730000e+06    2.4993134190e+01    9.9996568579e-01
       251   -5.9269596882e+00    3.5163660453e+01   -9.6801867565e+00    3.7532270683e+00    7.6684685046e+00    7.0352107511e+00   -2.5149876074e+01    7.6601006227e-01    2.5141620000e+06    2.4677855425e+01    9.9996176599e-01
       252   -5.9264434135e+00    3.5156707410e+01   -9.6865603412e+00    3.7601169277e+00    7.6691751756e+00    7.0352107511e+00   -2.5165154846e+01    7.7420857847e-01    2.5035070000e+06    2.4595977811e+01    9.9996275639e-01
       253   -5.9289260488e+00    3.5183939401e+01   -9.7105629079e+00    3.7816368591e+00    7.6916744634e+00    7.0352107511e+00   -2.5160309360e+01    7.2286123792e-01    2.5145060000e+06    2.5071034678e+01    9.9996053567e-01
       254   -5.9281464490e+00    3.5194804177e+01   -9.7213654243e+00    3.7932189752e+00    7.7051819718e+00    7.0352107511e+00   -2.5234659163e+01    7.7290101562e-01    2.5294130000e+06    2.4426349155e+01    9.9996268295e-01
       255   -5.9263028190e+00    3.5158692400e+01   -9.7044982675e+00    3.7781954485e+00    7.7273964861e+00    7.0352107511e+00   -2.5220137257e+01    7.5303175195e-01    2.5479180000e+06    2.5321818494e+01    9.9996314758e-01
       256   -5.9274622976e+00    3.5167077376e+01   -9.7085864079e+00    3.7811241102e+00    7.6950468152e+00    7.0352107511e+00   -2.5222241444e+01    7.8339747026e-01    2.5417550000e+06    2.4745469680e+01    9.9996485023e-01
       257   -5.9285575621e+00    3.5179693684e+01   -9.7220128208e+00    3.7934552587e+00    7.6975688945e+00    7.0352107511e+00   -2.5219688114e+01    7.6489564717e-01    2.5399080000e+06    2.4610709765e+01    9.9996263667e-01
       258   -5.9313854130e+00    3.5215562903e+01   -9.6829243042e+00    3.7515388912e+00    7.6860472505e+00    7.0352107511e+00   -2.5174346525e+01    7.7016421881e-01    2.5258510000e+06    2.4577399385e+01    9.9996466508e-01
       259   -5.9261110067e+00    3.5152900143e+01   -9.6705985962e+00    3.7444875895e+00    7.6945559723e+00    7.0352107511e+00   -2.5186334729e+01    7.8596940894e-01    2.5095510000e+06    2.4795463853e+01    9.9996488522e-01
       260   -5.9297210313e+00    3.5196803266e+01   -9.6887784135e+00    3.7590573822e+00    7.7268186000e+00    7.0352107511e+00   -2.5280661916e+01    8.2985415173e-01    2.5226780000e+06    2.4593751026e+01    9.9996238845e-01
       261   -5.9320668451e+00    3.5223380602e+01   -9.7099855234e+00    3.7779186783e+00    7.7088825854e+00    7.0352107511e+00   -2.5238195195e+01    7.8411633532e-01    2.5163460000e+06    2.4515290263e+01    9.9996195789e-01
       262   -5.9324849982e+00    3.5228557095e+01   -9.7090926533e+00    3.7766076551e+00    7.7076278170e+00    7.0352107511e+00   -2.5232419172e+01    7.8048795018e-01    2.5296950000e+06    2.4765353160e+01    9.9996486388e-01
       263   -5.9296275617e+00    3.5192553130e+01   -9.7123128373e+00    3.7826852756e+00    7.6926033830e+00    7.0352107511e+00   -2.5201703682e+01    7.6157671067e-01    2.5311190000e+06    2.4623094573e+01    9.9996686364e-01
       264   -5.9282345296e+00    3.5180034409e+01   -9.7164813883e+00    3.7882468587e+00    7.6958703484e+00    7.0352107511e+00   -2.5211496143e+01    7.6393365506e-01    2.5189070000e+06    2.4621087382e+01    9.9996218588e-01
       265   -5.9308637215e+00    3.5212870894e+01   -9.7383386390e+00    3.8074749174e+00    7.6995686864e+00    7.0352107511e+00   -2.5218482824e+01    7.4536474743e-01    2.5201940000e+06    2.4534821925e+01    9.9996539123e-01
       266   -5.9270952518e+00    3.5164013136e+01   -9.7134500983e+00    3.7863548465e+00    7.6824560638e+00    7.0352107511e+00   -2.5189467023e+01    7.5835010982e-01    2.5153700000e+06    2.4386278621e+01    9.9996391322e-01
       267   -5.9271512592e+00    3.5165582288e+01   -9.6964770026e+00    3.7693257434e+00    7.6913457492e+00    7.0352107511e+00   -2.5200649620e+01    7.7761611728e-01    2.5197460000e+06    2.4760133786e+01    9.9996448108e-01
       268   -5.9252374682e+00    3.5142097275e+01   -9.7060609563e+00    3.7808234880e+00    7.6887380220e+00    7.0352107511e+00   -2.5219733054e+01    7.8972332421e-01    2.5200860000e+06    2.4511463399e+01    9.9996358264e-01
       269   -5.9243503642e+00    3.5132661926e+01   -9.6877976415e+00    3.7634472772e+00    7.6830500295e+00    7.0352107511e+00   -2.5160247586e+01    7.5418916360e-01    2.5186060000e+06    2.4511318635e+01    9.9996263228e-01
       270   -5.9241280695e+00    3.5129171206e+01   -9.7301433898e+00    3.8060153203e+00    7.6827586010e+00    7.0352107511e+00   -2.5187804278e+01    7.3969153566e-01    2.5047940000e+06    2.4703886164e+01    9.9996201030e-01
       271   -5.9296307266e+00    3.5195471915e+01   -9.7037756298e+00    3.7741449031e+00    7.6930420458e+00    7.0352107511e+00   -2.5202392656e+01    7.7036422976e-01    2.5133400000e+06    2.4813749948e+01    9.9996140524e-01
       272   -5.9310247758e+00    3.5209962506e+01   -9.7276777392e+00    3.7966529634e+00    7.6884832841e+00    7.0352107511e+00   -2.5229315485e+01    7.7794371067e-01    2.5312410000e+06    2.4637280505e+01    9.9996394838e-01
       273   -5.9271207233e+00    3.5166660849e+01   -9.7371795279e+00    3.8100588046e+00    7.7277666573e+00    7.0352107511e+00   -2.5295068803e+01    7.9491186680e-01    2.5347090000e+06    2.5009646852e+01    9.9996440571e-01
       274   -5.9271788077e+00    3.5166375595e+01   -9.7142027166e+00    3.7870239089e+00    7.7021751129e+00    7.0352107511e+00   -2.5269949248e+01    8.1836066720e-01    2.5303710000e+06    2.4648999941e+01    9.9996344720e-01
       275   -5.9287684120e+00    3.5183687202e+01   -9.7247069856e+00    3.7959385737e+00    7.7222398679e+00    7.0352107511e+00   -2.5288648342e+01    8.0649073689e-01    2.5297130000e+06    2.4789714100e+01    9.9996353566e-01
       276   -5.9280767570e+00    3.5177454486e+01   -9.7204121887e+00    3.7923354317e+00    7.7013913361e+00    7.0352107511e+00   -2.5233032918e+01    7.7601864226e-01    2.5237140000e+06    2.4613463829e+01    9.9996384218e-01
       277   -5.9304628219e+00    3.5204931274e+01   -9.7211258467e+00    3.7906630248e+00    7.6868526062e+00    7.0352107511e+00   -2.5220617888e+01    7.7742868417e-01    2.5199910000e+06    2.4819464339e+01    9.9996344662e-01
       278   -5.9300450697e+00    3.5198408269e+01   -9.6844762917e+00    3.7544312220e+00    7.6717454670e+00    7.0352107511e+00   -2.5200344639e+01    8.0891212906e-01    2.5234070000e+06    2.4947362893e+01    9.9996250086e-01
       279   -5.9267275085e+00    3.5160113682e+01   -9.6976816944e+00    3.7709541859e+00    7.6914370314e+00    7.0352107511e+00   -2.5223689836e+01    7.9936035887e-01    2.5171790000e+06    2.4553398644e+01    9.9996549520e-01
       280   -5.9275044085e+00    3.5169914719e+01   -9.6938019862e+00    3.7662975777e+00    7.6976745188e+00    7.0352107511e+00   -2.5191142604e+01    7.6445534772e-01    2.5272150000e+06    2.5042132380e+01    9.9996325283e-01
       281   -5.9297566206e+00    3.5196798362e+01   -9.7347536101e+00    3.8049969895e+00    7.6999457489e+00    7.0352107511e+00   -2.5253022015e+01    7.8311190495e-01    2.5158550000e+06    2.4667598822e+01    9.9996154752e-01
       282   -5.9278739152e+00    3.5171434325e+01   -9.7452759907e+00    3.8174020756e+00    7.6807194040e+00    7.0352107511e+00   -2.5217796405e+01    7.5659025900e-01    2.5171270000e+06    2.4586117405e+01    9.9996285594e-01
       283   -5.9305105822e+00    3.5203689026e+01   -9.6880440718e+00    3.7575334897e+00    7.6695235052e+00    7.0352107511e+00   -2.5149849644e+01    7.5707131595e-01    2.5216120000e+06    2.4656590999e+01    9.9996276399e-01
       284   -5.9263891231e+00    3.5156837790e+01   -9.7282792095e+00    3.8018900864e+00    7.6947992652e+00    7.0352107511e+00   -2.5226325469e+01    7.6803624331e-01    2.5294480000e+06    2.4573430316e+01    9.9996333120e-01
