#   index    LocalEnergy         LocalEnergy_sq      LocalPotential      Kinetic             ElecElec            IonIon              LocalECP            NonLocalECP         BlockWeight         BlockCPU            AcceptRatio         
         0   -5.9168228764e+00    3.5037841431e+01   -9.8168450583e+00    3.9000221818e+00    7.6912285585e+00    7.0352107511e+00   -2.5173578195e+01    6.3029382698e-01    6.7200000000e+02    2.0914207349e-02    5.7255952381e-01
         1   -5.9265991590e+00    3.5158127790e+01   -9.6227778994e+00    3.6961787404e+00    7.6789960212e+00    7.0352107511e+00   -2.4951620644e+01    6.1463597266e-01    6.7200000000e+02    2.0760862753e-02    5.7233258929e-01
         2   -5.9156981326e+00    3.5030893756e+01   -9.8436981366e+00    3.9280000040e+00    7.7087035252e+00    7.0352107511e+00   -2.5320533076e+01    7.3292066331e-01    6.7200000000e+02    2.0783966473e-02    5.7059895833e-01
         3   -5.9112686602e+00    3.4973293481e+01   -9.6914492550e+00    3.7801805948e+00    7.6890106337e+00    7.0352107511e+00   -2.5251724927e+01    8.3605428760e-01    6.7200000000e+02    2.0776405330e-02    5.7349702381e-01
         4   -5.9160869470e+00    3.5027237272e+01   -9.5660622176e+00    3.6499752706e+00    7.7312661592e+00    7.0352107511e+00   -2.5008334899e+01    6.7579577124e-01    6.7200000000e+02    2.0812663423e-02    5.7192336310e-01
         5   -5.9192414898e+00    3.5066912564e+01   -9.6647107550e+00    3.7454692651e+00    7.6649255454e+00    7.0352107511e+00   -2.5215401640e+01    8.5055458856e-01    6.7200000000e+02    2.0761086382e-02    5.7057291667e-01
         6   -5.9149378772e+00    3.5011297952e+01   -9.7184792654e+00    3.8035413882e+00    7.7205996778e+00    7.0352107511e+00   -2.5199246517e+01    7.2495682261e-01    6.7200000000e+02    2.0783411911e-02    5.7141741071e-01
         7   -5.9267297790e+00    3.5155465357e+01   -9.5642941020e+00    3.6375643230e+00    7.6362149105e+00    7.0352107511e+00   -2.5041844234e+01    8.0612447043e-01    6.7200000000e+02    2.0791262658e-02    5.7316220238e-01
         8   -5.9160004351e+00    3.5026723461e+01   -9.5777199136e+00    3.6617194784e+00    7.7235352286e+00    7.0352107511e+00   -2.5086116963e+01    7.4965106983e-01    6.7200000000e+02    2.0800573514e-02    5.7238095238e-01
         9   -5.9121179587e+00    3.4982698485e+01   -9.5996243096e+00    3.6875063509e+00    7.6699542872e+00    7.0352107511e+00   -2.5026171797e+01    7.2138244952e-01    6.7200000000e+02    2.0851224340e-02    5.7316592262e-01
        10   -5.9093711057e+00    3.4955037477e+01   -9.5271818842e+00    3.6178107785e+00    7.6975344002e+00    7.0352107511e+00   -2.5087465663e+01    8.2753862731e-01    6.7200000000e+02    2.0840935278e-02    5.7428571429e-01
        11   -5.9122888451e+00    3.4987348204e+01   -9.7406967150e+00    3.8284078699e+00    7.7555137843e+00    7.0352107511e+00   -2.5320442240e+01    7.8902098950e-01    6.7200000000e+02    2.0865068061e-02    5.7342633929e-01
        12   -5.9195169456e+00    3.5067746376e+01   -9.6210496482e+00    3.7015327026e+00    7.6372786628e+00    7.0352107511e+00   -2.5144907048e+01    8.5136798559e-01    6.7200000000e+02    2.0779036643e-02    5.6939360119e-01
        13   -5.9170851636e+00    3.5038540144e+01   -9.6883413999e+00    3.7712562363e+00    7.6891390075e+00    7.0352107511e+00   -2.5093548770e+01    6.8085761162e-01    6.7200000000e+02    2.0848772480e-02    5.6979166667e-01
        14   -5.9121322546e+00    3.4982834547e+01   -9.6704949569e+00    3.7583627023e+00    7.6542112907e+00    7.0352107511e+00   -2.5123909610e+01    7.6399261091e-01    6.7200000000e+02    2.0799425754e-02    5.7288690476e-01
        15   -5.9036518776e+00    3.4893319822e+01   -9.6425914522e+00    3.7389395746e+00    7.6878732812e+00    7.0352107511e+00   -2.5143771847e+01    7.7809636238e-01    6.7200000000e+02    2.0784343258e-02    5.7123883929e-01
        16   -5.9251771946e+00    3.5154916384e+01   -9.6538226241e+00    3.7286454295e+00    7.7222618382e+00    7.0352107511e+00   -2.5290331777e+01    8.7903656350e-01    6.7200000000e+02    2.0835344525e-02    5.7210565476e-01
        17   -5.9166050671e+00    3.5053003906e+01   -9.6859605055e+00    3.7693554384e+00    7.7594657539e+00    7.0352107511e+00   -2.5289487936e+01    8.0885092534e-01    6.7200000000e+02    2.0821610351e-02    5.7087797619e-01
        18   -5.9125496281e+00    3.4993713731e+01   -9.6353550426e+00    3.7228054144e+00    7.7191261499e+00    7.0352107511e+00   -2.5162497267e+01    7.7280532362e-01    6.7200000000e+02    2.0846063076e-02    5.7147321429e-01
        19   -5.9137042516e+00    3.5005776790e+01   -9.7433089327e+00    3.8296046811e+00    7.7127188589e+00    7.0352107511e+00   -2.5180138142e+01    6.8889959891e-01    6.7200000000e+02    2.0856723430e-02    5.7162946429e-01
        20   -5.9237000848e+00    3.5116790593e+01   -9.6992622319e+00    3.7755621471e+00    7.7562122542e+00    7.0352107511e+00   -2.5260108581e+01    7.6942334324e-01    6.7200000000e+02    2.0865767481e-02    5.7235491071e-01
        21   -5.9184053232e+00    3.5058301795e+01   -9.7782004265e+00    3.8597951033e+00    7.7185763825e+00    7.0352107511e+00   -2.5322824513e+01    7.9083695305e-01    6.7200000000e+02    2.0885006136e-02    5.7225446429e-01
        22   -5.9073732203e+00    3.4927483510e+01   -9.7414481950e+00    3.8340749747e+00    7.7007896782e+00    7.0352107511e+00   -2.5305400755e+01    8.2795213081e-01    6.7200000000e+02    2.0786910732e-02    5.7222098214e-01
        23   -5.9141517123e+00    3.5004044266e+01   -9.7127813237e+00    3.7986296114e+00    7.6605154308e+00    7.0352107511e+00   -2.5192732689e+01    7.8422518373e-01    6.7200000000e+02    2.0785273573e-02    5.7211681548e-01
        24   -5.9118697100e+00    3.4982249784e+01   -9.6537865727e+00    3.7419168627e+00    7.7370156116e+00    7.0352107511e+00   -2.5110195035e+01    6.8418209952e-01    6.7200000000e+02    2.0821828887e-02    5.7119791667e-01
        25   -5.9128503255e+00    3.4989361708e+01   -9.7383280763e+00    3.8254777508e+00    7.7463159767e+00    7.0352107511e+00   -2.5327650296e+01    8.0779549234e-01    6.7200000000e+02    2.0855855742e-02    5.7086681548e-01
        26   -5.9258710522e+00    3.5150955194e+01   -9.5670213277e+00    3.6411502756e+00    7.6860564130e+00    7.0352107511e+00   -2.5137237732e+01    8.4894923998e-01    6.7200000000e+02    2.0778130312e-02    5.7091889881e-01
        27   -5.9248877589e+00    3.5140358415e+01   -9.7667689503e+00    3.8418811913e+00    7.7015264144e+00    7.0352107511e+00   -2.5325093306e+01    8.2158718989e-01    6.7200000000e+02    2.0785206767e-02    5.7278645833e-01
        28   -5.9282310402e+00    3.5172717531e+01   -9.6415616628e+00    3.7133306225e+00    7.7282597427e+00    7.0352107511e+00   -2.5249500546e+01    8.4446838898e-01    6.7200000000e+02    2.0834381593e-02    5.7274553571e-01
        29   -5.9161688601e+00    3.5031911009e+01   -9.7545451250e+00    3.8383762649e+00    7.6682078878e+00    7.0352107511e+00   -2.5223942561e+01    7.6597879748e-01    6.7200000000e+02    2.0801863435e-02    5.7123139881e-01
        30   -5.9198868316e+00    3.5071723385e+01   -9.6623756177e+00    3.7424887861e+00    7.6791113227e+00    7.0352107511e+00   -2.5161151881e+01    7.8445418918e-01    6.7200000000e+02    2.0764849756e-02    5.7213169643e-01
        31   -5.9081526251e+00    3.4937131636e+01   -9.4648822777e+00    3.5567296527e+00    7.6216296898e+00    7.0352107511e+00   -2.4897864853e+01    7.7614213440e-01    6.7200000000e+02    2.0802328285e-02    5.7279761905e-01
        32   -5.9194549111e+00    3.5070599115e+01   -9.8266505372e+00    3.9071956262e+00    7.7255746444e+00    7.0352107511e+00   -2.5314547056e+01    7.2711112327e-01    6.7200000000e+02    2.0829428537e-02    5.7363839286e-01
        33   -5.9142781573e+00    3.5008940911e+01   -9.7778397319e+00    3.8635615746e+00    7.6833397233e+00    7.0352107511e+00   -2.5292392154e+01    7.9600194754e-01    6.7200000000e+02    2.0780818310e-02    5.7183035714e-01
        34   -5.9211893855e+00    3.5090825216e+01   -9.6516225769e+00    3.7304331914e+00    7.7696634106e+00    7.0352107511e+00   -2.5264845143e+01    8.0834840409e-01    6.7200000000e+02    2.0830145002e-02    5.7194940476e-01
        35   -5.9104599102e+00    3.4989124594e+01   -9.8720741980e+00    3.9616142878e+00    7.7095136036e+00    7.0352107511e+00   -2.5369728929e+01    7.5293037617e-01    6.7200000000e+02    2.0847562608e-02    5.7069940476e-01
        36   -5.9157754603e+00    3.5027811534e+01   -9.7182189775e+00    3.8024435171e+00    7.7102420609e+00    7.0352107511e+00   -2.5199166227e+01    7.3549443704e-01    6.7200000000e+02    2.0886049963e-02    5.7292410714e-01
        37   -5.9297292851e+00    3.5189405663e+01   -9.6904457266e+00    3.7607164414e+00    7.6974410083e+00    7.0352107511e+00   -2.5096408100e+01    6.7331061383e-01    6.7200000000e+02    2.0832369724e-02    5.7192708333e-01
        38   -5.9189530386e+00    3.5064622751e+01   -9.8058979197e+00    3.8869448811e+00    7.6784870821e+00    7.0352107511e+00   -2.5315608923e+01    7.9601317043e-01    6.7200000000e+02    2.0866057269e-02    5.7248511905e-01
        39   -5.9295834251e+00    3.5191103671e+01   -9.6314408088e+00    3.7018573837e+00    7.6772377960e+00    7.0352107511e+00   -2.5096149559e+01    7.5226020262e-01    6.7200000000e+02    2.0837830658e-02    5.7114955357e-01
        40   -5.9175440453e+00    3.5047012994e+01   -9.6615757491e+00    3.7440317039e+00    7.7188765216e+00    7.0352107511e+00   -2.5251455553e+01    8.3579253081e-01    6.7200000000e+02    2.0789929973e-02    5.7060267857e-01
        41   -5.9202625852e+00    3.5078626606e+01   -9.6089700764e+00    3.6887074912e+00    7.6628277248e+00    7.0352107511e+00   -2.4966000458e+01    6.5899190521e-01    6.7200000000e+02    2.0840563894e-02    5.7143973214e-01
        42   -5.9152353835e+00    3.5028832666e+01   -9.7463397883e+00    3.8311044048e+00    7.6252711623e+00    7.0352107511e+00   -2.5226342349e+01    8.1952064767e-01    6.7200000000e+02    2.0796157201e-02    5.7289806548e-01
        43   -5.9194746713e+00    3.5066021166e+01   -9.7533021812e+00    3.8338275099e+00    7.6769124772e+00    7.0352107511e+00   -2.5126363305e+01    6.6093789530e-01    6.7200000000e+02    2.0813055228e-02    5.7267485119e-01
        44   -5.9100377615e+00    3.4952505172e+01   -9.6947812361e+00    3.7847434745e+00    7.7343447708e+00    7.0352107511e+00   -2.5169123169e+01    7.0478641085e-01    6.7200000000e+02    2.0833026253e-02    5.7077008929e-01
        45   -5.9144921052e+00    3.5005405197e+01   -9.6813991737e+00    3.7669070685e+00    7.6870669058e+00    7.0352107511e+00   -2.5082632900e+01    6.7895606941e-01    6.7200000000e+02    2.0816489332e-02    5.7242187500e-01
        46   -5.9184040255e+00    3.5055736721e+01   -9.7365876983e+00    3.8181836729e+00    7.6905520048e+00    7.0352107511e+00   -2.5243224804e+01    7.8087435013e-01    6.7200000000e+02    2.0800094599e-02    5.7070684524e-01
        47   -5.8994972368e+00    3.4853355040e+01   -9.6290906503e+00    3.7295934135e+00    7.7514778065e+00    7.0352107511e+00   -2.5190175065e+01    7.7439585744e-01    6.7200000000e+02    2.0842814103e-02    5.7081101190e-01
        48   -5.9207082542e+00    3.5078882617e+01   -9.6265939708e+00    3.7058857165e+00    7.6565548450e+00    7.0352107511e+00   -2.5025279835e+01    7.0692026783e-01    6.7200000000e+02    2.0824585595e-02    5.7142113095e-01
        49   -5.9205148707e+00    3.5086561061e+01   -9.6404473719e+00    3.7199325012e+00    7.7127789038e+00    7.0352107511e+00   -2.5061669148e+01    6.7323212129e-01    6.7200000000e+02    2.0835773777e-02    5.7071800595e-01
        50   -5.9335447981e+00    3.5245822417e+01   -9.6804024484e+00    3.7468576503e+00    7.6192112733e+00    7.0352107511e+00   -2.5068734635e+01    7.3391016267e-01    6.7200000000e+02    2.0822466656e-02    5.7220982143e-01
        51   -5.9091767348e+00    3.4948323556e+01   -9.6288605236e+00    3.7196837888e+00    7.7024787368e+00    7.0352107511e+00   -2.5150215156e+01    7.8366514398e-01    6.7200000000e+02    2.0817495373e-02    5.7235119048e-01
        52   -5.9221316219e+00    3.5106424482e+01   -9.7059357186e+00    3.7838040967e+00    7.7196298489e+00    7.0352107511e+00   -2.5354792176e+01    8.9401585699e-01    6.7200000000e+02    2.0805380629e-02    5.7135416667e-01
        53   -5.9057647764e+00    3.4908890352e+01   -9.5403646384e+00    3.6345998621e+00    7.7372613493e+00    7.0352107511e+00   -2.5098091519e+01    7.8525477976e-01    6.7200000000e+02    2.0824645621e-02    5.7168526786e-01
        54   -5.9202869999e+00    3.5102553707e+01   -9.6260233463e+00    3.7057363464e+00    7.6004812967e+00    7.0352107511e+00   -2.5007616609e+01    7.4590121526e-01    6.7200000000e+02    2.0782616094e-02    5.7274925595e-01
        55   -5.9164437223e+00    3.5036176367e+01   -9.5844750587e+00    3.6680313365e+00    7.6548576591e+00    7.0352107511e+00   -2.5144782496e+01    8.7023902742e-01    6.7200000000e+02    2.0754434636e-02    5.7250744048e-01
        56   -5.9225511976e+00    3.5099936307e+01   -9.7052406672e+00    3.7826894696e+00    7.6710832014e+00    7.0352107511e+00   -2.5162531949e+01    7.5099732963e-01    6.7200000000e+02    2.0781486162e-02    5.7108630952e-01
        57   -5.9214744701e+00    3.5098260975e+01   -9.6187402585e+00    3.6972657884e+00    7.6386584452e+00    7.0352107511e+00   -2.5077047436e+01    7.8443798124e-01    6.7200000000e+02    2.0805856994e-02    5.7134300595e-01
        58   -5.9244109133e+00    3.5142295386e+01   -9.5181413146e+00    3.5937304012e+00    7.5884094088e+00    7.0352107511e+00   -2.4958713251e+01    8.1695177672e-01    6.7200000000e+02    2.0779760690e-02    5.7353050595e-01
        59   -5.9137872821e+00    3.5004582361e+01   -9.7586912285e+00    3.8449039464e+00    7.6774599092e+00    7.0352107511e+00   -2.5223843690e+01    7.5248180154e-01    6.7200000000e+02    2.0796737403e-02    5.7116815476e-01
        60   -5.9056590831e+00    3.4917215754e+01   -9.5760863417e+00    3.6704272585e+00    7.6663660879e+00    7.0352107511e+00   -2.5075783671e+01    7.9812049024e-01    6.7200000000e+02    2.0797361731e-02    5.7307291667e-01
        61   -5.9118314625e+00    3.4982593533e+01   -9.5471046395e+00    3.6352731770e+00    7.5590498507e+00    7.0352107511e+00   -2.4888847763e+01    7.4748252152e-01    6.7200000000e+02    2.0788950371e-02    5.7453869048e-01
        62   -5.9032095234e+00    3.4886925304e+01   -9.5969542455e+00    3.6937447221e+00    7.6629406861e+00    7.0352107511e+00   -2.5129576456e+01    8.3447077305e-01    6.7200000000e+02    2.0867569546e-02    5.7148437500e-01
        63   -5.9202404162e+00    3.5073482473e+01   -9.7768757618e+00    3.8566353456e+00    7.6845941777e+00    7.0352107511e+00   -2.5279215800e+01    7.8253510889e-01    6.7200000000e+02    2.0807872755e-02    5.7123883929e-01
        64   -5.9131644574e+00    3.5000879938e+01   -9.6241094017e+00    3.7109449443e+00    7.6900464051e+00    7.0352107511e+00   -2.5143665603e+01    7.9429904545e-01    6.7200000000e+02    2.0790269899e-02    5.7255952381e-01
        65   -5.9142954137e+00    3.5010170628e+01   -9.7357469251e+00    3.8214515115e+00    7.6904839001e+00    7.0352107511e+00   -2.5227262380e+01    7.6582080375e-01    6.7200000000e+02    2.0761400896e-02    5.7074032738e-01
        66   -5.9071515221e+00    3.4921792441e+01   -9.7928435848e+00    3.8856920627e+00    7.7089483731e+00    7.0352107511e+00   -2.5205949523e+01    6.6894681390e-01    6.7200000000e+02    2.0811224694e-02    5.7146949405e-01
        67   -5.9224876583e+00    3.5116776985e+01   -9.5125739639e+00    3.5900863056e+00    7.7560105820e+00    7.0352107511e+00   -2.5173320294e+01    8.6952499714e-01    6.7200000000e+02    2.0810344308e-02    5.7107142857e-01
        68   -5.9181988262e+00    3.5063252357e+01   -9.7186282064e+00    3.8004293802e+00    7.7476290378e+00    7.0352107511e+00   -2.5338818415e+01    8.3735041992e-01    6.7200000000e+02    2.0824851632e-02    5.7257068452e-01
        69   -5.9105807244e+00    3.4963505926e+01   -9.6962799667e+00    3.7856992423e+00    7.7188535359e+00    7.0352107511e+00   -2.5239420705e+01    7.8907645105e-01    6.7200000000e+02    2.0820447645e-02    5.7165550595e-01
        70   -5.9181112402e+00    3.5050940515e+01   -9.6561807233e+00    3.7380694832e+00    7.6896144233e+00    7.0352107511e+00   -2.5154590975e+01    7.7358507766e-01    6.7200000000e+02    2.0793241149e-02    5.7231770833e-01
        71   -5.9118413233e+00    3.4980022564e+01   -9.9075187470e+00    3.9956774237e+00    7.6796653433e+00    7.0352107511e+00   -2.5493019760e+01    8.7062491883e-01    6.7200000000e+02    2.0833728467e-02    5.7287574405e-01
        72   -5.8992261295e+00    3.4930289375e+01   -9.5663667488e+00    3.6671406193e+00    7.6874933231e+00    7.0352107511e+00   -2.5051187455e+01    7.6211663186e-01    6.7200000000e+02    2.0804743957e-02    5.7209449405e-01
        73   -5.9052091556e+00    3.4906640871e+01   -9.6251906584e+00    3.7199815028e+00    7.7701236547e+00    7.0352107511e+00   -2.5310965282e+01    8.8044021761e-01    6.7200000000e+02    2.0834741633e-02    5.6960937500e-01
        74   -5.9100389340e+00    3.4962399067e+01   -9.6936385755e+00    3.7835996415e+00    7.7031995351e+00    7.0352107511e+00   -2.5237281257e+01    8.0523239516e-01    6.7200000000e+02    2.0829627185e-02    5.7281622024e-01
        75   -5.9208415962e+00    3.5088202391e+01   -9.7222667000e+00    3.8014251038e+00    7.6723681208e+00    7.0352107511e+00   -2.5165747872e+01    7.3590229971e-01    6.7200000000e+02    2.0805161784e-02    5.7098586310e-01
        76   -5.9117512377e+00    3.4981192961e+01   -9.6548062094e+00    3.7430549717e+00    7.6923106562e+00    7.0352107511e+00   -2.5265067186e+01    8.8273956922e-01    6.7200000000e+02    2.0790245772e-02    5.7254836310e-01
        77   -5.9047191981e+00    3.4897886554e+01   -9.8099056703e+00    3.9051864722e+00    7.7376556187e+00    7.0352107511e+00   -2.5306464592e+01    7.2369255219e-01    6.7200000000e+02    2.0853235429e-02    5.7263392857e-01
        78   -5.9041221200e+00    3.4890005551e+01   -9.7227068515e+00    3.8185847314e+00    7.7796513739e+00    7.0352107511e+00   -2.5287470489e+01    7.4990151278e-01    6.7200000000e+02    2.0858639609e-02    5.7116443452e-01
        79   -5.9309638209e+00    3.5225926888e+01   -9.6323691543e+00    3.7014053334e+00    7.6867112100e+00    7.0352107511e+00   -2.5126369111e+01    7.7207799554e-01    6.7200000000e+02    2.0848719453e-02    5.7345238095e-01
        80   -5.9218259044e+00    3.5096662407e+01   -9.7567276099e+00    3.8349017055e+00    7.6320462412e+00    7.0352107511e+00   -2.5101660885e+01    6.7767628306e-01    6.7200000000e+02    2.0808906489e-02    5.7063988095e-01
        81   -5.9146471237e+00    3.5017884876e+01   -9.7292563429e+00    3.8146092192e+00    7.7237687830e+00    7.0352107511e+00   -2.5218606839e+01    7.3037096231e-01    6.7200000000e+02    2.0813323848e-02    5.7058035714e-01
        82   -5.9167900189e+00    3.5039918667e+01   -9.6404755010e+00    3.7236854822e+00    7.6506839232e+00    7.0352107511e+00   -2.5158335361e+01    8.3196518548e-01    6.7200000000e+02    2.0798630611e-02    5.7134672619e-01
        83   -5.9053187993e+00    3.4931880150e+01   -9.8256848306e+00    3.9203660313e+00    7.6963889329e+00    7.0352107511e+00   -2.5384743974e+01    8.2745945926e-01    6.7200000000e+02    2.0827169806e-02    5.7293526786e-01
        84   -5.9319525163e+00    3.5221380632e+01   -9.6775781146e+00    3.7456255983e+00    7.7013053664e+00    7.0352107511e+00   -2.5312430595e+01    8.9833636308e-01    6.7200000000e+02    2.0863631751e-02    5.7270833333e-01
        85   -5.9236776920e+00    3.5118663326e+01   -9.7698255108e+00    3.8461478187e+00    7.7335698965e+00    7.0352107511e+00   -2.5401498393e+01    8.6289223415e-01    6.7200000000e+02    2.0787678008e-02    5.7152901786e-01
        86   -5.9137909566e+00    3.5003325983e+01   -9.7267910264e+00    3.8130000698e+00    7.6647403697e+00    7.0352107511e+00   -2.5351491951e+01    9.2474980407e-01    6.7200000000e+02    2.0816357111e-02    5.7131324405e-01
        87   -5.9301398829e+00    3.5212126659e+01   -9.7846372771e+00    3.8544973942e+00    7.6489876190e+00    7.0352107511e+00   -2.5202138969e+01    7.3330332213e-01    6.7200000000e+02    2.0790223098e-02    5.7076636905e-01
        88   -5.9177992222e+00    3.5054996564e+01   -9.5394487124e+00    3.6216494902e+00    7.7476970447e+00    7.0352107511e+00   -2.5214294838e+01    8.9193832991e-01    6.7200000000e+02    2.0851435673e-02    5.7010416667e-01
        89   -5.9252673946e+00    3.5135139033e+01   -9.6896534941e+00    3.7643860995e+00    7.6674255323e+00    7.0352107511e+00   -2.5093333101e+01    7.0104332373e-01    6.7200000000e+02    2.0753147530e-02    5.7096726190e-01
        90   -5.9183536318e+00    3.5057356644e+01   -9.7697240348e+00    3.8513704030e+00    7.6897182081e+00    7.0352107511e+00   -2.5210715835e+01    7.1606284069e-01    6.7200000000e+02    2.0817135787e-02    5.7120535714e-01
        91   -5.9058955862e+00    3.4913360489e+01   -9.7677770340e+00    3.8618814478e+00    7.7022478163e+00    7.0352107511e+00   -2.5257292135e+01    7.5205653364e-01    6.7200000000e+02    2.0845400302e-02    5.7201636905e-01
        92   -5.9004003604e+00    3.4933146044e+01   -9.4323083622e+00    3.5319080018e+00    7.7250823441e+00    7.0352107511e+00   -2.4977622719e+01    7.8502126190e-01    6.7200000000e+02    2.0834716071e-02    5.7238839286e-01
        93   -5.9059713992e+00    3.4907234137e+01   -9.7180045865e+00    3.8120331873e+00    7.6991383691e+00    7.0352107511e+00   -2.5236505515e+01    7.8415180792e-01    6.7200000000e+02    2.0787225026e-02    5.6969866071e-01
        94   -5.9173598280e+00    3.5046765892e+01   -9.5454952420e+00    3.6281354139e+00    7.6318526156e+00    7.0352107511e+00   -2.5031118260e+01    8.1855965118e-01    6.7200000000e+02    2.0807150613e-02    5.7233258929e-01
        95   -5.9193914902e+00    3.5098303879e+01   -9.6910997963e+00    3.7717083061e+00    7.6838895189e+00    7.0352107511e+00   -2.5268016258e+01    8.5781619122e-01    6.7200000000e+02    2.0792967648e-02    5.7161458333e-01
        96   -5.9220411959e+00    3.5102320052e+01   -9.6987683112e+00    3.7767271154e+00    7.6571075295e+00    7.0352107511e+00   -2.5166659363e+01    7.7557277132e-01    6.7200000000e+02    2.0843026348e-02    5.7311011905e-01
        97   -5.9250638101e+00    3.5139340033e+01   -9.6841809410e+00    3.7591171309e+00    7.7450280580e+00    7.0352107511e+00   -2.5343491567e+01    8.7907181684e-01    6.7200000000e+02    2.0825001650e-02    5.7121651786e-01
        98   -5.9160446866e+00    3.5044115390e+01   -9.6670457791e+00    3.7510010925e+00    7.7447896123e+00    7.0352107511e+00   -2.5075084072e+01    6.2803792974e-01    6.7200000000e+02    2.0827938677e-02    5.7020461310e-01
        99   -5.9081613381e+00    3.4930353862e+01   -9.8574799454e+00    3.9493186074e+00    7.7065520264e+00    7.0352107511e+00   -2.5298668378e+01    6.9942565503e-01    6.7200000000e+02    2.0794692167e-02    5.7137648810e-01
       100   -5.9195141365e+00    3.5071200874e+01   -9.5989628406e+00    3.6794487041e+00    7.6671137620e+00    7.0352107511e+00   -2.5062856339e+01    7.6156898558e-01    6.7200000000e+02    2.0810584090e-02    5.7085193452e-01
       101   -5.9119592721e+00    3.4986598471e+01   -9.7284157944e+00    3.8164565223e+00    7.6940793113e+00    7.0352107511e+00   -2.5217068886e+01    7.5936302906e-01    6.7200000000e+02    2.0845997617e-02    5.7316220238e-01
       102   -5.9153697686e+00    3.5018644027e+01   -9.7776747794e+00    3.8623050108e+00    7.7112940554e+00    7.0352107511e+00   -2.5290486622e+01    7.6630703636e-01    6.7200000000e+02    2.0805264432e-02    5.7101190476e-01
       103   -5.9090732578e+00    3.4940408786e+01   -9.6958112580e+00    3.7867380001e+00    7.7275747674e+00    7.0352107511e+00   -2.5134505048e+01    6.7590827195e-01    6.7200000000e+02    2.0820512267e-02    5.7263392857e-01
       104   -5.9273615697e+00    3.5176899878e+01   -9.8120738153e+00    3.8847122456e+00    7.7259243552e+00    7.0352107511e+00   -2.5455117358e+01    8.8190843666e-01    6.7200000000e+02    2.0800765410e-02    5.7002976190e-01
       105   -5.9222305324e+00    3.5099467125e+01   -9.6820106149e+00    3.7597800825e+00    7.7231127190e+00    7.0352107511e+00   -2.5233200074e+01    7.9286598922e-01    6.7200000000e+02    2.0798149335e-02    5.7092261905e-01
       106   -5.9064936750e+00    3.4925745390e+01   -9.5888868618e+00    3.6823931868e+00    7.6359779383e+00    7.0352107511e+00   -2.5052305652e+01    7.9223010105e-01    6.7200000000e+02    2.0803396049e-02    5.7170014881e-01
       107   -5.9068800607e+00    3.4918917702e+01   -9.6563104728e+00    3.7494304121e+00    7.6244124055e+00    7.0352107511e+00   -2.4978403819e+01    6.6247019009e-01    6.7200000000e+02    2.0790520851e-02    5.7301711310e-01
       108   -5.9092289709e+00    3.4950922716e+01   -9.7539505604e+00    3.8447215895e+00    7.6237632488e+00    7.0352107511e+00   -2.5134031002e+01    7.2110644175e-01    6.7200000000e+02    2.0780698077e-02    5.7419642857e-01
       109   -5.9105125833e+00    3.4963461471e+01   -9.6151273496e+00    3.7046147663e+00    7.7172938027e+00    7.0352107511e+00   -2.5153367569e+01    7.8573566527e-01    6.7200000000e+02    2.0836445489e-02    5.7287946429e-01
       110   -5.9231495269e+00    3.5107017461e+01   -9.6783991332e+00    3.7552496063e+00    7.6262604016e+00    7.0352107511e+00   -2.4927980460e+01    5.8811017418e-01    6.7200000000e+02    2.0820916404e-02    5.7086681548e-01
       111   -5.9237321381e+00    3.5118012552e+01   -9.7392327798e+00    3.8155006417e+00    7.6792922775e+00    7.0352107511e+00   -2.5218696840e+01    7.6496103166e-01    6.7200000000e+02    2.0805583271e-02    5.7135044643e-01
       112   -5.9225663518e+00    3.5103503220e+01   -9.6939192801e+00    3.7713529284e+00    7.7087388098e+00    7.0352107511e+00   -2.5174007671e+01    7.3613882959e-01    6.7200000000e+02    2.0766537339e-02    5.7081473214e-01
       113   -5.9111397904e+00    3.4972902902e+01   -9.6895219467e+00    3.7783821563e+00    7.6403593158e+00    7.0352107511e+00   -2.5125139828e+01    7.6004781425e-01    6.7200000000e+02    2.0795540753e-02    5.7169642857e-01
       114   -5.9055512465e+00    3.4907368319e+01   -9.5915751368e+00    3.6860238903e+00    7.7115315067e+00    7.0352107511e+00   -2.5178916780e+01    8.4059938508e-01    6.7200000000e+02    2.0799974005e-02    5.7088913690e-01
       115   -5.9095706039e+00    3.4955726526e+01   -9.5688436117e+00    3.6592730078e+00    7.6465946566e+00    7.0352107511e+00   -2.4995854828e+01    7.4520580837e-01    6.7200000000e+02    2.0752695589e-02    5.7207589286e-01
       116   -5.9207389539e+00    3.5079002443e+01   -9.9165997048e+00    3.9958607509e+00    7.7023845413e+00    7.0352107511e+00   -2.5353738402e+01    6.9954340512e-01    6.7200000000e+02    2.0862550565e-02    5.7047991071e-01
       117   -5.9140643991e+00    3.5001795487e+01   -9.5577722444e+00    3.6437078453e+00    7.6316673674e+00    7.0352107511e+00   -2.4899348888e+01    6.7469852511e-01    6.7200000000e+02    2.0761371360e-02    5.6952752976e-01
       118   -5.9191915712e+00    3.5083418390e+01   -9.6303694059e+00    3.7111778346e+00    7.7314743705e+00    7.0352107511e+00   -2.5066803746e+01    6.6974921866e-01    6.7200000000e+02    2.0834524712e-02    5.7265625000e-01
       119   -5.9233311349e+00    3.5120475373e+01   -9.7595933035e+00    3.8362621687e+00    7.6944469087e+00    7.0352107511e+00   -2.5298615424e+01    8.0936446099e-01    6.7200000000e+02    2.0884924262e-02    5.7143973214e-01
       120   -5.9123060265e+00    3.4982760777e+01   -9.6895906160e+00    3.7772845895e+00    7.6765316314e+00    7.0352107511e+00   -2.5093139320e+01    6.9180632115e-01    6.7200000000e+02    2.0814629006e-02    5.7102306548e-01
       121   -5.9216992385e+00    3.5092005832e+01   -9.6577931953e+00    3.7360939568e+00    7.6764056734e+00    7.0352107511e+00   -2.5136312495e+01    7.6690287561e-01    6.7200000000e+02    2.0823898251e-02    5.7184151786e-01
       122   -5.9201202608e+00    3.5078021926e+01   -9.6672259288e+00    3.7471056680e+00    7.6539327291e+00    7.0352107511e+00   -2.5080158411e+01    7.2378900215e-01    6.7200000000e+02    2.0754086047e-02    5.7160342262e-01
       123   -5.9119283850e+00    3.4976188025e+01   -9.6723847717e+00    3.7604563868e+00    7.6706189812e+00    7.0352107511e+00   -2.5111672389e+01    7.3345788451e-01    6.7200000000e+02    2.0855230028e-02    5.7277157738e-01
       124   -5.9086415571e+00    3.4944421854e+01   -9.6346849228e+00    3.7260433657e+00    7.7004560467e+00    7.0352107511e+00   -2.5195069891e+01    8.2471817018e-01    6.7200000000e+02    2.0815992521e-02    5.7079613095e-01
       125   -5.9152863289e+00    3.5020635393e+01   -9.6307570058e+00    3.7154706769e+00    7.6530153912e+00    7.0352107511e+00   -2.5154413535e+01    8.3543038653e-01    6.7200000000e+02    2.0795852401e-02    5.7241815476e-01
       126   -5.9180025973e+00    3.5057446311e+01   -9.6161466163e+00    3.6981440190e+00    7.6470429094e+00    7.0352107511e+00   -2.5015007503e+01    7.1660722665e-01    6.7200000000e+02    2.0752930117e-02    5.7125000000e-01
       127   -5.9166968524e+00    3.5045359219e+01   -9.7648861775e+00    3.8481893250e+00    7.7040869571e+00    7.0352107511e+00   -2.5278659122e+01    7.7447523674e-01    6.7200000000e+02    2.0814009132e-02    5.7196428571e-01
       128   -5.9076035257e+00    3.4943771327e+01   -9.7479370562e+00    3.8403335305e+00    7.7301526456e+00    7.0352107511e+00   -2.5254317739e+01    7.4101728646e-01    6.7200000000e+02    2.0848291324e-02    5.7142857143e-01
       129   -5.9263304795e+00    3.5149045622e+01   -9.6747973718e+00    3.7484668923e+00    7.6745696071e+00    7.0352107511e+00   -2.5172149309e+01    7.8757157905e-01    6.7200000000e+02    2.0819509855e-02    5.7216517857e-01
       130   -5.9050467081e+00    3.4955216924e+01   -9.7220107735e+00    3.8169640654e+00    7.7460359531e+00    7.0352107511e+00   -2.5292272756e+01    7.8901527871e-01    6.7200000000e+02    2.0799395939e-02    5.7036458333e-01
       131   -5.9251121439e+00    3.5133264978e+01   -9.6446218108e+00    3.7195096669e+00    7.6810206063e+00    7.0352107511e+00   -2.5126065290e+01    7.6521212174e-01    6.7200000000e+02    2.0772467084e-02    5.7106026786e-01
       132   -5.8988897823e+00    3.4837651385e+01   -9.7116906805e+00    3.8128008982e+00    7.7983353731e+00    7.0352107511e+00   -2.5384159811e+01    8.3892300611e-01    6.7200000000e+02    2.0825835294e-02    5.7127604167e-01
       133   -5.9162716537e+00    3.5029849579e+01   -9.6448727771e+00    3.7286011234e+00    7.7309198378e+00    7.0352107511e+00   -2.5092273154e+01    6.8126978795e-01    6.7200000000e+02    2.0829746991e-02    5.7123511905e-01
       134   -5.9240588115e+00    3.5121163409e+01   -9.7605786930e+00    3.8365198816e+00    7.6976752257e+00    7.0352107511e+00   -2.5322882875e+01    8.2941820558e-01    6.7200000000e+02    2.0832549650e-02    5.7148809524e-01
       135   -5.9252076843e+00    3.5140060279e+01   -9.7926985617e+00    3.8674908774e+00    7.6685117617e+00    7.0352107511e+00   -2.5254155708e+01    7.5773463300e-01    6.7200000000e+02    2.0835002808e-02    5.7287946429e-01
       136   -5.9291416709e+00    3.5187229217e+01   -9.6188792639e+00    3.6897375930e+00    7.6703980909e+00    7.0352107511e+00   -2.5183113459e+01    8.5862535353e-01    6.7200000000e+02    2.0843692268e-02    5.7217261905e-01
       137   -5.9207322853e+00    3.5083688904e+01   -9.7714048326e+00    3.8506725473e+00    7.7363050263e+00    7.0352107511e+00   -2.5290821558e+01    7.4790094805e-01    6.7200000000e+02    2.0835988400e-02    5.7298735119e-01
       138   -5.9146512852e+00    3.5012268777e+01   -9.7084391578e+00    3.7937878726e+00    7.6782873172e+00    7.0352107511e+00   -2.5139567085e+01    7.1762985837e-01    6.7200000000e+02    2.0824882511e-02    5.7235119048e-01
       139   -5.9168777329e+00    3.5044101996e+01   -9.7080552930e+00    3.7911775601e+00    7.6800669077e+00    7.0352107511e+00   -2.5132505550e+01    7.0917259796e-01    6.7200000000e+02    2.0813703063e-02    5.7093005952e-01
       140   -5.9226033990e+00    3.5125167575e+01   -9.7395831912e+00    3.8169797922e+00    7.7150928281e+00    7.0352107511e+00   -2.5269453272e+01    7.7956650147e-01    6.7200000000e+02    2.0813427871e-02    5.7261904762e-01
       141   -5.9170827160e+00    3.5046998940e+01   -9.6517553358e+00    3.7346726199e+00    7.7041490919e+00    7.0352107511e+00   -2.5127297008e+01    7.3618182870e-01    6.7200000000e+02    2.0782932196e-02    5.7216889881e-01
       142   -5.9201048925e+00    3.5091565632e+01   -9.6985031453e+00    3.7783982529e+00    7.6861105236e+00    7.0352107511e+00   -2.5221491618e+01    8.0166719836e-01    6.7200000000e+02    2.0777549152e-02    5.7207217262e-01
       143   -5.9221437382e+00    3.5101434920e+01   -9.7224933099e+00    3.8003495717e+00    7.7639137050e+00    7.0352107511e+00   -2.5284373047e+01    7.6275528126e-01    6.7200000000e+02    2.0785995653e-02    5.7152901786e-01
       144   -5.9176978374e+00    3.5049604460e+01   -9.6961244044e+00    3.7784265669e+00    7.7126667194e+00    7.0352107511e+00   -2.5235259571e+01    7.9125769603e-01    6.7200000000e+02    2.0837545422e-02    5.7128348214e-01
       145   -5.9252101349e+00    3.5139003432e+01   -9.6318067685e+00    3.7065966335e+00    7.7003492894e+00    7.0352107511e+00   -2.5084732888e+01    7.1736607909e-01    6.7200000000e+02    2.0838204540e-02    5.7321800595e-01
       146   -5.9173545715e+00    3.5045526957e+01   -9.7725612803e+00    3.8552067088e+00    7.7218322144e+00    7.0352107511e+00   -2.5280827279e+01    7.5122303281e-01    6.7200000000e+02    2.0815694724e-02    5.7097470238e-01
       147   -5.9149758462e+00    3.5019239095e+01   -9.8218094445e+00    3.9068335982e+00    7.7805779176e+00    7.0352107511e+00   -2.5404906305e+01    7.6730819180e-01    6.7200000000e+02    2.0851421941e-02    5.7250744048e-01
       148   -5.9162620574e+00    3.5036176337e+01   -9.7994689752e+00    3.8832069179e+00    7.7036652240e+00    7.0352107511e+00   -2.5291017752e+01    7.5267280194e-01    6.7200000000e+02    2.0835307393e-02    5.7158110119e-01
       149   -5.9238933226e+00    3.5119838996e+01   -9.9074251295e+00    3.9835318069e+00    7.7318387364e+00    7.0352107511e+00   -2.5530056606e+01    8.5558198917e-01    6.7200000000e+02    2.0848177017e-02    5.7311383929e-01
       150   -5.9187846750e+00    3.5064869849e+01   -9.7664223723e+00    3.8476376972e+00    7.6400300894e+00    7.0352107511e+00   -2.5156438322e+01    7.1477510911e-01    6.7200000000e+02    2.0783265936e-02    5.7050595238e-01
       151   -5.9287167751e+00    3.5178910484e+01   -9.6982812059e+00    3.7695644307e+00    7.6243467690e+00    7.0352107511e+00   -2.5069592008e+01    7.1175328162e-01    6.7200000000e+02    2.0779911999e-02    5.7152157738e-01
       152   -5.9179259405e+00    3.5048405748e+01   -9.7330855546e+00    3.8151596140e+00    7.7073456497e+00    7.0352107511e+00   -2.5238827354e+01    7.6318539852e-01    6.7200000000e+02    2.0803674969e-02    5.7175595238e-01
       153   -5.9137085479e+00    3.5005577543e+01   -9.7882021940e+00    3.8744936461e+00    7.6847774540e+00    7.0352107511e+00   -2.5244010121e+01    7.3581972144e-01    6.7200000000e+02    2.0836177343e-02    5.7129836310e-01
       154   -5.9253267886e+00    3.5135925677e+01   -9.7496588437e+00    3.8243320551e+00    7.7141492403e+00    7.0352107511e+00   -2.5166969798e+01    6.6795096262e-01    6.7200000000e+02    2.0812445312e-02    5.7067336310e-01
       155   -5.9117167913e+00    3.4984470113e+01   -9.5520984626e+00    3.6403816714e+00    7.5721317744e+00    7.0352107511e+00   -2.4847869408e+01    6.8842841963e-01    6.7200000000e+02    2.0761335303e-02    5.7085193452e-01
       156   -5.9241781694e+00    3.5131444600e+01   -9.7360702163e+00    3.8118920469e+00    7.6865957421e+00    7.0352107511e+00   -2.5296296864e+01    8.3842015413e-01    6.7200000000e+02    2.0789829244e-02    5.7214285714e-01
       157   -5.9099417916e+00    3.4957231845e+01   -9.7184823174e+00    3.8085405259e+00    7.6348654323e+00    7.0352107511e+00   -2.5130134034e+01    7.4157553358e-01    6.7200000000e+02    2.0818488798e-02    5.7246651786e-01
       158   -5.9188047278e+00    3.5061369300e+01   -9.6540651892e+00    3.7352604614e+00    7.6824357779e+00    7.0352107511e+00   -2.5130653863e+01    7.5894214454e-01    6.7200000000e+02    2.0830714176e-02    5.7109747024e-01
       159   -5.9154934244e+00    3.5024327074e+01   -9.9064125165e+00    3.9909190921e+00    7.7602299295e+00    7.0352107511e+00   -2.5417484231e+01    7.1563103436e-01    6.7200000000e+02    2.0822577799e-02    5.7042038690e-01
       160   -5.9118554278e+00    3.4986888291e+01   -9.5477712696e+00    3.6359158418e+00    7.6477660114e+00    7.0352107511e+00   -2.4952042455e+01    7.2129442332e-01    6.7200000000e+02    2.0786625414e-02    5.7148437500e-01
       161   -5.9085283348e+00    3.4935939621e+01   -9.5763867324e+00    3.6678583976e+00    7.5874391028e+00    7.0352107511e+00   -2.4993878348e+01    7.9484176139e-01    6.7200000000e+02    2.0775250346e-02    5.7171875000e-01
       162   -5.9163215224e+00    3.5037320321e+01   -9.7935464676e+00    3.8772249452e+00    7.7007548593e+00    7.0352107511e+00   -2.5263446989e+01    7.3393491078e-01    6.7200000000e+02    2.0791925310e-02    5.7018601190e-01
       163   -5.9115150243e+00    3.4979438700e+01   -9.7558623942e+00    3.8443473698e+00    7.7395084439e+00    7.0352107511e+00   -2.5348090677e+01    8.1750908783e-01    6.7200000000e+02    2.0835680245e-02    5.7342633929e-01
       164   -5.9242331623e+00    3.5129081986e+01   -9.5627244194e+00    3.6384912571e+00    7.7313832953e+00    7.0352107511e+00   -2.5052240771e+01    7.2292230564e-01    6.7200000000e+02    2.0802287745e-02    5.7138392857e-01
       165   -5.9286451675e+00    3.5176132365e+01   -9.6480567411e+00    3.7194115736e+00    7.6893896231e+00    7.0352107511e+00   -2.5068029351e+01    6.9537223555e-01    6.7200000000e+02    2.0816096927e-02    5.7442336310e-01
       166   -5.9112276839e+00    3.4972152262e+01   -9.6854234004e+00    3.7741957165e+00    7.7425007573e+00    7.0352107511e+00   -2.5155210429e+01    6.9207552005e-01    6.7200000000e+02    2.0828566345e-02    5.7213913690e-01
       167   -5.9346150090e+00    3.5722968795e+01   -9.6391027077e+00    3.7044876987e+00    7.7057004577e+00    7.0352107511e+00   -2.5119616063e+01    7.3960214647e-01    6.7200000000e+02    2.0809337338e-02    5.7133928571e-01
       168   -5.9100180532e+00    3.4956816712e+01   -9.6291176295e+00    3.7190995763e+00    7.7619704363e+00    7.0352107511e+00   -2.5155504212e+01    7.2920539476e-01    6.7200000000e+02    2.0881746276e-02    5.7470610119e-01
       169   -5.9144511754e+00    3.5014545427e+01   -9.7083271983e+00    3.7938760229e+00    7.7163917252e+00    7.0352107511e+00   -2.5197154204e+01    7.3722452980e-01    6.7200000000e+02    2.0816965520e-02    5.7190104167e-01
       170   -5.9220640364e+00    3.5098875345e+01   -9.6482590297e+00    3.7261949933e+00    7.7091740026e+00    7.0352107511e+00   -2.5083913783e+01    6.9126999930e-01    6.7200000000e+02    2.0840211942e-02    5.7089657738e-01
       171   -5.9199232104e+00    3.5089105538e+01   -9.5521998336e+00    3.6322766232e+00    7.6357476721e+00    7.0352107511e+00   -2.5026216375e+01    8.0305811823e-01    6.7200000000e+02    2.0841685282e-02    5.7373139881e-01
       172   -5.9072421168e+00    3.4926909939e+01   -9.6304177122e+00    3.7231755954e+00    7.7188356943e+00    7.0352107511e+00   -2.5164820713e+01    7.8035655532e-01    6.7200000000e+02    2.0819994780e-02    5.7170758929e-01
       173   -5.9162250515e+00    3.5032961444e+01   -9.7027611109e+00    3.7865360594e+00    7.6620721443e+00    7.0352107511e+00   -2.5192414823e+01    7.9237081623e-01    6.7200000000e+02    2.0829151428e-02    5.7045014881e-01
       174   -5.9103394409e+00    3.4963924220e+01   -9.7221213727e+00    3.8117819318e+00    7.7200213280e+00    7.0352107511e+00   -2.5188744550e+01    7.1139109780e-01    6.7200000000e+02    2.0812488814e-02    5.7278273810e-01
       175   -5.9222015376e+00    3.5104354963e+01   -9.6323070183e+00    3.7101054807e+00    7.6667166532e+00    7.0352107511e+00   -2.5141463414e+01    8.0722899186e-01    6.7200000000e+02    2.0783264731e-02    5.7108258929e-01
       176   -5.9226847275e+00    3.5112708020e+01   -9.6024058527e+00    3.6797211252e+00    7.7237317262e+00    7.0352107511e+00   -2.5043245691e+01    6.8189736099e-01    6.7200000000e+02    2.0813639034e-02    5.6981770833e-01
       177   -5.9030021834e+00    3.4886456825e+01   -9.9061129744e+00    4.0031107909e+00    7.6455165279e+00    7.0352107511e+00   -2.5254239215e+01    6.6739896126e-01    6.7200000000e+02    2.0765380415e-02    5.7183779762e-01
       178   -5.9081876975e+00    3.4933006224e+01   -9.7558739337e+00    3.8476862363e+00    7.6854713234e+00    7.0352107511e+00   -2.5205279486e+01    7.2872347800e-01    6.7200000000e+02    2.0835409436e-02    5.7064732143e-01
       179   -5.9058182429e+00    3.4927447211e+01   -9.7516767525e+00    3.8458585096e+00    7.6996553575e+00    7.0352107511e+00   -2.5252478805e+01    7.6593594371e-01    6.7200000000e+02    2.0834841644e-02    5.7244791667e-01
       180   -5.9201254402e+00    3.5075470657e+01   -9.7582010649e+00    3.8380756248e+00    7.6906049065e+00    7.0352107511e+00   -2.5247918413e+01    7.6390169076e-01    6.7200000000e+02    2.0826871233e-02    5.7048735119e-01
       181   -5.9127008810e+00    3.5011359202e+01   -9.6219980456e+00    3.7092971646e+00    7.6734791386e+00    7.0352107511e+00   -2.5152127045e+01    8.2143910935e-01    6.7200000000e+02    2.0821478637e-02    5.7159598214e-01
       182   -5.9253018809e+00    3.5145023266e+01   -9.6210906814e+00    3.6957888004e+00    7.6487166641e+00    7.0352107511e+00   -2.5036924594e+01    7.3190649714e-01    6.7200000000e+02    2.0773041024e-02    5.7193452381e-01
       183   -5.9162339259e+00    3.5031974281e+01   -9.6810464770e+00    3.7648125511e+00    7.7057196590e+00    7.0352107511e+00   -2.5266266988e+01    8.4429010128e-01    6.7200000000e+02    2.0852245389e-02    5.7336309524e-01
       184   -5.9050395001e+00    3.4903523672e+01   -9.5245333845e+00    3.6194938844e+00    7.6786820744e+00    7.0352107511e+00   -2.5029246161e+01    7.9081995139e-01    6.7200000000e+02    2.0778589200e-02    5.7223586310e-01
       185   -5.9129918433e+00    3.4989488593e+01   -9.6715532620e+00    3.7585614186e+00    7.6683198636e+00    7.0352107511e+00   -2.5046611534e+01    6.7152765786e-01    6.7200000000e+02    2.0777338002e-02    5.7042410714e-01
       186   -5.9287106616e+00    3.5180762519e+01   -9.6939885322e+00    3.7652778706e+00    7.6498477375e+00    7.0352107511e+00   -2.5126096019e+01    7.4704899866e-01    6.7200000000e+02    2.0808268502e-02    5.7262648810e-01
       187   -5.9247622666e+00    3.5128307057e+01   -9.6428959908e+00    3.7181337242e+00    7.6703938252e+00    7.0352107511e+00   -2.5032941117e+01    6.8444054943e-01    6.7200000000e+02    2.0753318439e-02    5.6847098214e-01
       188   -5.9119072919e+00    3.4977138735e+01   -9.9384488628e+00    4.0265415709e+00    7.7357052461e+00    7.0352107511e+00   -2.5492298363e+01    7.8293350342e-01    6.7200000000e+02    2.0812451143e-02    5.7212425595e-01
       189   -5.9248379679e+00    3.5138826750e+01   -9.6856431118e+00    3.7608051438e+00    7.7001571884e+00    7.0352107511e+00   -2.5213675159e+01    7.9266410800e-01    6.7200000000e+02    2.0808954167e-02    5.6960937500e-01
       190   -5.9150239003e+00    3.5018374476e+01   -9.7119182730e+00    3.7968943727e+00    7.7391378955e+00    7.0352107511e+00   -2.5291962359e+01    8.0569543920e-01    6.7200000000e+02    2.0838176348e-02    5.7261904762e-01
       191   -5.9189151919e+00    3.5061823762e+01   -9.7466877364e+00    3.8277725445e+00    7.6754993229e+00    7.0352107511e+00   -2.5170526474e+01    7.1312866327e-01    6.7200000000e+02    2.0795719957e-02    5.7077752976e-01
       192   -5.9250334733e+00    3.5130440001e+01   -9.7002995636e+00    3.7752660903e+00    7.6532311841e+00    7.0352107511e+00   -2.5031096007e+01    6.4235450807e-01    6.7200000000e+02    2.0773620263e-02    5.7154017857e-01
       193   -5.9115699530e+00    3.4973282894e+01   -9.7232330396e+00    3.8116630866e+00    7.7221975176e+00    7.0352107511e+00   -2.5318091656e+01    8.3745034798e-01    6.7200000000e+02    2.0806447618e-02    5.7113095238e-01
       194   -5.9106197232e+00    3.4965486492e+01   -9.5749814234e+00    3.6643617001e+00    7.6817207106e+00    7.0352107511e+00   -2.5080722945e+01    7.8881006025e-01    6.7200000000e+02    2.0817581615e-02    5.7250744048e-01
       195   -5.9095871888e+00    3.4953830607e+01   -9.6590257630e+00    3.7494385742e+00    7.6948529224e+00    7.0352107511e+00   -2.5286509416e+01    8.9741998000e-01    6.7200000000e+02    2.0820423513e-02    5.7190848214e-01
       196   -5.9080411960e+00    3.4933847690e+01   -9.7149660776e+00    3.8069248817e+00    7.7130198252e+00    7.0352107511e+00   -2.5215659654e+01    7.5246300034e-01    6.7200000000e+02    2.0887880226e-02    5.7393973214e-01
       197   -5.9046987860e+00    3.4896748152e+01   -9.7250727906e+00    3.8203740046e+00    7.7608710578e+00    7.0352107511e+00   -2.5184740282e+01    6.6358568195e-01    6.7200000000e+02    2.0865693177e-02    5.7121279762e-01
       198   -5.9127320686e+00    3.4983247194e+01   -9.7621836133e+00    3.8494515447e+00    7.7067247083e+00    7.0352107511e+00   -2.5175200230e+01    6.7108115782e-01    6.7200000000e+02    2.0829926984e-02    5.7069568452e-01
       199   -5.9158426086e+00    3.5024525647e+01   -9.8027933393e+00    3.8869507307e+00    7.7118541472e+00    7.0352107511e+00   -2.5268486390e+01    7.1862815273e-01    6.7200000000e+02    2.0806843099e-02    5.7234375000e-01
       200   -5.9231982570e+00    3.5122733845e+01   -9.6417963182e+00    3.7185980611e+00    7.7080837780e+00    7.0352107511e+00   -2.5135702715e+01    7.5061186752e-01    6.7200000000e+02    2.0775075498e-02    5.7148065476e-01
       201   -5.9332888717e+00    3.5268425456e+01   -9.7328984585e+00    3.7996095868e+00    7.6793375761e+00    7.0352107511e+00   -2.5244410872e+01    7.9696408625e-01    6.7200000000e+02    2.0821974626e-02    5.6963541667e-01
       202   -5.9229925233e+00    3.5105648769e+01   -9.8347214125e+00    3.9117288892e+00    7.6354646018e+00    7.0352107511e+00   -2.5117487790e+01    6.1209102504e-01    6.7200000000e+02    2.0830568391e-02    5.7297247024e-01
       203   -5.9120104873e+00    3.4979417890e+01   -9.6780348326e+00    3.7660243453e+00    7.6840558762e+00    7.0352107511e+00   -2.5180712079e+01    7.8341061920e-01    6.7200000000e+02    2.0797799112e-02    5.7221354167e-01
       204   -5.9123916266e+00    3.5003321056e+01   -9.5867089716e+00    3.6743173450e+00    7.6592841487e+00    7.0352107511e+00   -2.5102661134e+01    8.2145726227e-01    6.7200000000e+02    2.0818732830e-02    5.7203497024e-01
       205   -5.9112167895e+00    3.4969010653e+01   -9.7586708401e+00    3.8474540506e+00    7.6794768481e+00    7.0352107511e+00   -2.5285933096e+01    8.1257465666e-01    6.7200000000e+02    2.0852022256e-02    5.7010788690e-01
       206   -5.9179471486e+00    3.5053118498e+01   -9.5606440605e+00    3.6426969119e+00    7.7871922327e+00    7.0352107511e+00   -2.5241067154e+01    8.5802010926e-01    6.7200000000e+02    2.0822656306e-02    5.7137276786e-01
       207   -5.9170695607e+00    3.5077742300e+01   -9.6867924701e+00    3.7697229093e+00    7.7247596200e+00    7.0352107511e+00   -2.5274602002e+01    8.2783916053e-01    6.7200000000e+02    2.0830912442e-02    5.7116815476e-01
       208   -5.9260659470e+00    3.5158849139e+01   -9.5948764702e+00    3.6688105232e+00    7.6417486642e+00    7.0352107511e+00   -2.5069720000e+01    7.9788411425e-01    6.7200000000e+02    2.0825964854e-02    5.7426711310e-01
       209   -5.9238930797e+00    3.5129627355e+01   -9.6244681318e+00    3.7005750521e+00    7.6900602280e+00    7.0352107511e+00   -2.5253784522e+01    9.0404541107e-01    6.7200000000e+02    2.0816270887e-02    5.7211681548e-01
       210   -5.9154188930e+00    3.5023774142e+01   -9.7580433878e+00    3.8426244948e+00    7.6954889782e+00    7.0352107511e+00   -2.5256953187e+01    7.6821006952e-01    6.7200000000e+02    2.0791474363e-02    5.7366443452e-01
       211   -5.9161862310e+00    3.5029722104e+01   -9.7239317474e+00    3.8077455164e+00    7.6695049774e+00    7.0352107511e+00   -2.5148802117e+01    7.2015464160e-01    6.7200000000e+02    2.0809510028e-02    5.7228050595e-01
       212   -5.9066070200e+00    3.4922620770e+01   -9.6297662943e+00    3.7231592743e+00    7.6883926437e+00    7.0352107511e+00   -2.5071214880e+01    7.1784519138e-01    6.7200000000e+02    2.0815033046e-02    5.7314360119e-01
       213   -5.9263465591e+00    3.5145699257e+01   -9.8406728599e+00    3.9143263008e+00    7.7222978964e+00    7.0352107511e+00   -2.5267889808e+01    6.6970830013e-01    6.7200000000e+02    2.0828921121e-02    5.7110863095e-01
       214   -5.9167347762e+00    3.5049418700e+01   -9.6179816968e+00    3.7012469206e+00    7.7128340935e+00    7.0352107511e+00   -2.5250254833e+01    8.8422829168e-01    6.7200000000e+02    2.0829703621e-02    5.7366443452e-01
       215   -5.9124599981e+00    3.4984936604e+01   -9.6248619588e+00    3.7124019608e+00    7.6854942023e+00    7.0352107511e+00   -2.5121688392e+01    7.7612148000e-01    6.7200000000e+02    2.0838831286e-02    5.6970610119e-01
       216   -5.9322783084e+00    3.5221943254e+01   -9.6516913584e+00    3.7194130501e+00    7.6955426877e+00    7.0352107511e+00   -2.5152255645e+01    7.6981084730e-01    6.7200000000e+02    2.0838506947e-02    5.7171875000e-01
       217   -5.9202464980e+00    3.5078477395e+01   -9.7716657790e+00    3.8514192810e+00    7.6750294123e+00    7.0352107511e+00   -2.5151030282e+01    6.6912433914e-01    6.7200000000e+02    2.0827045421e-02    5.7328869048e-01
       218   -5.9151861514e+00    3.5025456755e+01   -9.6589216597e+00    3.7437355083e+00    7.7001659646e+00    7.0352107511e+00   -2.5177483739e+01    7.8318536342e-01    6.7200000000e+02    2.0836994277e-02    5.7134672619e-01
       219   -5.9069705653e+00    3.4924806236e+01   -9.7268569078e+00    3.8198863425e+00    7.6574062410e+00    7.0352107511e+00   -2.5301020745e+01    8.8154684544e-01    6.7200000000e+02    2.0841084519e-02    5.7130208333e-01
       220   -5.9201183143e+00    3.5081420067e+01   -9.7475862467e+00    3.8274679324e+00    7.7307486000e+00    7.0352107511e+00   -2.5300782633e+01    7.8723703471e-01    6.7200000000e+02    2.0827443189e-02    5.7170014881e-01
       221   -5.8969617695e+00    3.4844689686e+01   -9.6215859340e+00    3.7246241646e+00    7.7565857796e+00    7.0352107511e+00   -2.5227545173e+01    8.1416270873e-01    6.7200000000e+02    2.0857572587e-02    5.7186011905e-01
       222   -5.9165848053e+00    3.5036687638e+01   -9.6226945540e+00    3.7061097487e+00    7.6573055995e+00    7.0352107511e+00   -2.5114400675e+01    7.9918977026e-01    6.7200000000e+02    2.0816215138e-02    5.7297247024e-01
       223   -5.9169098342e+00    3.5053683676e+01   -9.7258758380e+00    3.8089660038e+00    7.6898175081e+00    7.0352107511e+00   -2.5226795036e+01    7.7589093885e-01    6.7200000000e+02    2.0794967359e-02    5.7109002976e-01
       224   -5.9190888040e+00    3.5063776031e+01   -9.8172054125e+00    3.8981166085e+00    7.6872537928e+00    7.0352107511e+00   -2.5252423553e+01    7.1275359608e-01    6.7200000000e+02    2.0851169558e-02    5.7268601190e-01
       225   -5.9121536416e+00    3.4980921624e+01   -9.6873226348e+00    3.7751689932e+00    7.6667400410e+00    7.0352107511e+00   -2.5087644519e+01    6.9837109181e-01    6.7200000000e+02    2.0834405251e-02    5.7146205357e-01
       226   -5.9124902251e+00    3.4991771753e+01   -9.5530342599e+00    3.6405440348e+00    7.7177469080e+00    7.0352107511e+00   -2.5152900373e+01    8.4690845415e-01    6.7200000000e+02    2.0815478751e-02    5.7246279762e-01
       227   -5.9221613560e+00    3.5099143974e+01   -9.7378217196e+00    3.8156603636e+00    7.6796406811e+00    7.0352107511e+00   -2.5144881750e+01    6.9220859860e-01    6.7200000000e+02    2.0791827150e-02    5.7043898810e-01
       228   -5.9103943742e+00    3.4962370002e+01   -9.5342475867e+00    3.6238532125e+00    7.7025554884e+00    7.0352107511e+00   -2.5067593624e+01    7.9557979821e-01    6.7200000000e+02    2.0821957668e-02    5.7328497024e-01
       229   -5.9217808601e+00    3.5108400067e+01   -9.6077366601e+00    3.6859558000e+00    7.7262969668e+00    7.0352107511e+00   -2.5175532341e+01    8.0628796324e-01    6.7200000000e+02    2.0814886125e-02    5.7195312500e-01
       230   -5.9114899273e+00    3.4998011893e+01   -9.6531914932e+00    3.7417015659e+00    7.7310246226e+00    7.0352107511e+00   -2.5220415857e+01    8.0098898994e-01    6.7200000000e+02    2.0809964083e-02    5.7261532738e-01
       231   -5.9091573656e+00    3.4943373090e+01   -9.7038420349e+00    3.7946846694e+00    7.6864879753e+00    7.0352107511e+00   -2.5273127430e+01    8.4758666884e-01    6.7200000000e+02    2.0843295568e-02    5.7129464286e-01
       232   -5.9155088370e+00    3.5022741362e+01   -9.6711497609e+00    3.7556409239e+00    7.7375487181e+00    7.0352107511e+00   -2.5159960509e+01    7.1605127927e-01    6.7200000000e+02    2.0773925496e-02    5.7000372024e-01
       233   -5.9314506988e+00    3.5211135026e+01   -9.6410654740e+00    3.7096147751e+00    7.7029587689e+00    7.0352107511e+00   -2.5141115512e+01    7.6188051796e-01    6.7200000000e+02    2.0825021508e-02    5.7214657738e-01
       234   -5.9176504391e+00    3.5050168564e+01   -9.7107337605e+00    3.7930833214e+00    7.6647535009e+00    7.0352107511e+00   -2.5155061750e+01    7.4436373700e-01    6.7200000000e+02    2.0809314252e-02    5.7025669643e-01
       235   -5.9187994600e+00    3.5065215348e+01   -9.7729654343e+00    3.8541659743e+00    7.7397365016e+00    7.0352107511e+00   -2.5340204736e+01    7.9229204905e-01    6.7200000000e+02    2.0851418582e-02    5.7223958333e-01
       236   -5.9151144015e+00    3.5020454923e+01   -9.7296964241e+00    3.8145820226e+00    7.6604567143e+00    7.0352107511e+00   -2.5100502958e+01    6.7513906805e-01    6.7200000000e+02    2.0788863575e-02    5.7093005952e-01
       237   -5.9196649232e+00    3.5069180379e+01   -9.7915874647e+00    3.8719225415e+00    7.6906212429e+00    7.0352107511e+00   -2.5164962140e+01    6.4754268158e-01    6.7200000000e+02    2.0771787806e-02    5.7063988095e-01
       238   -5.9099176704e+00    3.4953708776e+01   -9.6679895115e+00    3.7580718411e+00    7.7302482331e+00    7.0352107511e+00   -2.5251017830e+01    8.1756933468e-01    6.7200000000e+02    2.0852160093e-02    5.7131324405e-01
       239   -5.9131954014e+00    3.5040413703e+01   -9.5294185293e+00    3.6162231280e+00    7.6673173193e+00    7.0352107511e+00   -2.5029199098e+01    7.9725249872e-01    6.7200000000e+02    2.0803019112e-02    5.7173363095e-01
       240   -5.9278298894e+00    3.5190585414e+01   -9.6929692351e+00    3.7651393457e+00    7.7243843828e+00    7.0352107511e+00   -2.5359189002e+01    9.0662463340e-01    6.7200000000e+02    2.0811796562e-02    5.7178199405e-01
       241   -5.9113168536e+00    3.4980771338e+01   -9.5750390088e+00    3.6637221552e+00    7.6905064230e+00    7.0352107511e+00   -2.5093679633e+01    7.9292345042e-01    6.7200000000e+02    2.0794761084e-02    5.7079985119e-01
       242   -5.9170054775e+00    3.5037680583e+01   -9.6620041835e+00    3.7449987060e+00    7.6611645561e+00    7.0352107511e+00   -2.5105302459e+01    7.4692296829e-01    6.7200000000e+02    2.0803454554e-02    5.7076636905e-01
       243   -5.9320042114e+00    3.5239663634e+01   -9.5675437016e+00    3.6355394902e+00    7.6680402458e+00    7.0352107511e+00   -2.5043631954e+01    7.7283725561e-01    6.7200000000e+02    2.0781594152e-02    5.7325148810e-01
       244   -5.9099509529e+00    3.4986847415e+01   -9.7002410976e+00    3.7902901446e+00    7.6582810531e+00    7.0352107511e+00   -2.5135492684e+01    7.4175978196e-01    6.7200000000e+02    2.0837791888e-02    5.7234747024e-01
       245   -5.9268241827e+00    3.5156968624e+01   -9.6507001010e+00    3.7238759183e+00    7.7138849879e+00    7.0352107511e+00   -2.5254963434e+01    8.5516759361e-01    6.7200000000e+02    2.0777442220e-02    5.7248883929e-01
       246   -5.9006783217e+00    3.4846229700e+01   -9.7270915129e+00    3.8264131911e+00    7.6916019271e+00    7.0352107511e+00   -2.5202756075e+01    7.4885188391e-01    6.7200000000e+02    2.0840889421e-02    5.7279761905e-01
       247   -5.9213478456e+00    3.5090286967e+01   -9.7769022299e+00    3.8555543843e+00    7.7443398368e+00    7.0352107511e+00   -2.5314085293e+01    7.5763247504e-01    6.7200000000e+02    2.0844108702e-02    5.7020833333e-01
       248   -5.9178724352e+00    3.5065904995e+01   -9.6674428123e+00    3.7495703772e+00    7.7293207953e+00    7.0352107511e+00   -2.5264448353e+01    8.3247399468e-01    6.7200000000e+02    2.0814108976e-02    5.7284598214e-01
       249   -5.9204686829e+00    3.5084525568e+01   -9.6561227523e+00    3.7356540694e+00    7.6537985736e+00    7.0352107511e+00   -2.5070083200e+01    7.2495112282e-01    6.7200000000e+02    2.0798080341e-02    5.7099330357e-01
       250   -5.9125679468e+00    3.4992560481e+01   -9.7425042864e+00    3.8299363396e+00    7.7281770842e+00    7.0352107511e+00   -2.5252772490e+01    7.4688036852e-01    6.7200000000e+02    2.0861780645e-02    5.7195312500e-01
       251   -5.9166143229e+00    3.5039916368e+01   -9.6214859858e+00    3.7048716629e+00    7.7166769123e+00    7.0352107511e+00   -2.5290267079e+01    9.1689342999e-01    6.7200000000e+02    2.0834458066e-02    5.7259300595e-01
       252   -5.9080833456e+00    3.4933008007e+01   -9.7174168781e+00    3.8093335325e+00    7.6717030598e+00    7.0352107511e+00   -2.5127675716e+01    7.0334502694e-01    6.7200000000e+02    2.0809922756e-02    5.7179315476e-01
       253   -5.9076678180e+00    3.4934422858e+01   -9.5758593161e+00    3.6681914981e+00    7.6697806409e+00    7.0352107511e+00   -2.5153423054e+01    8.7257234603e-01    6.7200000000e+02    2.0843488218e-02    5.7315476190e-01
       254   -5.9105302251e+00    3.4962793428e+01   -9.8582346360e+00    3.9477044109e+00    7.7038653854e+00    7.0352107511e+00   -2.5274300540e+01    6.7698976751e-01    6.7200000000e+02    2.0845583707e-02    5.7021205357e-01
       255   -5.9123519624e+00    3.4984969673e+01   -9.8631794140e+00    3.9508274515e+00    7.7523576312e+00    7.0352107511e+00   -2.5430457191e+01    7.7970939490e-01    6.7200000000e+02    2.0892802395e-02    5.7290922619e-01
       256   -5.9234466606e+00    3.5139300931e+01   -9.6889155092e+00    3.7654688486e+00    7.7631016021e+00    7.0352107511e+00   -2.5332398949e+01    8.4517108694e-01    6.7200000000e+02    2.0879901270e-02    5.7258928571e-01
       257   -5.9222266217e+00    3.5100707227e+01   -9.6347173076e+00    3.7124906859e+00    7.7064576172e+00    7.0352107511e+00   -2.5109014018e+01    7.3262834205e-01    6.7200000000e+02    2.0781113736e-02    5.7104910714e-01
       258   -5.9021941401e+00    3.4879428442e+01   -9.6744457810e+00    3.7722516410e+00    7.7368688788e+00    7.0352107511e+00   -2.5212749585e+01    7.6622417421e-01    6.7200000000e+02    2.0853713152e-02    5.7262276786e-01
       259   -5.9108974900e+00    3.4974126214e+01   -9.8326100837e+00    3.9217125937e+00    7.6679001073e+00    7.0352107511e+00   -2.5336813017e+01    8.0109207522e-01    6.7200000000e+02    2.0822983516e-02    5.7069940476e-01
       260   -5.9206162917e+00    3.5088543669e+01   -9.8207555384e+00    3.9001392467e+00    7.6603168940e+00    7.0352107511e+00   -2.5304993002e+01    7.8870981842e-01    6.7200000000e+02    2.0770740700e-02    5.7246651786e-01
       261   -5.9226671322e+00    3.5110288993e+01   -9.6488614478e+00    3.7261943156e+00    7.6373148505e+00    7.0352107511e+00   -2.5080199990e+01    7.5881294096e-01    6.7200000000e+02    2.0786838445e-02    5.7131324405e-01
       262   -5.9103160056e+00    3.4965365139e+01   -9.5829406974e+00    3.6726246918e+00    7.7213742705e+00    7.0352107511e+00   -2.5065926978e+01    7.2640125873e-01    6.7200000000e+02    2.0837536722e-02    5.7162202381e-01
       263   -5.9160004964e+00    3.5025087269e+01   -9.6609424045e+00    3.7449419081e+00    7.6964062427e+00    7.0352107511e+00   -2.5174391601e+01    7.8183220315e-01    6.7200000000e+02    2.0868032640e-02    5.7292038690e-01
       264   -5.9223148108e+00    3.5100865874e+01   -9.7640631554e+00    3.8417483446e+00    7.7261840808e+00    7.0352107511e+00   -2.5223765171e+01    6.9830718407e-01    6.7200000000e+02    2.0802377623e-02    5.7068080357e-01
       265   -5.9222690569e+00    3.5100754264e+01   -9.6341760246e+00    3.7119069677e+00    7.6325235918e+00    7.0352107511e+00   -2.5096048380e+01    7.9413801229e-01    6.7200000000e+02    2.0789671557e-02    5.6932663690e-01
       266   -5.9158229178e+00    3.5025326084e+01   -9.5482557495e+00    3.6324328317e+00    7.7095465562e+00    7.0352107511e+00   -2.5115294743e+01    8.2228168587e-01    6.7200000000e+02    2.0852053576e-02    5.7147321429e-01
       267   -5.9111261555e+00    3.4981094611e+01   -9.8423863922e+00    3.9312602367e+00    7.6938243911e+00    7.0352107511e+00   -2.5378666841e+01    8.0724530685e-01    6.7200000000e+02    2.0838106605e-02    5.7156622024e-01
       268   -5.9150561095e+00    3.5015853042e+01   -9.5786409518e+00    3.6635848423e+00    7.6633546228e+00    7.0352107511e+00   -2.5054134381e+01    7.7692805517e-01    6.7200000000e+02    2.0805198381e-02    5.7133184524e-01
       269   -5.9161218767e+00    3.5028590564e+01   -9.7692563076e+00    3.8531344309e+00    7.7011454341e+00    7.0352107511e+00   -2.5298589288e+01    7.9297679472e-01    6.7200000000e+02    2.0850535089e-02    5.7354166667e-01
       270   -5.9160385221e+00    3.5028450632e+01   -9.7903307656e+00    3.8742922435e+00    7.7303926124e+00    7.0352107511e+00   -2.5367225607e+01    8.1129147743e-01    6.7200000000e+02    2.0795837327e-02    5.7174479167e-01
       271   -5.9072725867e+00    3.4929429139e+01   -9.5356201029e+00    3.6283475161e+00    7.6957285247e+00    7.0352107511e+00   -2.5012631549e+01    7.4607217039e-01    6.7200000000e+02    2.0802035971e-02    5.7226190476e-01
       272   -5.9117163966e+00    3.4984059793e+01   -9.7461229724e+00    3.8344065758e+00    7.7866896190e+00    7.0352107511e+00   -2.5399241852e+01    8.3121850943e-01    6.7200000000e+02    2.0859479472e-02    5.7105654762e-01
       273   -5.9029690529e+00    3.4875357161e+01   -9.7346178131e+00    3.8316487602e+00    7.6855033313e+00    7.0352107511e+00   -2.5139715791e+01    6.8438389499e-01    6.7200000000e+02    2.0838179443e-02    5.7180431548e-01
       274   -5.9173266878e+00    3.5049284567e+01   -9.7147903622e+00    3.7974636744e+00    7.6656328505e+00    7.0352107511e+00   -2.5180632422e+01    7.6499845851e-01    6.7200000000e+02    2.0869128836e-02    5.7255580357e-01
       275   -5.9131756751e+00    3.4996678882e+01   -9.6359597007e+00    3.7227840256e+00    7.7034668126e+00    7.0352107511e+00   -2.5289962459e+01    9.1532519444e-01    6.7200000000e+02    2.0791071079e-02    5.7219866071e-01
       276   -5.9107362197e+00    3.4961334304e+01   -9.6668311180e+00    3.7560948984e+00    7.6370278633e+00    7.0352107511e+00   -2.5017408152e+01    6.7833841937e-01    6.7200000000e+02    2.0828518874e-02    5.7209449405e-01
       277   -5.9133481402e+00    3.4997312925e+01   -9.5740899185e+00    3.6607417783e+00    7.6504070052e+00    7.0352107511e+00   -2.5102465624e+01    8.4275794898e-01    6.7200000000e+02    2.0773775161e-02    5.7173363095e-01
       278   -5.9179271766e+00    3.5046275208e+01   -9.6830843786e+00    3.7651572020e+00    7.6396086952e+00    7.0352107511e+00   -2.5023573926e+01    6.6567010127e-01    6.7200000000e+02    2.0809524048e-02    5.7238467262e-01
       279   -5.9120584796e+00    3.4984224086e+01   -9.6115769607e+00    3.6995184811e+00    7.6043551448e+00    7.0352107511e+00   -2.5017726998e+01    7.6658414163e-01    6.7200000000e+02    2.0748974325e-02    5.7174107143e-01
       280   -5.9140431644e+00    3.5000731899e+01   -9.7026786463e+00    3.7886354819e+00    7.6238807550e+00    7.0352107511e+00   -2.5058442793e+01    6.9667264091e-01    6.7200000000e+02    2.0746557789e-02    5.7308035714e-01
       281   -5.9087962455e+00    3.4950753847e+01   -9.6079259922e+00    3.6991297468e+00    7.6549725574e+00    7.0352107511e+00   -2.5074749844e+01    7.7664054330e-01    6.7200000000e+02    2.0806915619e-02    5.7240327381e-01
       282   -5.9262742428e+00    3.5157711962e+01   -9.6355200248e+00    3.7092457820e+00    7.7060390456e+00    7.0352107511e+00   -2.5113068790e+01    7.3629896835e-01    6.7200000000e+02    2.0802643694e-02    5.7045386905e-01
       283   -5.9371586435e+00    3.5294533931e+01   -9.7196451588e+00    3.7824865152e+00    7.7849682035e+00    7.0352107511e+00   -2.5296305099e+01    7.5648098551e-01    6.7200000000e+02    2.0858541604e-02    5.7228422619e-01
       284   -5.9243277486e+00    3.5132866055e+01   -9.5656817449e+00    3.6413539963e+00    7.6852074463e+00    7.0352107511e+00   -2.5156497524e+01    8.7039758118e-01    6.7200000000e+02    2.0781902440e-02    5.7182291667e-01
       285   -5.8945001734e+00    3.4796145199e+01   -9.7093408883e+00    3.8148407148e+00    7.7007190503e+00    7.0352107511e+00   -2.5250417369e+01    8.0514667905e-01    6.7200000000e+02    2.0789006495e-02    5.7175967262e-01
       286   -5.9021367968e+00    3.4861162637e+01   -9.7142633581e+00    3.8121265613e+00    7.6540861886e+00    7.0352107511e+00   -2.5163892053e+01    7.6033175467e-01    6.7200000000e+02    2.0799822233e-02    5.7262648810e-01
       287   -5.9068796848e+00    3.4920373590e+01   -9.5435891668e+00    3.6367094820e+00    7.6724700776e+00    7.0352107511e+00   -2.5127708411e+01    8.7643841518e-01    6.7200000000e+02    2.0790406317e-02    5.7258184524e-01
       288   -5.9183753300e+00    3.5055557045e+01   -9.6540244292e+00    3.7356490992e+00    7.6894589188e+00    7.0352107511e+00   -2.5124946554e+01    7.4625245503e-01    6.7200000000e+02    2.0802416294e-02    5.7206845238e-01
       289   -5.9001627783e+00    3.4848215436e+01   -9.5760238645e+00    3.6758610862e+00    7.6213981681e+00    7.0352107511e+00   -2.5018377938e+01    7.8574515406e-01    6.7200000000e+02    2.0758781129e-02    5.7290922619e-01
       290   -5.9063463539e+00    3.4913280031e+01   -9.6105685657e+00    3.7042222118e+00    7.7924654130e+00    7.0352107511e+00   -2.5195266119e+01    7.5702138945e-01    6.7200000000e+02    2.0853321311e-02    5.7158482143e-01
       291   -5.9071444838e+00    3.4920464752e+01   -9.7804486696e+00    3.8733041858e+00    7.6519556986e+00    7.0352107511e+00   -2.5171404871e+01    7.0378975127e-01    6.7200000000e+02    2.0817043626e-02    5.7171130952e-01
       292   -5.9203689390e+00    3.5087068947e+01   -9.5812894698e+00    3.6609205308e+00    7.7540517932e+00    7.0352107511e+00   -2.5094732222e+01    7.2418020770e-01    6.7200000000e+02    2.0820446457e-02    5.7010044643e-01
       293   -5.9160696459e+00    3.5027746275e+01   -9.7610153816e+00    3.8449457358e+00    7.6175309132e+00    7.0352107511e+00   -2.5147644733e+01    7.3388768711e-01    6.7200000000e+02    2.0844900899e-02    5.7232886905e-01
       294   -5.9148130640e+00    3.5022263515e+01   -9.8247290007e+00    3.9099159367e+00    7.7107997575e+00    7.0352107511e+00   -2.5421874894e+01    8.5113538474e-01    6.7200000000e+02    2.0832589438e-02    5.7344494048e-01
       295   -5.9185336328e+00    3.5058448967e+01   -9.7474998898e+00    3.8289662570e+00    7.6880886185e+00    7.0352107511e+00   -2.5192705518e+01    7.2190625844e-01    6.7200000000e+02    2.0858639142e-02    5.7254464286e-01
       296   -5.9205249708e+00    3.5083976309e+01   -9.7037524254e+00    3.7832274545e+00    7.6561282215e+00    7.0352107511e+00   -2.5212763678e+01    8.1767227990e-01    6.7200000000e+02    2.0774493754e-02    5.6955729167e-01
       297   -5.9259890312e+00    3.5155860202e+01   -9.6573950456e+00    3.7314060144e+00    7.7373413822e+00    7.0352107511e+00   -2.5215373619e+01    7.8542644019e-01    6.7200000000e+02    2.0830946157e-02    5.7096726190e-01
       298   -5.9126885601e+00    3.4993346872e+01   -9.7750128375e+00    3.8623242774e+00    7.6701690652e+00    7.0352107511e+00   -2.5281305574e+01    8.0091292058e-01    6.7200000000e+02    2.0827875923e-02    5.7088913690e-01
       299   -5.9097890637e+00    3.4966633958e+01   -9.6379472662e+00    3.7281582025e+00    7.7181020818e+00    7.0352107511e+00   -2.5200409563e+01    8.0914946369e-01    6.7200000000e+02    2.0849593455e-02    5.7265997024e-01
       300   -5.9287714213e+00    3.5185036942e+01   -9.6567913836e+00    3.7280199622e+00    7.6341169413e+00    7.0352107511e+00   -2.5043666040e+01    7.1754696452e-01    6.7200000000e+02    2.0783232436e-02    5.6805431548e-01
       301   -5.9182937926e+00    3.5054569695e+01   -9.6497915833e+00    3.7314977907e+00    7.7319128943e+00    7.0352107511e+00   -2.5285495383e+01    8.6858015444e-01    6.7200000000e+02    2.0825422369e-02    5.7077008929e-01
       302   -5.9167232441e+00    3.5042121049e+01   -9.7054760758e+00    3.7887528317e+00    7.6933796166e+00    7.0352107511e+00   -2.5150622621e+01    7.1655617744e-01    6.7200000000e+02    2.0838830337e-02    5.7214285714e-01
       303   -5.9178509434e+00    3.5049576136e+01   -9.6909424161e+00    3.7730914727e+00    7.6858571898e+00    7.0352107511e+00   -2.5232002452e+01    8.1999209470e-01    6.7200000000e+02    2.0826723831e-02    5.7328497024e-01
       304   -5.8993895306e+00    3.4836700128e+01   -9.6774552803e+00    3.7780657497e+00    7.6454054876e+00    7.0352107511e+00   -2.5152146212e+01    7.9407469255e-01    6.7200000000e+02    2.0745955406e-02    5.7216145833e-01
       305   -5.9203040571e+00    3.5078020911e+01   -9.4615586723e+00    3.5412546152e+00    7.6808103188e+00    7.0352107511e+00   -2.4953653587e+01    7.7607384439e-01    6.7200000000e+02    2.0764599848e-02    5.7247767857e-01
       306   -5.9240371521e+00    3.5126371744e+01   -9.7148973827e+00    3.7908602305e+00    7.7646770726e+00    7.0352107511e+00   -2.5197458535e+01    6.8267332879e-01    6.7200000000e+02    2.0778104966e-02    5.7078497024e-01
       307   -5.9217784314e+00    3.5103137659e+01   -9.6592164349e+00    3.7374380035e+00    7.7087165756e+00    7.0352107511e+00   -2.5193253659e+01    7.9010989708e-01    6.7200000000e+02    2.0843521544e-02    5.7281250000e-01
       308   -5.9132295775e+00    3.4997305831e+01   -9.6718075388e+00    3.7585779613e+00    7.7269980093e+00    7.0352107511e+00   -2.5136803537e+01    7.0278723764e-01    6.7200000000e+02    2.0858138722e-02    5.7319940476e-01
       309   -5.9160626117e+00    3.5029708775e+01   -9.7642506754e+00    3.8481880637e+00    7.7952284642e+00    7.0352107511e+00   -2.5449400993e+01    8.5471110241e-01    6.7200000000e+02    2.0873430100e-02    5.7328869048e-01
       310   -5.9031710192e+00    3.4871856104e+01   -9.6859903293e+00    3.7828193101e+00    7.6954434545e+00    7.0352107511e+00   -2.5129670398e+01    7.1302586316e-01    6.7200000000e+02    2.0815319563e-02    5.7356026786e-01
       311   -5.9115178241e+00    3.4982121923e+01   -9.6821768828e+00    3.7706590587e+00    7.7392215828e+00    7.0352107511e+00   -2.5352165477e+01    8.9555626010e-01    6.7200000000e+02    2.0822945508e-02    5.7161458333e-01
       312   -5.9101972037e+00    3.4984222121e+01   -9.6184707997e+00    3.7082735960e+00    7.6949485098e+00    7.0352107511e+00   -2.5052046360e+01    7.0341629978e-01    6.7200000000e+02    2.0771957557e-02    5.7034598214e-01
       313   -5.9244240020e+00    3.5132895054e+01   -9.6734197519e+00    3.7489957499e+00    7.6667186001e+00    7.0352107511e+00   -2.5343918811e+01    9.6856970826e-01    6.7200000000e+02    2.0825676124e-02    5.7359002976e-01
       314   -5.9160830144e+00    3.5024872051e+01   -9.6608985512e+00    3.7448155368e+00    7.7071471174e+00    7.0352107511e+00   -2.5167507789e+01    7.6425136903e-01    6.7200000000e+02    2.0813190920e-02    5.7278273810e-01
       315   -5.9206883336e+00    3.5089290188e+01   -9.6784784046e+00    3.7577900710e+00    7.6524976251e+00    7.0352107511e+00   -2.5156757546e+01    7.9057076524e-01    6.7200000000e+02    2.0786837086e-02    5.7276041667e-01
       316   -5.9157442196e+00    3.5031483721e+01   -9.7437794769e+00    3.8280352573e+00    7.6683673145e+00    7.0352107511e+00   -2.5253104094e+01    8.0574655102e-01    6.7200000000e+02    2.0822840499e-02    5.7088169643e-01
       317   -5.9207469731e+00    3.5093095713e+01   -9.9517730545e+00    4.0310260814e+00    7.7204895788e+00    7.0352107511e+00   -2.5471781938e+01    7.6430855394e-01    6.7200000000e+02    2.0825671698e-02    5.7161086310e-01
       318   -5.9185671129e+00    3.5057736018e+01   -9.6549804585e+00    3.7364133456e+00    7.5985452949e+00    7.0352107511e+00   -2.5033845888e+01    7.4510938323e-01    6.7200000000e+02    2.0798147893e-02    5.7096726190e-01
       319   -5.9231506766e+00    3.5112897439e+01   -9.7666406345e+00    3.8434899579e+00    7.6742223164e+00    7.0352107511e+00   -2.5184263339e+01    7.0818963669e-01    6.7200000000e+02    2.0737246101e-02    5.7018973214e-01
       320   -5.9104496828e+00    3.4965769839e+01   -9.7597097020e+00    3.8492600192e+00    7.7235963042e+00    7.0352107511e+00   -2.5275559579e+01    7.5704282139e-01    6.7200000000e+02    2.0790903848e-02    5.6969122024e-01
       321   -5.9161997975e+00    3.5036579806e+01   -9.7488088571e+00    3.8326090597e+00    7.6174790604e+00    7.0352107511e+00   -2.5092323968e+01    6.9082529984e-01    6.7200000000e+02    2.0767962498e-02    5.7104166667e-01
       322   -5.9118036434e+00    3.4979982376e+01   -9.7343697545e+00    3.8225661111e+00    7.7257313027e+00    7.0352107511e+00   -2.5315106770e+01    8.1979496175e-01    6.7200000000e+02    2.0812173801e-02    5.7155877976e-01
       323   -5.9087789266e+00    3.4947270240e+01   -9.7951408911e+00    3.8863619645e+00    7.6958882022e+00    7.0352107511e+00   -2.5302375430e+01    7.7613558519e-01    6.7200000000e+02    2.0832823530e-02    5.6994791667e-01
       324   -5.9207899143e+00    3.5098494841e+01   -9.6902262984e+00    3.7694363841e+00    7.6690965234e+00    7.0352107511e+00   -2.5113786023e+01    7.1925245014e-01    6.7200000000e+02    2.0796982802e-02    5.7154017857e-01
       325   -5.9194448384e+00    3.5067186713e+01   -9.7253038939e+00    3.8058590555e+00    7.7636505380e+00    7.0352107511e+00   -2.5233861036e+01    7.0969585295e-01    6.7200000000e+02    2.0821940276e-02    5.7343005952e-01
       326   -5.9250806507e+00    3.5139210607e+01   -9.6805213322e+00    3.7554406815e+00    7.6442014495e+00    7.0352107511e+00   -2.5172122941e+01    8.1218940811e-01    6.7200000000e+02    2.0786992587e-02    5.7141741071e-01
       327   -5.9180461779e+00    3.5048620327e+01   -9.6367128459e+00    3.7186666681e+00    7.6293435067e+00    7.0352107511e+00   -2.4988900598e+01    6.8763349389e-01    6.7200000000e+02    2.0782433382e-02    5.7353422619e-01
       328   -5.9249147315e+00    3.5138623779e+01   -9.7150288218e+00    3.7901140903e+00    7.7185300086e+00    7.0352107511e+00   -2.5269524218e+01    8.0075463687e-01    6.7200000000e+02    2.0817794580e-02    5.7136532738e-01
       329   -5.9076109280e+00    3.4936939118e+01   -9.6101030921e+00    3.7024921642e+00    7.6766808550e+00    7.0352107511e+00   -2.4973452203e+01    6.5145750502e-01    6.7200000000e+02    2.0843740510e-02    5.7147321429e-01
       330   -5.9132722968e+00    3.4995988573e+01   -9.7513609350e+00    3.8380886382e+00    7.7111765511e+00    7.0352107511e+00   -2.5303472351e+01    8.0572411418e-01    6.7200000000e+02    2.0824067704e-02    5.7066592262e-01
       331   -5.9159688910e+00    3.5034982620e+01   -9.6993972223e+00    3.7834283314e+00    7.6893444779e+00    7.0352107511e+00   -2.5184751744e+01    7.6079929217e-01    6.7200000000e+02    2.0786980468e-02    5.7092633929e-01
       332   -5.8983369534e+00    3.4821267239e+01   -9.7636139143e+00    3.8652769609e+00    7.6977765766e+00    7.0352107511e+00   -2.5247139469e+01    7.5053822683e-01    6.7200000000e+02    2.0820651123e-02    5.7271949405e-01
       333   -5.9142164947e+00    3.5013751095e+01   -9.5835299576e+00    3.6693134630e+00    7.6119869337e+00    7.0352107511e+00   -2.4971106451e+01    7.4037880816e-01    6.7200000000e+02    2.0788906532e-02    5.7127604167e-01
       334   -5.9217866666e+00    3.5094298713e+01   -9.6042565330e+00    3.6824698664e+00    7.6854796652e+00    7.0352107511e+00   -2.5118141950e+01    7.9319500038e-01    6.7200000000e+02    2.0817693624e-02    5.7282738095e-01
       335   -5.9120347660e+00    3.4976842771e+01   -9.6716398033e+00    3.7596050372e+00    7.7467164092e+00    7.0352107511e+00   -2.5188087424e+01    7.3452046071e-01    6.7200000000e+02    2.0823856476e-02    5.7353794643e-01
       336   -5.9151789283e+00    3.5038326517e+01   -9.6573603323e+00    3.7421814040e+00    7.6789848641e+00    7.0352107511e+00   -2.5244707745e+01    8.7315179752e-01    6.7200000000e+02    2.0815486704e-02    5.7279761905e-01
       337   -5.9151479538e+00    3.5012652597e+01   -9.6986704617e+00    3.7835225079e+00    7.7031813295e+00    7.0352107511e+00   -2.5331083556e+01    8.9402101408e-01    6.7200000000e+02    2.0826683329e-02    5.7234375000e-01
       338   -5.9257257665e+00    3.5139928092e+01   -9.6290594351e+00    3.7033336686e+00    7.6969861596e+00    7.0352107511e+00   -2.5037123285e+01    6.7586693874e-01    6.7200000000e+02    2.0825151996e-02    5.7278273810e-01
       339   -5.9097090775e+00    3.4965516256e+01   -9.6704793412e+00    3.7607702638e+00    7.7243708878e+00    7.0352107511e+00   -2.5114173461e+01    6.8411248126e-01    6.7200000000e+02    2.0792483855e-02    5.7106026786e-01
       340   -5.8964384018e+00    3.4822156474e+01   -9.5114937875e+00    3.6150553858e+00    7.7393828143e+00    7.0352107511e+00   -2.5167368572e+01    8.8128121942e-01    6.7200000000e+02    2.0822965893e-02    5.7149181548e-01
       341   -5.9154947755e+00    3.5018895321e+01   -9.6752737706e+00    3.7597789951e+00    7.7411519926e+00    7.0352107511e+00   -2.5156518317e+01    7.0488180320e-01    6.7200000000e+02    2.0818293881e-02    5.7306547619e-01
       342   -5.9308315532e+00    3.5203613735e+01   -9.7439413916e+00    3.8131098384e+00    7.7172760851e+00    7.0352107511e+00   -2.5222085542e+01    7.2565731416e-01    6.7200000000e+02    2.0793265801e-02    5.7091517857e-01
       343   -5.9063126500e+00    3.4910066810e+01   -9.7049480540e+00    3.7986354039e+00    7.7049589664e+00    7.0352107511e+00   -2.5319446727e+01    8.7432895596e-01    6.7200000000e+02    2.0828864466e-02    5.7180059524e-01
       344   -5.9221338317e+00    3.5108009955e+01   -9.6596833143e+00    3.7375494826e+00    7.6980013976e+00    7.0352107511e+00   -2.5194805261e+01    8.0190979792e-01    6.7200000000e+02    2.0741789928e-02    5.6905505952e-01
       345   -5.9229059986e+00    3.5110517349e+01   -9.7491898123e+00    3.8262838137e+00    7.6847423271e+00    7.0352107511e+00   -2.5193219746e+01    7.2407685493e-01    6.7200000000e+02    2.0827587501e-02    5.7279389881e-01
       346   -5.9130951360e+00    3.4995985637e+01   -9.6113976740e+00    3.6983025380e+00    7.7325238273e+00    7.0352107511e+00   -2.5134769630e+01    7.5563737718e-01    6.7200000000e+02    2.0796023591e-02    5.7107514881e-01
       347   -5.9148865505e+00    3.5015564905e+01   -9.6382105276e+00    3.7233239771e+00    7.6786919416e+00    7.0352107511e+00   -2.5218105757e+01    8.6599253699e-01    6.7200000000e+02    2.0789612149e-02    5.7216889881e-01
       348   -5.9167484101e+00    3.5040542511e+01   -9.7329955340e+00    3.8162471238e+00    7.7302861854e+00    7.0352107511e+00   -2.5240964780e+01    7.4247230951e-01    6.7200000000e+02    2.0808394972e-02    5.7230282738e-01
       349   -5.9190125993e+00    3.5065157740e+01   -9.7809376036e+00    3.8619250043e+00    7.6773532098e+00    7.0352107511e+00   -2.5196913931e+01    7.0341236640e-01    6.7200000000e+02    2.0814041122e-02    5.7129836310e-01
       350   -5.9176799677e+00    3.5049862856e+01   -9.6614337067e+00    3.7437537390e+00    7.6786506110e+00    7.0352107511e+00   -2.5101670921e+01    7.2637585248e-01    6.7200000000e+02    2.0843102227e-02    5.7287946429e-01
       351   -5.9233970902e+00    3.5121892059e+01   -9.7275834454e+00    3.8041863552e+00    7.6858479371e+00    7.0352107511e+00   -2.5192767614e+01    7.4412548047e-01    6.7200000000e+02    2.0826019812e-02    5.7101934524e-01
       352   -5.9160310426e+00    3.5045459657e+01   -9.6567627486e+00    3.7407317060e+00    7.7095062273e+00    7.0352107511e+00   -2.5278322788e+01    8.7684306055e-01    6.7200000000e+02    2.0856660893e-02    5.7217633929e-01
       353   -5.9201855605e+00    3.5085448915e+01   -9.6353480713e+00    3.7151625108e+00    7.6759561370e+00    7.0352107511e+00   -2.5055162892e+01    7.0864793245e-01    6.7200000000e+02    2.0755323206e-02    5.7102678571e-01
       354   -5.9173333904e+00    3.5041766077e+01   -9.6485643165e+00    3.7312309260e+00    7.6757093364e+00    7.0352107511e+00   -2.5117804186e+01    7.5831978164e-01    6.7200000000e+02    2.0832183313e-02    5.7246651786e-01
       355   -5.9127030726e+00    3.4989954749e+01   -9.7269659834e+00    3.8142629109e+00    7.6949990909e+00    7.0352107511e+00   -2.5178362360e+01    7.2118653509e-01    6.7200000000e+02    2.0761871619e-02    5.7174479167e-01
       356   -5.9108344175e+00    3.4977095928e+01   -9.8164605595e+00    3.9056261421e+00    7.7210752117e+00    7.0352107511e+00   -2.5306852375e+01    7.3410585293e-01    6.7200000000e+02    2.0768596393e-02    5.6990699405e-01
       357   -5.9116324244e+00    3.4980936002e+01   -9.5896027327e+00    3.6779703083e+00    7.6635475301e+00    7.0352107511e+00   -2.5083209456e+01    7.9484844167e-01    6.7200000000e+02    2.0785049231e-02    5.7188244048e-01
       358   -5.9097168772e+00    3.4967997570e+01   -9.5202949802e+00    3.6105781030e+00    7.6652338352e+00    7.0352107511e+00   -2.4991598419e+01    7.7085885240e-01    6.7200000000e+02    2.0795946308e-02    5.6952008929e-01
       359   -5.9154758277e+00    3.5028103829e+01   -9.8218670144e+00    3.9063911867e+00    7.6755785064e+00    7.0352107511e+00   -2.5198786608e+01    6.6613033640e-01    6.7200000000e+02    2.0810344850e-02    5.7033482143e-01
       360   -5.9204397529e+00    3.5079319014e+01   -9.5457899520e+00    3.6253501991e+00    7.6890900105e+00    7.0352107511e+00   -2.5087791569e+01    8.1770085546e-01    6.7200000000e+02    2.0781176355e-02    5.7052455357e-01
       361   -5.9171720396e+00    3.5052432795e+01   -9.8207561991e+00    3.9035841596e+00    7.6646051740e+00    7.0352107511e+00   -2.5289342693e+01    7.6877056864e-01    6.7200000000e+02    2.0814750345e-02    5.7295386905e-01
       362   -5.9186363774e+00    3.5064709679e+01   -9.7466372274e+00    3.8280008500e+00    7.7005833854e+00    7.0352107511e+00   -2.5236303154e+01    7.5387179003e-01    6.7200000000e+02    2.0812427688e-02    5.7192708333e-01
       363   -5.9239233520e+00    3.5127345889e+01   -9.7503446124e+00    3.8264212604e+00    7.6712911605e+00    7.0352107511e+00   -2.5202247683e+01    7.4540115862e-01    6.7200000000e+02    2.0783643613e-02    5.7175595238e-01
       364   -5.9184365993e+00    3.5055255311e+01   -9.6584512952e+00    3.7400146959e+00    7.7033991426e+00    7.0352107511e+00   -2.5056530334e+01    6.5946914480e-01    6.7200000000e+02    2.0812339687e-02    5.7170014881e-01
       365   -5.9170608037e+00    3.5041649626e+01   -9.7469973346e+00    3.8299365309e+00    7.6898387842e+00    7.0352107511e+00   -2.5332439867e+01    8.6039299662e-01    6.7200000000e+02    2.0789503117e-02    5.7159970238e-01
       366   -5.9226486786e+00    3.5108643666e+01   -9.6104717218e+00    3.6878230432e+00    7.6332529868e+00    7.0352107511e+00   -2.4985367986e+01    7.0643252641e-01    6.7200000000e+02    2.0811105853e-02    5.7120907738e-01
       367   -5.9337256901e+00    3.5335981900e+01   -9.7300953765e+00    3.7963696864e+00    7.7277243964e+00    7.0352107511e+00   -2.5349508261e+01    8.5647773684e-01    6.7200000000e+02    2.0830359064e-02    5.7329241071e-01
       368   -5.9067283537e+00    3.4917250732e+01   -9.6891588351e+00    3.7824304814e+00    7.6647826892e+00    7.0352107511e+00   -2.5242668351e+01    8.5351607515e-01    6.7200000000e+02    2.0791569692e-02    5.7113839286e-01
       369   -5.9188830901e+00    3.5064318719e+01   -9.5988813011e+00    3.6799982109e+00    7.7088223483e+00    7.0352107511e+00   -2.5102473951e+01    7.5955955044e-01    6.7200000000e+02    2.0802124344e-02    5.7191592262e-01
       370   -5.9217608435e+00    3.5098962003e+01   -9.5617323444e+00    3.6399715009e+00    7.7120409612e+00    7.0352107511e+00   -2.5043722102e+01    7.3473804542e-01    6.7200000000e+02    2.0775051986e-02    5.7139508929e-01
       371   -5.9175421430e+00    3.5054059242e+01   -9.5476454736e+00    3.6301033306e+00    7.6913872369e+00    7.0352107511e+00   -2.5074788765e+01    8.0054530356e-01    6.7200000000e+02    2.0795049308e-02    5.7261160714e-01
       372   -5.9122011664e+00    3.4997914976e+01   -9.5101459825e+00    3.5979448160e+00    7.7156228291e+00    7.0352107511e+00   -2.5043467784e+01    7.8248822159e-01    6.7200000000e+02    2.0800830795e-02    5.7129836310e-01
       373   -5.9251207945e+00    3.5133824953e+01   -9.8532769091e+00    3.9281561145e+00    7.6370516537e+00    7.0352107511e+00   -2.5297350334e+01    7.7181102040e-01    6.7200000000e+02    2.0777837895e-02    5.7198660714e-01
       374   -5.9252210744e+00    3.5136978391e+01   -9.7519538366e+00    3.8267327622e+00    7.6194003966e+00    7.0352107511e+00   -2.5103313813e+01    6.9674882822e-01    6.7200000000e+02    2.0774310895e-02    5.7253348214e-01
       375   -5.9122482859e+00    3.4984148594e+01   -9.5583012648e+00    3.6460529789e+00    7.7138256597e+00    7.0352107511e+00   -2.4959093991e+01    6.5175631569e-01    6.7200000000e+02    2.0796056150e-02    5.7345238095e-01
       376   -5.9197897348e+00    3.5069096848e+01   -9.7888939580e+00    3.8691042232e+00    7.6836807928e+00    7.0352107511e+00   -2.5234318145e+01    7.2653264270e-01    6.7200000000e+02    2.0813343754e-02    5.7102678571e-01
       377   -5.9166681891e+00    3.5036834922e+01   -9.6800365627e+00    3.7633683737e+00    7.6860390691e+00    7.0352107511e+00   -2.5154385635e+01    7.5309925212e-01    6.7200000000e+02    2.0821380590e-02    5.7128720238e-01
       378   -5.9221635504e+00    3.5110205315e+01   -9.5816574560e+00    3.6594939057e+00    7.6907503307e+00    7.0352107511e+00   -2.5093603161e+01    7.8598462361e-01    6.7200000000e+02    2.0830026043e-02    5.7146577381e-01
       379   -5.9326819425e+00    3.5255387590e+01   -9.7193544131e+00    3.7866724706e+00    7.6876302222e+00    7.0352107511e+00   -2.5334198017e+01    8.9200263076e-01    6.7200000000e+02    2.0791369771e-02    5.7244419643e-01
       380   -5.9213192604e+00    3.5092730519e+01   -9.7833535925e+00    3.8620343320e+00    7.6960003134e+00    7.0352107511e+00   -2.5284363757e+01    7.6979910043e-01    6.7200000000e+02    2.0842690729e-02    5.7355654762e-01
       381   -5.9242947763e+00    3.5126096007e+01   -9.7249462665e+00    3.8006514902e+00    7.7279941798e+00    7.0352107511e+00   -2.5286726028e+01    7.9857483018e-01    6.7200000000e+02    2.0834376968e-02    5.7012648810e-01
       382   -5.9096823285e+00    3.4951580418e+01   -9.7494160316e+00    3.8397337030e+00    7.6704411185e+00    7.0352107511e+00   -2.5244092722e+01    7.8902482117e-01    6.7200000000e+02    2.0840219090e-02    5.7299851190e-01
       383   -5.9141679920e+00    3.5002848925e+01   -9.6514972094e+00    3.7373292174e+00    7.6557689515e+00    7.0352107511e+00   -2.5056938053e+01    7.1446114081e-01    6.7200000000e+02    2.0785693666e-02    5.7234747024e-01
       384   -5.9186686981e+00    3.5058413706e+01   -9.7378780193e+00    3.8192093213e+00    7.6758480398e+00    7.0352107511e+00   -2.5112612084e+01    6.6367527426e-01    6.7200000000e+02    2.0819660908e-02    5.7163690476e-01
       385   -5.9182872465e+00    3.5056425756e+01   -9.7458758690e+00    3.8275886225e+00    7.7071747132e+00    7.0352107511e+00   -2.5256848460e+01    7.6858712634e-01    6.7200000000e+02    2.0749001601e-02    5.7104538690e-01
       386   -5.9174060928e+00    3.5044037178e+01   -9.5235268802e+00    3.6061207874e+00    7.7015689923e+00    7.0352107511e+00   -2.5097068986e+01    8.3676236211e-01    6.7200000000e+02    2.0810793553e-02    5.6968750000e-01
       387   -5.9077974526e+00    3.4926674602e+01   -9.7106477669e+00    3.8028503143e+00    7.6785956547e+00    7.0352107511e+00   -2.5141724153e+01    7.1726998074e-01    6.7200000000e+02    2.0819990683e-02    5.7200892857e-01
       388   -5.9186136077e+00    3.5060237464e+01   -9.7380933279e+00    3.8194797202e+00    7.6459985406e+00    7.0352107511e+00   -2.5095620717e+01    6.7631809760e-01    6.7200000000e+02    2.0782877550e-02    5.7270089286e-01
       389   -5.9180503621e+00    3.5060479036e+01   -9.6123313272e+00    3.6942809651e+00    7.7206956875e+00    7.0352107511e+00   -2.5253882705e+01    8.8564493920e-01    6.7200000000e+02    2.0851843184e-02    5.7017857143e-01
       390   -5.9213528493e+00    3.5104866633e+01   -9.6244906947e+00    3.7031378455e+00    7.7129086397e+00    7.0352107511e+00   -2.5273482233e+01    9.0087214690e-01    6.7200000000e+02    2.0828632727e-02    5.7318080357e-01
       391   -5.9165898734e+00    3.5035807025e+01   -9.7212023118e+00    3.8046124384e+00    7.7540002250e+00    7.0352107511e+00   -2.5211518920e+01    7.0110563216e-01    6.7200000000e+02    2.0855774042e-02    5.6969866071e-01
       392   -5.9111754847e+00    3.4968993850e+01   -9.6804497820e+00    3.7692742973e+00    7.7061688701e+00    7.0352107511e+00   -2.5187376099e+01    7.6554669525e-01    6.7200000000e+02    2.0809380346e-02    5.7304315476e-01
       393   -5.9104817207e+00    3.4964926452e+01   -9.7007760365e+00    3.7902943158e+00    7.7220180979e+00    7.0352107511e+00   -2.5192507770e+01    7.3450288482e-01    6.7200000000e+02    2.0835013606e-02    5.7114955357e-01
       394   -5.9212237445e+00    3.5091454080e+01   -9.8354871523e+00    3.9142634078e+00    7.6850475195e+00    7.0352107511e+00   -2.5269484290e+01    7.1373886703e-01    6.7200000000e+02    2.0795827898e-02    5.7220238095e-01
       395   -5.9129663341e+00    3.4999228972e+01   -9.6103291377e+00    3.6973628036e+00    7.6842933336e+00    7.0352107511e+00   -2.5150773511e+01    8.2094028914e-01    6.7200000000e+02    2.0813687084e-02    5.7193452381e-01
       396   -5.9159599514e+00    3.5027432367e+01   -9.6311645162e+00    3.7152045648e+00    7.6765785148e+00    7.0352107511e+00   -2.5108988007e+01    7.6603422522e-01    6.7200000000e+02    2.0776424826e-02    5.7163690476e-01
       397   -5.9225632190e+00    3.5107818238e+01   -9.7338656459e+00    3.8113024269e+00    7.7417107551e+00    7.0352107511e+00   -2.5330316584e+01    8.1952943138e-01    6.7200000000e+02    2.0800846054e-02    5.7087425595e-01
       398   -5.9182388837e+00    3.5051284780e+01   -9.6156541155e+00    3.6974152318e+00    7.7027640498e+00    7.0352107511e+00   -2.5048440369e+01    6.9481145302e-01    6.7200000000e+02    2.0762681209e-02    5.7002604167e-01
       399   -5.9191666923e+00    3.5066721942e+01   -9.7535010827e+00    3.8343343904e+00    7.7265729682e+00    7.0352107511e+00   -2.5352216644e+01    8.3693184191e-01    6.7200000000e+02    2.0816701501e-02    5.7309523810e-01
